Data export from TecQuipment CE2000

Data series 1

    Time    speed position Func. Gen.     Load 
     0.00    0.895   10.040    0.830    0.996
     0.07    0.895   10.040    1.007    0.993
     0.13    0.875   10.040    0.931    0.989
     0.20    0.870   10.040    1.114    0.984
     0.26    0.870   10.040    0.738    0.978
     0.33    0.875   10.040    1.127    0.972
     0.40    0.855   10.040    1.444    0.965
     0.46    0.875   10.040    0.789    0.957
     0.53    0.910   10.040    0.882    0.948
     0.59    0.890   10.040    0.528    0.938
     0.66    0.855   10.040    1.382    0.928
     0.73    0.825   10.040    1.857    0.917
     0.79    0.880   10.040    0.715    0.905
     0.86    0.950   10.040    1.183    0.892
     0.92    0.935   10.040    0.779    0.879
     0.99    0.935   10.040    1.047    0.865
     1.06    0.915   10.040    1.376    0.851
     1.12    0.920   10.040    0.767    0.836
     1.19    0.940   10.040    1.065    0.820
     1.25    0.920   10.040    1.171    0.804
     1.32    0.925   10.040    1.104    0.787
     1.39    0.940   10.040    1.412    0.770
     1.45    0.955   10.040    1.475    0.752
     1.52    0.995   10.040    1.201    0.734
     1.58    1.035   10.040    0.987    0.716
     1.65    1.045   10.040    1.119    0.697
     1.72    1.030   10.040    1.138    0.678
     1.78    1.020   10.040    1.355    0.658
     1.85    1.025   10.040    1.048    0.638
     1.91    1.040   10.040    1.179    0.618
     1.98    1.040   10.040    0.824    0.598
     2.05    1.030   10.040    1.848    0.578
     2.11    1.020   10.040    0.994    0.557
     2.18    1.075   10.040    0.918    0.536
     2.24    1.065   10.040    1.031    0.516
     2.31    1.040   10.040    0.309    0.495
     2.38    1.000   10.040    0.629    0.474
     2.44    0.915   10.040    1.119    0.454
     2.51    0.865   10.040    1.061    0.433
     2.57    0.875   10.040    0.527    0.412
     2.64    0.875   10.040    0.945    0.392
     2.71    0.840   10.040    1.102    0.372
     2.77    0.835   10.040    1.111    0.352
     2.84    0.850   10.040    1.206    0.332
     2.90    0.875   10.040    1.199    0.313
     2.97    0.905   10.040    0.806    0.294
     3.04    0.930   10.040    1.020    0.275
     3.10    0.915   10.040    1.044    0.257
     3.17    0.910   10.040    0.996    0.239
     3.23    0.910   10.040    0.545    0.222
     3.30    0.900   10.040    0.684    0.205
     3.37    0.850   10.040    1.488    0.188
     3.43    0.835   10.040    1.045    0.172
     3.50    0.885   10.040    1.084    0.157
     3.56    0.905   10.040    0.808    0.142
     3.63    0.905   10.040    0.478    0.128
     3.70    0.880   10.040    0.904    0.114
     3.76    0.830   10.040    1.727    0.101
     3.83    0.840   10.040    0.658    0.089
     3.89    0.905   10.040    1.202    0.078
     3.96    0.890   10.040    1.063    0.067
     4.03    0.910   10.040    0.733    0.057
     4.09    0.915   10.040    1.138    0.048
     4.16    0.895   10.040    1.177    0.039
     4.22    0.905   10.040    0.697    0.032
     4.29    0.915   10.040    1.398    0.025
     4.36    0.895   10.040    0.879    0.019
     4.42    0.930   10.040    1.000    0.014
     4.49    0.925   10.040    1.082    0.009
     4.55    0.925   10.040    0.473    0.006
     4.62    0.910   10.040    0.990    0.003
     4.69    0.860   10.040    0.763    0.001
     4.75    0.850   10.040    1.010    0.000
     4.82    0.840   10.040    1.247    0.000
     4.88    0.850   10.040    1.466    0.001
     4.95    0.890   10.040    1.137    0.002
     5.02    0.940   10.040    0.872    0.005
     5.08    0.950   10.040    0.627    0.008
     5.15    0.930   10.040    1.284    0.012
     5.21    0.895   10.040    1.125    0.017
     5.28    0.920   10.040    0.745    0.023
     5.35    0.925   10.040    1.563    0.030
     5.41    0.915   10.040    1.140    0.037
     5.48    0.965   10.040    1.139    0.045
     5.54    0.990   10.040    1.137    0.054
     5.61    0.995   10.040    0.123    0.064
     5.68    0.975   10.040    1.543    0.075
     5.74    0.895   10.040    0.758    0.086
     5.81    0.925   10.040    1.077    0.098
     5.87    0.915   10.040    1.245    0.111
     5.94    0.925   10.040    0.559    0.124
     6.01    0.930   10.040    0.804    0.138
     6.07    0.885   10.040    0.856    0.153
     6.14    0.855   10.040    1.157    0.168
     6.20    0.855   10.040    1.563    0.184
     6.27    0.890   10.040    0.762    0.200
     6.34    0.940   10.040    1.118    0.217
     6.40    0.925   10.040    0.458    0.234
     6.47    0.915   10.040    1.654    0.252
     6.53    0.885   10.040    0.865    0.270
     6.60    0.935   10.040    1.274    0.289
     6.67    0.940   10.040    1.200    0.308
     6.73    0.960   10.040    0.741    0.327
     6.80    0.965   10.040    1.173    0.347
     6.86    0.945   10.040    1.252    0.367
     6.93    0.960   10.040    0.973    0.387
     7.00    0.980   10.040    0.625    0.407
     7.06    0.960   10.040    1.328    0.427
     7.13    0.925   10.040    1.245    0.448
     7.19    0.950   10.040    0.657    0.469
     7.26    0.970   10.040    0.748    0.489
     7.33    0.930   10.040    0.966    0.510
     7.39    0.890   10.040    1.132    0.531
     7.46    0.885   10.040    0.833    0.551
     7.52    0.890   10.040    0.944    0.572
     7.59    0.880   10.040    0.803    0.592
     7.66    0.870   10.040    1.224    0.613
     7.72    0.860   10.040    0.872    0.633
     7.79    0.875   10.040    1.190    0.653
     7.85    0.875   10.040    1.052    0.672
     7.92    0.895   10.040    0.349    0.692
     7.99    0.885   10.040    1.016    0.711
     8.05    0.830   10.040    1.353    0.729
     8.12    0.835   10.040    1.837    0.747
     8.18    0.895   10.040    0.937    0.765
     8.25    0.975   10.040    0.794    0.783
     8.32    0.970   10.040    0.944    0.799
     8.38    0.940   10.040    0.613    0.816
     8.45    0.915   10.040    0.766    0.832
     8.51    0.865   10.040    1.107    0.847
     8.58    0.840   10.040    1.532    0.861
     8.65    0.865   10.040    0.913    0.875
     8.71    0.925   10.040    1.716    0.889
     8.78    0.940   10.040    1.642    0.902
     8.84    1.010   10.040    0.827    0.914
     8.91    1.060   10.040    1.102    0.925
     8.98    1.035   10.040    0.516    0.935
     9.04    1.005   10.040    0.625    0.945
     9.11    0.935   10.040    0.765    0.954
     9.17    0.875   10.040    1.456    0.963
     9.24    0.860   10.040    1.495    0.970
     9.31    0.910   10.040    1.571    0.977
     9.37    0.980   10.040    0.924    0.983
     9.44    1.025   10.040    0.912    0.988
     9.50    1.005   10.040    0.335    0.992
     9.57    0.955   10.040    1.364    0.995
     9.64    0.890   10.040    1.273    0.998
     9.70    0.920   10.040    1.489    0.999
     9.77    0.960   10.040    1.148    1.000
     9.83    0.995   10.040    1.009    1.000
     9.90    1.000   10.040    0.925    0.999
     9.97    0.980   10.040    0.702    0.997
    10.03    0.955   10.040    1.232    0.994
    10.10    0.920   10.040    1.052    0.991
    10.16    0.930   10.040    0.549    0.987
    10.23    0.915   10.040    1.311    0.981
    10.30    0.880   10.040    1.150    0.975
    10.36    0.905   10.040    0.655    0.968
    10.43    0.915   10.040    0.792    0.961
    10.49    0.875   10.040    1.073    0.952
    10.56    0.855   10.040    0.818    0.943
    10.63    0.855   10.040    0.689    0.933
    10.69    0.835   10.040    1.690    0.923
    10.76    0.830   10.040    1.157    0.911
    10.82    0.905   10.040    0.917    0.899
    10.89    0.920   10.040    0.810    0.886
    10.96    0.905   10.040    1.423    0.873
    11.02    0.895   10.040    0.894    0.858
    11.09    0.930   10.040    1.311    0.844
    11.15    0.930   10.040    0.547    0.828
    11.22    0.935   10.040    1.395    0.812
    11.29    0.905   10.040    0.864    0.796
    11.35    0.925   10.040    1.133    0.779
    11.42    0.920   10.040    0.381    0.762
    11.48    0.910   10.040    0.321    0.744
    11.55    0.835   10.040    0.973    0.725
    11.62    0.765   10.040    0.864    0.707
    11.68    0.760   10.040    0.833    0.688
    11.75    0.765   10.040    0.971    0.668
    11.81    0.760   10.040    0.875    0.649
    11.88    0.775   10.040    1.421    0.629
    11.95    0.790   10.040    0.212    0.608
    12.01    0.815   10.040    0.592    0.588
    12.08    0.750   10.040    0.721    0.568
    12.14    0.705   10.040    0.902    0.547
    12.21    0.695   10.040    0.362    0.526
    12.28    0.695   10.040    0.991    0.506
    12.34    0.660   10.040    1.572    0.485
    12.41    0.700   10.040    0.673    0.464
    12.47    0.765   10.040    1.083    0.444
    12.54    0.765   10.040    1.282    0.423
    12.61    0.790   10.040    1.154    0.403
    12.67    0.840   10.040    0.452    0.382
    12.74    0.855   10.040    1.215    0.362
    12.80    0.820   10.040    0.638    0.343
    12.87    0.830   10.040    0.605    0.323
    12.94    0.800   10.040    1.055    0.304
    13.00    0.770   10.040    1.049    0.285
    13.07    0.790   10.040    0.706    0.266
    13.13    0.805   10.040    1.559    0.248
    13.20    0.810   10.040    1.483    0.230
    13.27    0.880   10.040    0.748    0.213
    13.33    0.930   10.040    1.027    0.197
    13.40    0.910   10.040    0.896    0.180
    13.46    0.905   10.040    0.002    0.165
    13.53    0.875   10.040    0.764    0.150
    13.60    0.775   10.040    1.116    0.135
    13.66    0.755   10.040    1.159    0.121
    13.73    0.780   10.040    0.897    0.108
    13.79    0.815   10.040    0.918    0.095
    13.86    0.820   10.040    1.214    0.084
    13.93    0.830   10.040    0.638    0.073
    13.99    0.855   10.040    0.885    0.062
    14.06    0.830   10.040    0.822    0.053
    14.12    0.820   10.040    0.703    0.044
    14.19    0.800   10.040    0.451    0.036
    14.26    0.775   10.040    0.869    0.028
    14.32    0.735   10.040    0.623    0.022
    14.39    0.725   10.040    1.524    0.016
    14.45    0.725   10.040    0.962    0.011
    14.52    0.785   10.040    1.016    0.007
    14.59    0.810   10.040    0.423    0.004
    14.65    0.810   10.040    0.594    0.002
    14.72    0.760   10.040    1.198    0.001
    14.78    0.740   10.040    1.178    0.000
    14.85    0.775   10.040    0.695    0.000
    14.92    0.805   10.040    1.554    0.001
    14.98    0.805   10.040    1.268    0.003
    15.05    0.870   10.040    0.974    0.006
    15.11    0.915   10.040    0.701    0.010
    15.18    0.910   10.040    0.521    0.015
    15.25    0.870   10.040    1.440    0.020
    15.31    0.835   10.040    0.874    0.026
    15.38    0.870   10.040    0.906    0.033
    15.44    0.870   10.040    1.171    0.041
    15.51    0.870   10.040   -0.104    0.050
    15.58    0.860   10.040    0.946    0.059
    15.64    0.770   10.040    0.729    0.069
    15.71    0.755   10.040    1.154    0.080
    15.77    0.750   10.040    1.148    0.092
    15.84    0.785   10.040    0.610    0.104
    15.91    0.815   10.040    1.296    0.117
    15.97    0.805   10.040    1.180    0.131
    16.04    0.845   10.040    1.121    0.145
    16.10    0.875   10.040    0.719    0.160
    16.17    0.885   10.040    1.519    0.176
    16.24    0.880   10.040    0.766    0.192
    16.30    0.925   10.040    0.902    0.208
    16.37    0.910   10.040    1.311    0.225
    16.43    0.900   10.040    1.513    0.243
    16.50    0.940   10.040    0.990    0.261
    16.57    0.990   10.040    0.824    0.279
    16.63    0.990   10.040    1.355    0.298
    16.70    0.970   10.040    0.684    0.317
    16.76    0.980   10.040    1.236    0.337
    16.83    0.955   10.040    0.884    0.356
    16.90    0.960   10.040    1.506    0.376
    16.96    0.965   10.040    0.140    0.396
    17.03    0.980   10.040    0.947    0.417
    17.09    0.895   10.040    1.490    0.437
    17.16    0.885   10.040    1.184    0.458
    17.23    0.935   10.040    0.111    0.479
    17.29    0.940   10.040    1.711    0.499
    17.36    0.880   10.040    1.214    0.520
    17.42    0.935   10.040    0.661    0.541
    17.49    0.950   10.040    0.698    0.561
    17.56    0.905   10.040    1.003    0.582
    17.62    0.870   10.040    0.874    0.602
    17.69    0.865   10.040    0.808    0.623
    17.75    0.855   10.040    0.955    0.643
    17.82    0.840   10.040    1.278    0.662
    17.89    0.845   10.040    0.950    0.682
    17.95    0.875   10.040    0.847    0.701
    18.02    0.875   10.040    1.311    0.720
    18.08    0.870   10.040    1.045    0.738
    18.15    0.900   10.040    0.669    0.756
    18.22    0.900   10.040    0.766    0.774
    18.28    0.860   10.040    0.978    0.791
    18.35    0.835   10.040    0.960    0.807
    18.41    0.835   10.040    0.753    0.824
    18.48    0.835   10.040    1.405    0.839
    18.55    0.830   10.040    1.043    0.854
    18.61    0.870   10.040    1.566    0.868
    18.68    0.900   10.040    0.837    0.882
    18.74    0.945   10.040    1.535    0.895
    18.81    0.950   10.040    0.878    0.907
    18.88    0.985   10.040    0.719    0.919
    18.94    0.965   10.040    0.888    0.930
    19.01    0.920   10.040    0.947    0.940
    19.07    0.895   10.040    1.227    0.950
    19.14    0.895   10.040    0.996    0.958
    19.21    0.915   10.040    1.282    0.966
    19.27    0.920   10.040    1.529    0.973
    19.34    0.955   10.040    0.956    0.980
    19.40    0.995   10.040    0.453    0.985
    19.47    0.975   10.040    0.560    0.990
    19.54    0.900   10.040    1.023    0.993
    19.60    0.845   10.040    0.800    0.996
    19.67    0.835   10.040    1.035    0.998
    19.73    0.825   10.040    0.841    1.000
    19.80    0.830   10.040    1.100    1.000
    19.87    0.830   10.040    0.785    0.999
    19.93    0.840   10.040    0.665    0.998
    20.00    0.815   10.040    1.575    0.996
    20.06    0.805   10.040    1.119    0.993
    20.13    0.865   10.040    0.972    0.989
    20.20    0.895   10.040    1.322    0.984
    20.26    0.900   10.040    0.957    0.979
    20.33    0.925   10.040    0.537    0.972
    20.39    0.910   10.040    0.877    0.965
    20.46    0.855   10.040    1.461    0.957
    20.53    0.845   10.040    0.679    0.948
    20.59    0.885   10.040    0.995    0.938
    20.66    0.865   10.040    0.888    0.928
    20.72    0.855   10.040    1.431    0.917
    20.79    0.860   10.040    1.011    0.905
    20.86    0.900   10.040    0.733    0.893
    20.92    0.900   10.040    1.013    0.880
    20.99    0.880   10.040    1.554    0.866
    21.05    0.890   10.040    1.220    0.851
    21.12    0.945   10.040    1.011    0.836
    21.19    0.965   10.040    1.299    0.821
    21.25    0.970   10.040    1.210    0.804
    21.32    0.995   10.040    1.320    0.788
    21.38    1.010   10.040    1.186    0.771
    21.45    1.030   10.040    1.245    0.753
    21.52    1.040   10.040    0.924    0.735
    21.58    1.040   10.040    0.820    0.716
    21.65    1.015   10.040    1.135    0.697
    21.71    0.985   10.040    0.891    0.678
    21.78    0.970   10.040    1.443    0.659
    21.85    0.965   10.040    0.474    0.639
    21.91    0.980   10.040    1.331    0.619
    21.98    0.940   10.040    1.230    0.599
    22.04    0.955   10.040    0.158    0.578
    22.11    0.950   10.040    1.034    0.558
    22.18    0.865   10.040    1.269    0.537
    22.24    0.865   10.040    0.958    0.516
    22.31    0.895   10.040    0.852    0.496
    22.37    0.895   10.040    0.664    0.475
    22.44    0.870   10.040    1.208    0.454
    22.51    0.845   10.040    0.560    0.434
    22.57    0.855   10.040    1.447    0.413
    22.64    0.835   10.040    0.358    0.393
    22.70    0.865   10.040    0.590    0.373
    22.77    0.810   10.040    1.060    0.353
    22.84    0.775   10.040    1.427    0.333
    22.90    0.800   10.040    1.356    0.314
    22.97    0.860   10.040    0.792    0.295
    23.03    0.905   10.040    0.769    0.276
    23.10    0.890   10.040    0.917    0.257
    23.17    0.865   10.040    0.892    0.240
    23.23    0.850   10.040    1.208    0.222
    23.30    0.850   10.040    1.367    0.205
    23.36    0.885   10.040    0.767    0.189
    23.43    0.920   10.040    0.949    0.173
    23.50    0.905   10.040    0.666    0.157
    23.56    0.885   10.040    1.324    0.142
    23.63    0.865   10.040    0.969    0.128
    23.69    0.895   10.040    0.671    0.115
    23.76    0.890   10.040    0.841    0.102
    23.83    0.860   10.040    0.981    0.090
    23.89    0.845   10.040    1.405    0.078
    23.96    0.855   10.040    0.449    0.067
    24.02    0.885   10.040    1.346    0.057
    24.09    0.855   10.040    0.965    0.048
    24.16    0.885   10.040    0.936    0.040
    24.22    0.890   10.040    1.004    0.032
    24.29    0.885   10.040    0.808    0.025
    24.35    0.880   10.040    0.611    0.019
    24.42    0.855   10.040    0.813    0.014
    24.49    0.815   10.040    0.800    0.009
    24.55    0.800   10.040    1.290    0.006
    24.62    0.805   10.040    1.370    0.003
    24.68    0.850   10.040    2.094    0.001
    24.75    0.925   10.040    1.135    0.000
    24.82    1.035   10.040    1.368    0.000
    24.88    1.060   10.040    1.570    0.001
    24.95    1.095   10.040    1.066    0.002
    25.01    1.125   10.040    0.882    0.005
    25.08    1.105   10.040    1.557    0.008
    25.15    1.080   10.040    1.154    0.012
    25.21    1.110   10.040    0.654    0.017
    25.28    1.100   10.040    0.913    0.023
    25.34    1.040   10.040    0.383    0.030
    25.41    0.985   10.040    1.108    0.037
    25.48    0.915   10.040    0.844    0.045
    25.54    0.910   10.040    1.178    0.054
    25.61    0.900   10.040    1.144    0.064
    25.67    0.915   10.040    0.868    0.075
    25.74    0.925   10.040    1.096    0.086
    25.81    0.915   10.040    1.458    0.098
    25.87    0.935   10.040    1.319    0.110
    25.94    0.985   10.040    1.079    0.124
    26.00    1.010   10.040    1.098    0.138
    26.07    1.010   10.040    1.445    0.152
    26.14    1.020   10.040    0.654    0.167
    26.20    1.040   10.040    0.670    0.183
    26.27    0.990   10.040    0.842    0.200
    26.33    0.935   10.040    0.828    0.216
    26.40    0.905   10.040    0.913    0.234
    26.47    0.885   10.040    1.275    0.251
    26.53    0.885   10.040    0.715    0.270
    26.60    0.905   10.040    1.375    0.288
    26.66    0.895   10.040    1.293    0.307
    26.73    0.935   10.040    0.985    0.326
    26.80    0.965   10.040    0.580    0.346
    26.86    0.955   10.040    0.685    0.366
    26.93    0.900   10.040    0.840    0.386
    26.99    0.855   10.040    1.093    0.406
    27.06    0.845   10.040    0.856    0.427
    27.13    0.850   10.040    0.933    0.447
    27.19    0.850   10.040    1.203    0.468
    27.26    0.855   10.040    1.180    0.489
    27.32    0.880   10.040    1.273    0.509
    27.39    0.905   10.040    0.960    0.530
    27.46    0.935   10.040    1.046    0.551
    27.52    0.930   10.040    1.198    0.571
    27.59    0.935   10.040    0.950    0.592
    27.65    0.945   10.040    1.352    0.612
    27.72    0.945   10.040    0.800    0.632
    27.79    0.960   10.040    0.889    0.652
    27.85    0.935   10.040    0.818    0.672
    27.92    0.910   10.040    1.191    0.691
    27.98    0.895   10.040    0.746    0.710
    28.05    0.895   10.040    0.863    0.729
    28.12    0.870   10.040    1.031    0.747
    28.18    0.855   10.040    0.471    0.765
    28.25    0.845   10.040    0.434    0.782
    28.31    0.790   10.040    1.353    0.799
    28.38    0.755   10.040    1.385    0.815
    28.45    0.805   10.040    0.518    0.831
    28.51    0.840   10.040    1.095    0.846
    28.58    0.815   10.040    0.628    0.861
    28.64    0.815   10.040    1.403    0.875
    28.71    0.805   10.040    1.734    0.888
    28.78    0.870   10.040    1.395    0.901
    28.84    0.950   10.040    1.415    0.913
    28.91    1.005   10.040    0.748    0.925
    28.97    1.025   10.040    1.352    0.935
    29.04    1.000   10.040    1.183    0.945
    29.11    1.020   10.040    0.974    0.954
    29.17    1.020   10.040    1.310    0.962
    29.24    1.005   10.040    1.186    0.970
    29.30    1.020   10.040    0.909    0.976
    29.37    1.025   10.040    0.856    0.982
    29.44    0.995   10.040    0.618    0.987
    29.50    0.955   10.040    0.711    0.992
    29.57    0.895   10.040    0.373    0.995
    29.63    0.840   10.040    1.316    0.997
    29.70    0.795   10.040    0.597    0.999
    29.77    0.815   10.040    1.147    1.000
    29.83    0.795   10.040    1.142    1.000
    29.90    0.810   10.040    1.063    0.999
    29.96    0.840   10.040    0.977    0.997
    30.03    0.855   10.040    1.213    0.995
    30.10    0.865   10.040    0.965    0.991
    30.16    0.885   10.040    1.344    0.987
    30.23    0.895   10.040    0.382    0.982
    30.29    0.905   10.040    0.871    0.976
    30.36    0.845   10.040    0.861    0.969
    30.43    0.825   10.040    1.359    0.961
    30.49    0.825   10.040    0.744    0.953
    30.56    0.860   10.040    0.749    0.943
    30.62    0.840   10.040    0.862    0.934
    30.69    0.815   10.040    1.014    0.923
    30.76    0.800   10.040    0.720    0.911
    30.82    0.805   10.040    0.885    0.899
    30.89    0.790   10.040    1.105    0.886
    30.95    0.795   10.040    1.336    0.873
    31.02    0.820   10.040    1.110    0.859
    31.09    0.865   10.040    1.481    0.844
    31.15    0.900   10.040    1.240    0.829
    31.22    0.950   10.040    1.223    0.813
    31.28    0.980   10.040    0.603    0.796
    31.35    0.985   10.040    0.652    0.779
    31.42    0.930   10.040    1.518    0.762
    31.48    0.895   10.040    0.861    0.744
    31.55    0.935   10.040    1.535    0.726
    31.61    0.945   10.040    0.842    0.707
    31.68    0.975   10.040    0.876    0.688
    31.75    0.955   10.040    0.472    0.669
    31.81    0.920   10.040    0.628    0.649
    31.88    0.855   10.040    1.574    0.629
    31.94    0.830   10.040    1.015    0.609
    32.01    0.885   10.040    0.401    0.589
    32.08    0.880   10.040    0.418    0.568
    32.14    0.815   10.040    0.868    0.548
    32.21    0.755   10.040    1.154    0.527
    32.27    0.755   10.040    0.864    0.506
    32.34    0.790   10.040    0.662    0.486
    32.41    0.785   10.040    1.323    0.465
    32.47    0.775   10.040    1.446    0.444
    32.54    0.825   10.040    1.031    0.424
    32.60    0.885   10.040    1.095    0.403
    32.67    0.900   10.040    0.866    0.383
    32.74    0.910   10.040    1.061    0.363
    32.80    0.900   10.040    0.109    0.343
    32.87    0.880   10.040    0.843    0.324
    32.93    0.795   10.040    1.174    0.304
    33.00    0.780   10.040    0.935    0.285
    33.07    0.810   10.040    1.093    0.267
    33.13    0.825   10.040    0.841    0.249
    33.20    0.840   10.040    1.415    0.231
    33.26    0.845   10.040    0.855    0.214
    33.33    0.885   10.040    1.185    0.197
    33.40    0.890   10.040    0.581    0.181
    33.46    0.895   10.040    1.008    0.165
    33.53    0.860   10.040    0.874    0.150
    33.59    0.855   10.040    0.204    0.136
    33.66    0.830   10.040    0.532    0.122
    33.73    0.750   10.040    1.698    0.108
    33.79    0.730   10.040    1.731    0.096
    33.86    0.835   10.040    0.676    0.084
    33.92    0.920   10.040    0.554    0.073
    33.99    0.895   10.040    1.310    0.062
    34.06    0.855   10.040    0.929    0.053
    34.12    0.885   10.040    0.914    0.044
    34.19    0.885   10.040    1.317    0.036
    34.25    0.890   10.040    1.167    0.029
    34.32    0.925   10.040    0.489    0.022
    34.39    0.930   10.040    0.769    0.016
    34.45    0.875   10.040    0.714    0.011
    34.52    0.840   10.040    0.835    0.007
    34.58    0.815   10.040    0.700    0.004
    34.65    0.800   10.040    0.713    0.002
    34.72    0.780   10.040    1.282    0.001
    34.78    0.770   10.040    1.213    0.000
    34.85    0.815   10.040    0.867    0.000
    34.91    0.850   10.040    0.257    0.001
    34.98    0.835   10.040    1.283    0.003
    35.05    0.780   10.040    0.943    0.006
    35.11    0.805   10.040    1.061    0.010
    35.18    0.820   10.040    1.363    0.014
    35.24    0.845   10.040    0.785    0.020
    35.31    0.880   10.040    1.165    0.026
    35.38    0.880   10.040    0.871    0.033
    35.44    0.895   10.040    1.202    0.041
    35.51    0.890   10.040    1.085    0.049
    35.57    0.910   10.040    0.931    0.059
    35.64    0.915   10.040    0.487    0.069
    35.71    0.895   10.040    1.228    0.080
    35.77    0.855   10.040    1.120    0.091
    35.84    0.880   10.040    0.622    0.104
    35.90    0.885   10.040    1.115    0.117
    35.97    0.860   10.040    0.937    0.130
    36.04    0.865   10.040    0.552    0.145
    36.10    0.855   10.040    0.366    0.160
    36.17    0.805   10.040    0.394    0.175
    36.23    0.735   10.035    0.944    0.191
    36.30    0.690   10.040    0.518    0.208
    36.37    0.690   10.040    1.453    0.225
    36.43    0.685   10.040    0.815    0.242
    36.50    0.745   10.040    1.068    0.260
    36.56    0.765   10.035    1.049    0.279
    36.63    0.790   10.040    1.087    0.297
    36.70    0.815   10.040    1.467    0.317
    36.76    0.845   10.040    1.083    0.336
    36.83    0.905   10.040    1.483    0.356
    36.89    0.935   10.040    1.133    0.376
    36.96    0.985   10.040    1.124    0.396
    37.03    1.005   10.040    0.468    0.416
    37.09    0.990   10.040    1.549    0.437
    37.16    0.945   10.040    1.538    0.457
    37.22    0.995   10.040    0.660    0.478
    37.29    1.035   10.040    0.823    0.499
    37.36    0.995   10.040    1.787    0.519
    37.42    0.980   10.040    1.074    0.540
    37.49    1.035   10.040    1.133    0.561
    37.55    1.045   10.040    0.952    0.581
    37.62    1.040   10.040    0.961    0.602
    37.69    1.015   10.040    1.097    0.622
    37.75    0.990   10.040    1.201    0.642
    37.82    0.990   10.040    0.612    0.662
    37.88    0.990   10.040    0.476    0.681
    37.95    0.930   10.040    1.624    0.700
    38.02    0.885   10.040    0.873    0.719
    38.08    0.925   10.040    0.935    0.738
    38.15    0.915   10.040    0.798    0.756
    38.21    0.900   10.040    1.751    0.773
    38.28    0.900   10.040    1.255    0.790
    38.35    0.975   10.040    1.503    0.807
    38.41    1.010   10.040    1.199    0.823
    38.48    1.045   10.040    1.404    0.839
    38.54    1.060   10.040    1.308    0.854
    38.61    1.085   10.040    1.438    0.868
    38.68    1.105   10.040    1.177    0.882
    38.74    1.120   10.040    1.088    0.895
    38.81    1.115   10.040    0.923    0.907
    38.87    1.090   10.040    0.817    0.919
    38.94    1.050   10.040    0.540    0.930
    39.01    0.995   10.040    1.304    0.940
    39.07    0.940   10.040    0.676    0.949
    39.14    0.945   10.040    0.754    0.958
    39.20    0.905   10.040    1.486    0.966
    39.27    0.890   10.040    0.967    0.973
    39.34    0.925   10.040    1.577    0.979
    39.40    0.940   10.040    0.817    0.985
    39.47    0.980   10.040    0.691    0.990
    39.53    0.950   10.040    1.153    0.993
    39.60    0.915   10.040    1.485    0.996
    39.67    0.930   10.040    1.778    0.998
    39.73    0.990   10.040    1.052    1.000
    39.80    1.055   10.040    0.852    1.000
    39.86    1.050   10.040    1.194    1.000
    39.93    1.015   10.040    1.033    0.998
    40.00    1.010   10.040    0.445    0.996
    40.06    0.980   10.040    1.049    0.993
    40.13    0.915   10.040    1.180    0.989
    40.19    0.910   10.040    0.678    0.984
    40.26    0.915   10.040    1.470    0.979
    40.33    0.895   10.040    1.144    0.972
    40.39    0.935   10.040    0.688    0.965
    40.46    0.935   10.040    1.600    0.957
    40.52    0.920   10.040    1.202    0.948
    40.59    0.970   10.040    1.030    0.939
    40.66    0.985   10.040    1.145    0.928
    40.72    0.980   10.040    1.224    0.917
    40.79    0.985   10.040    1.275    0.906
    40.85    1.000   10.040    1.182    0.893
    40.92    1.020   10.040    0.912    0.880
    40.99    1.015   10.040    0.593    0.866
    41.05    0.980   10.040    1.298    0.852
    41.12    0.935   10.040    1.069    0.837
    41.18    0.950   10.040    1.033    0.821
    41.25    0.955   10.040    1.791    0.805
    41.32    0.970   10.040    1.271    0.788
    41.38    1.035   10.040    1.242    0.771
    41.45    1.060   10.040    1.321    0.753
    41.51    1.075   10.040    1.021    0.735
    41.58    1.080   10.040    1.005    0.717
    41.65    1.060   10.040    0.745    0.698
    41.71    1.030   10.040    0.769    0.679
    41.78    0.980   10.040    1.025    0.659
    41.84    0.940   10.040    1.201    0.639
    41.91    0.940   10.040    1.871    0.619
    41.98    0.970   10.040    1.308    0.599
    42.04    1.050   10.040    0.833    0.579
    42.11    1.070   10.040    1.203    0.558
    42.17    1.045   10.040    0.907    0.538
    42.24    1.035   10.040    1.215    0.517
    42.31    1.015   10.040    0.844    0.496
    42.37    1.010   10.040    1.412    0.476
    42.44    0.995   10.040    1.220    0.455
    42.50    1.025   10.040    1.204    0.434
    42.57    1.040   10.040    0.914    0.414
    42.64    1.035   10.040    1.039    0.393
    42.70    1.015   10.040    0.341    0.373
    42.77    0.985   10.040    0.838    0.353
    42.83    0.910   10.040    1.101    0.334
    42.90    0.880   10.040    0.853    0.314
    42.97    0.880   10.040    0.712    0.295
    43.03    0.865   10.040    0.945    0.276
    43.10    0.840   10.040    1.087    0.258
    43.16    0.840   10.040    0.933    0.240
    43.23    0.855   10.040    0.772    0.223
    43.30    0.850   10.040    1.373    0.206
    43.36    0.845   10.040    1.256    0.189
    43.43    0.890   10.040    0.748    0.173
    43.49    0.915   10.040    0.706    0.158
    43.56    0.895   10.040    1.070    0.143
    43.63    0.865   10.040    0.780    0.129
    43.69    0.860   10.040    0.909    0.115
    43.76    0.845   10.040    0.861    0.102
    43.82    0.840   10.040    0.831    0.090
    43.89    0.830   10.040    0.703    0.079
    43.96    0.815   10.040    0.920    0.068
    44.02    0.795   10.040    0.498    0.058
    44.09    0.780   10.040    0.721    0.048
    44.15    0.740   10.040    1.357    0.040
    44.22    0.740   10.040    1.260    0.032
    44.29    0.800   10.040    0.541    0.025
    44.35    0.835   10.040    0.488    0.019
    44.42    0.800   10.040    1.110    0.014
    44.48    0.760   10.040    1.467    0.009
    44.55    0.795   10.040    0.658    0.006
    44.62    0.845   10.040    0.980    0.003
    44.68    0.830   10.040    0.787    0.001
    44.75    0.830   10.040    0.887    0.000
    44.81    0.815   10.040    1.014    0.000
    44.88    0.815   10.040    0.895    0.001
    44.95    0.820   10.040    0.748    0.002
    45.01    0.815   10.040    1.423    0.005
    45.08    0.815   10.040    0.356    0.008
    45.14    0.850   10.040    1.199    0.012
    45.21    0.810   10.040    1.310    0.017
    45.28    0.835   10.040    1.290    0.023
    45.34    0.885   10.040    1.423    0.029
    45.41    0.930   10.040    0.873    0.037
    45.47    0.970   10.040    1.826    0.045
    45.54    0.985   10.040    0.759    0.054
    45.61    1.035   10.040    1.369    0.064
    45.67    1.020   10.040    0.333    0.074
    45.74    1.010   10.040    1.437    0.085
    45.80    0.955   10.040    0.911    0.097
    45.87    0.970   10.040    0.844    0.110
    45.94    0.955   10.040    0.846    0.123
    46.00    0.930   10.040    0.822    0.137
    46.07    0.900   10.040    0.718    0.152
    46.13    0.875   10.040    1.411    0.167
    46.20    0.860   10.040    1.277    0.183
    46.27    0.905   10.040    0.615    0.199
    46.33    0.925   10.040    0.461    0.216
    46.40    0.875   10.040    0.962    0.233
    46.46    0.820   10.040    0.842    0.251
    46.53    0.815   10.040    1.154    0.269
    46.60    0.820   10.040    1.146    0.288
    46.66    0.845   10.040    0.800    0.307
    46.73    0.860   10.040    0.860    0.326
    46.79    0.850   10.040    1.230    0.345
    46.86    0.850   10.040    0.588    0.365
    46.93    0.865   10.040    1.061    0.385
    46.99    0.840   10.040    1.162    0.406
    47.06    0.850   10.040    0.842    0.426
    47.12    0.870   10.040    1.494    0.447
    47.19    0.875   10.040    1.457    0.467
    47.26    0.935   10.040    0.851    0.488
    47.32    0.985   10.040    0.606    0.509
    47.39    0.960   10.040    1.212    0.530
    47.45    0.915   10.040    1.366    0.550
    47.52    0.935   10.040    1.376    0.571
    47.59    0.980   10.040    0.845    0.591
    47.65    1.010   10.040    0.817    0.612
    47.72    0.980   10.040    0.576    0.632
    47.78    0.940   10.040    0.956    0.652
    47.85    0.885   10.040    1.336    0.671
    47.92    0.885   10.040    1.190    0.690
    47.98    0.925   10.040    0.706    0.709
    48.05    0.930   10.040    0.992    0.728
    48.11    0.900   10.040    0.726    0.746
    48.18    0.885   10.040    0.773    0.764
    48.25    0.855   10.040    0.954    0.782
    48.31    0.835   10.040    0.819    0.798
    48.38    0.830   10.040    0.951    0.815
    48.44    0.820   10.040    0.982    0.831
    48.51    0.815   10.040    1.513    0.846
    48.58    0.835   10.040    0.788    0.861
    48.64    0.885   10.040    1.318    0.875
    48.71    0.885   10.040    1.293    0.888
    48.77    0.920   10.040    0.658    0.901
    48.84    0.935   10.040    1.353    0.913
    48.91    0.910   10.040    1.921    0.924
    48.97    0.955   10.040    1.321    0.935
    49.04    1.045   10.040    1.490    0.945
    49.10    1.080   10.040    1.149    0.954
    49.17    1.105   10.040    0.725    0.962
    49.24    1.090   10.040    0.910    0.970
    49.30    1.035   10.040    1.027    0.976
    49.37    1.000   10.040    0.744    0.982
    49.43    0.975   10.040    1.651    0.987
    49.50    0.955   10.040    0.543    0.991
    49.57    0.990   10.040    1.612    0.995
    49.63    0.965   10.040    0.393    0.997
    49.70    0.985   10.040    1.323    0.999
    49.76    0.935   10.040    0.763    1.000
    49.83    0.935   10.040    0.670    1.000
    49.90    0.905   10.040    0.781    0.999
    49.96    0.865   10.040    0.820    0.997
    50.03    0.835   10.040    0.922    0.995
    50.09    0.820   10.040    0.789    0.991
    50.16    0.810   10.040    1.446    0.987
    50.23    0.810   10.040    1.758    0.982
    50.29    0.880   10.040    0.928    0.976
    50.36    0.960   10.040    1.136    0.969
    50.42    0.965   10.040    1.191    0.961
    50.49    0.965   10.040    1.042    0.953
    50.56    0.970   10.040    1.001    0.944
    50.62    0.960   10.040    0.872    0.934
    50.69    0.950   10.040    0.837    0.923
    50.75    0.925   10.040    1.613    0.912
    50.82    0.915   10.040    1.084    0.900
    50.89    0.965   10.040    0.908    0.887
    50.95    0.965   10.040    1.304    0.873
    51.02    0.955   10.040    0.869    0.859
    51.08    0.970   10.040    0.596    0.845
    51.15    0.945   10.040    1.313    0.829
    51.22    0.905   10.040    1.365    0.813
    51.28    0.930   10.040    0.743    0.797
    51.35    0.955   10.040    0.849    0.780
    51.41    0.925   10.040    0.741    0.763
    51.48    0.900   10.040    1.056    0.745
    51.55    0.870   10.040    0.791    0.726
    51.61    0.870   10.040    0.460    0.708
    51.68    0.840   10.040    0.837    0.689
    51.74    0.790   10.040    1.101    0.669
    51.81    0.785   10.040    1.272    0.650
    51.88    0.810   10.040    0.777    0.630
    51.94    0.845   10.040    0.662    0.610
    52.01    0.825   10.040    1.320    0.589
    52.07    0.810   10.040    0.901    0.569
    52.14    0.845   10.040    1.617    0.548
    52.21    0.870   10.040    1.438    0.528
    52.27    0.940   10.040    0.719    0.507
    52.34    0.975   10.040    0.930    0.486
    52.40    0.945   10.040    1.027    0.465
    52.47    0.930   10.040    0.968    0.445
    52.54    0.930   10.040    0.904    0.424
    52.60    0.920   10.040    1.232    0.404
    52.67    0.915   10.040    1.027    0.384
    52.73    0.935   10.040    1.050    0.364
    52.80    0.940   10.040    1.165    0.344
    52.87    0.945   10.040    1.384    0.324
    52.93    0.970   10.040    0.697    0.305
    53.00    0.990   10.040    0.560    0.286
    53.06    0.940   10.040    1.557    0.267
    53.13    0.905   10.040    1.085    0.249
    53.20    0.950   10.040    1.590    0.232
    53.26    0.980   10.040    1.207    0.214
    53.33    1.030   10.040    0.988    0.198
    53.39    1.040   10.040    0.904    0.181
    53.46    1.020   10.040    0.486    0.166
    53.53    0.985   10.040    0.611    0.150
    53.59    0.915   10.040    1.298    0.136
    53.66    0.875   10.040    0.367    0.122
    53.72    0.880   10.040    0.807    0.109
    53.79    0.825   10.040    0.719    0.096
    53.86    0.800   10.040    1.010    0.084
    53.92    0.785   10.040    1.367    0.073
    53.99    0.810   10.040    1.033    0.063
    54.05    0.855   10.040    1.229    0.053
    54.12    0.880   10.040    0.748    0.044
    54.19    0.900   10.040    0.588    0.036
    54.25    0.870   10.040    0.453    0.029
    54.32    0.820   10.040    0.663    0.022
    54.38    0.765   10.040    0.987    0.016
    54.45    0.745   10.040    0.918    0.012
    54.52    0.755   10.040    0.914    0.008
    54.58    0.765   10.040    0.794    0.004
    54.65    0.775   10.040    0.801    0.002
    54.71    0.765   10.040    1.197    0.001
    54.78    0.775   10.040    0.906    0.000
    54.85    0.800   10.040    1.389    0.000
    54.91    0.820   10.040    0.616    0.001
    54.98    0.855   10.040    1.640    0.003
    55.04    0.855   10.040    0.975    0.006
    55.11    0.915   10.040    0.626    0.010
    55.18    0.915   10.040    1.289    0.014
    55.24    0.890   10.040    1.246    0.020
    55.31    0.915   10.040    1.146    0.026
    55.37    0.950   10.040    0.849    0.033
    55.44    0.960   10.040    1.196    0.041
    55.51    0.950   10.040    0.554    0.049
    55.57    0.945   10.040    1.000    0.059
    55.64    0.900   10.040    0.979    0.069
    55.70    0.890   10.040    0.312    0.080
    55.77    0.875   10.040    1.391    0.091
    55.84    0.825   10.040    1.094    0.103
    55.90    0.860   10.040    0.935    0.116
    55.97    0.875   10.040    1.297    0.130
    56.03    0.880   10.040    0.953    0.144
    56.10    0.910   10.040    0.711    0.159
    56.17    0.905   10.040    1.047    0.175
    56.23    0.880   10.040    0.577    0.191
    56.30    0.870   10.040    0.893    0.207
    56.36    0.830   10.040    1.607    0.224
    56.43    0.840   10.040    1.475    0.242
    56.50    0.915   10.040    1.761    0.260
    56.56    0.995   10.040    1.065    0.278
    56.63    1.065   10.040    0.433    0.297
    56.69    1.045   10.040    0.958    0.316
    56.76    0.970   10.040    1.060    0.335
    56.83    0.945   10.040    0.949    0.355
    56.89    0.945   10.040    0.813    0.375
    56.96    0.930   10.040    0.900    0.395
    57.02    0.905   10.040    1.034    0.416
    57.09    0.890   10.040    1.392    0.436
    57.16    0.905   10.040    1.096    0.457
    57.22    0.945   10.040    1.449    0.477
    57.29    0.970   10.040    1.676    0.498
    57.35    1.020   10.040    0.363    0.519
    57.42    1.055   10.040    0.109    0.540
    57.49    0.965   10.040    1.249    0.560
    57.55    0.870   10.040    0.831    0.581
    57.62    0.870   10.040    1.036    0.601
    57.68    0.865   10.040    1.235    0.621
    57.75    0.870   10.040    0.858    0.641
    57.82    0.895   10.040    1.276    0.661
    57.88    0.895   10.040    1.206    0.681
    57.95    0.925   10.040    1.499    0.700
    58.01    0.955   10.040    1.162    0.719
    58.08    0.995   10.040    1.473    0.737
    58.15    1.020   10.040    1.040    0.755
    58.21    1.050   10.040    1.320    0.773
    58.28    1.050   10.040    0.794    0.790
    58.34    1.045   10.040    0.983    0.806
    58.41    1.005   10.040    1.491    0.823
    58.48    1.000   10.040    0.590    0.838
    58.54    1.015   10.040    0.883    0.853
    58.61    0.965   10.040    0.885    0.867
    58.67    0.930   10.040    1.384    0.881
    58.74    0.920   10.040    0.427    0.894
    58.81    0.930   10.040    1.137    0.907
    58.87    0.885   10.040    0.857    0.918
    58.94    0.880   10.040    0.831    0.929
    59.00    0.865   10.040    0.925    0.940
    59.07    0.840   10.040    1.261    0.949
    59.14    0.845   10.040    1.262    0.958
    59.20    0.875   10.040    1.316    0.966
    59.27    0.915   10.040    1.237    0.973
    59.33    0.950   10.040    1.373    0.979
    59.40    0.975   10.040    0.229    0.985
    59.47    0.980   10.040    0.445    0.989
    59.53    0.885   10.040    0.988    0.993
    59.60    0.820   10.040    1.751    0.996
    59.66    0.835   10.040    0.404    0.998
    59.73    0.895   10.040    1.026    1.000
    59.80    0.855   10.040    0.366    1.000
    59.86    0.830   10.040    1.256    1.000
    59.93    0.790   10.040    0.701    0.998
    59.99    0.810   10.040    0.824    0.996
    60.06    0.790   10.040    0.531    0.993
    60.13    0.770   10.040    1.409    0.989
    60.19    0.750   10.040    1.048    0.984
    60.26    0.800   10.040    0.305    0.979
    60.32    0.805   10.040    1.370    0.973
    60.39    0.765   10.040    1.146    0.965
    60.46    0.810   10.040    0.811    0.957
    60.52    0.835   10.040    0.727    0.949
    60.59    0.820   10.040    0.910    0.939
    60.65    0.795   10.040    0.898    0.929
    60.72    0.790   10.040    0.869    0.918
    60.79    0.795   10.040    1.216    0.906
    60.85    0.800   10.040    0.740    0.894
    60.92    0.820   10.040    1.674    0.880
    60.98    0.830   10.040    1.037    0.867
    61.05    0.895   10.040    1.186    0.852
    61.12    0.915   10.040    1.088    0.837
    61.18    0.930   10.040    1.482    0.822
    61.25    0.950   10.040    1.145    0.805
    61.31    0.985   10.040    1.091    0.789
    61.38    0.995   10.040    1.241    0.772
    61.45    0.995   10.040    1.407    0.754
    61.51    1.015   10.040    1.792    0.736
    61.58    1.055   10.040    1.171    0.717
    61.64    1.115   10.040    1.295    0.699
    61.71    1.115   10.040    1.032    0.679
    61.78    1.115   10.040    1.093    0.660
    61.84    1.095   10.040    1.536    0.640
    61.91    1.085   10.040    0.905    0.620
    61.97    1.105   10.040    0.851    0.600
    62.04    1.070   10.040    0.763    0.579
    62.11    1.025   10.040    1.253    0.559
    62.17    0.990   10.040    1.035    0.538
    62.24    0.990   10.040    1.689    0.518
    62.30    1.005   10.040    1.200    0.497
    62.37    1.060   10.040    1.759    0.476
    62.44    1.095   10.040    1.038    0.455
    62.50    1.140   10.040    1.116    0.435
    62.57    1.130   10.040    1.237    0.414
    62.63    1.115   10.040    0.945    0.394
    62.70    1.110   10.040    1.080    0.374
    62.77    1.085   10.040    1.197    0.354
    62.83    1.070   10.040    0.890    0.334
    62.90    1.060   10.040    0.572    0.315
    62.96    1.025   10.040    0.883    0.296
    63.03    0.965   10.040    1.247    0.277
    63.10    0.940   10.040    0.776    0.259
    63.16    0.950   10.040    0.693    0.241
    63.23    0.920   10.040    1.143    0.223
    63.29    0.880   10.040    0.906    0.206
    63.36    0.845   10.040    0.860    0.190
    63.43    0.835   10.040    0.726    0.174
    63.49    0.820   10.040    0.618    0.158
    63.56    0.790   10.040    0.897    0.143
    63.62    0.760   10.040    0.542    0.129
    63.69    0.755   10.040    0.883    0.116
    63.76    0.730   10.040    1.539    0.103
    63.82    0.750   10.040    1.103    0.090
    63.89    0.820   10.040    0.741    0.079
    63.95    0.845   10.040    1.242    0.068
    64.02    0.835   10.040    0.362    0.058
    64.09    0.845   10.040    0.987    0.049
    64.15    0.800   10.040    0.639    0.040
    64.22    0.790   10.040    1.506    0.032
    64.28    0.785   10.040    0.853    0.025
    64.35    0.835   10.040    0.677    0.019
    64.42    0.830   10.040    1.438    0.014
    64.48    0.820   10.040    0.745    0.010
    64.55    0.865   10.040    1.169    0.006
    64.61    0.865   10.040    1.045    0.003
    64.68    0.880   10.040    0.772    0.001
    64.75    0.885   10.040    0.821    0.000
    64.81    0.860   10.040    1.276    0.000
    64.88    0.855   10.040    1.125    0.001
    64.94    0.890   10.040    1.459    0.002
    65.01    0.920   10.040    0.797    0.005
    65.08    0.955   10.040    1.032    0.008
    65.14    0.940   10.040    1.199    0.012
    65.21    0.940   10.040    1.251    0.017
    65.27    0.965   10.040    1.027    0.023
    65.34    0.985   10.040    0.936    0.029
    65.41    0.980   10.040    0.545    0.037
    65.47    0.950   10.040   -0.084    0.045
    65.54    0.870   10.040    0.566    0.054
    65.60    0.755   10.040    1.214    0.063
    65.67    0.720   10.040    1.185    0.074
    65.74    0.760   10.040    1.323    0.085
    65.80    0.810   10.040    1.259    0.097
    65.87    0.860   10.040    1.231    0.110
    65.93    0.910   10.040    0.640    0.123
    66.00    0.930   10.040    1.192    0.137
    66.07    0.905   10.040    0.822    0.151
    66.13    0.905   10.040    0.581    0.167
    66.20    0.880   10.040    1.008    0.182
    66.26    0.840   10.040    1.174    0.199
    66.33    0.845   10.040    0.924    0.215
    66.40    0.875   10.040    0.498    0.233
    66.46    0.860   10.040    1.051    0.250
    66.53    0.820   10.040    0.607    0.269
    66.59    0.815   10.040    0.941    0.287
    66.66    0.790   10.040    1.607    0.306
    66.73    0.805   10.040    1.278    0.325
    66.79    0.885   10.040    1.260    0.345
    66.86    0.935   10.040    1.033    0.365
    66.92    0.960   10.040    0.676    0.385
    66.99    0.950   10.040    0.691    0.405
    67.06    0.905   10.040    0.753    0.426
    67.12    0.870   10.040    1.234    0.446
    67.19    0.850   10.040    0.699    0.467
    67.25    0.870   10.040    0.874    0.487
    67.32    0.845   10.040    0.973    0.508
    67.39    0.835   10.040    0.533    0.529
    67.45    0.830   10.040    1.310    0.550
    67.52    0.805   10.040    0.741    0.570
    67.58    0.835   10.040    1.491    0.591
    67.65    0.835   10.040    0.620    0.611
    67.72    0.880   10.040    1.537    0.631
    67.78    0.870   10.040    1.616    0.651
    67.85    0.935   10.040    1.312    0.671
    67.91    1.005   10.040    0.643    0.690
    67.98    1.020   10.040    0.882    0.709
    68.05    0.975   10.040    0.987    0.728
    68.11    0.945   10.040    0.956    0.746
    68.18    0.930   10.040    1.286    0.764
    68.24    0.930   10.040    1.406    0.781
    68.31    0.960   10.040    1.257    0.798
    68.38    0.995   10.040    1.211    0.814
    68.44    1.015   10.040    0.853    0.830
    68.51    1.020   10.040    0.145    0.845
    68.57    0.970   10.040    1.489    0.860
    68.64    0.885   10.040    1.550    0.874
    68.71    0.925   10.040    0.689    0.888
    68.77    0.970   10.040    0.527    0.900
    68.84    0.930   10.040    1.158    0.912
    68.90    0.880   10.040    0.877    0.924
    68.97    0.880   10.040    0.924    0.934
    69.04    0.870   10.040    0.455    0.944
    69.10    0.845   10.040    1.239    0.953
    69.17    0.800   10.040    0.615    0.962
    69.23    0.830   10.040    0.894    0.969
    69.30    0.850   10.040    1.059    0.976
    69.37    0.840   10.040    1.283    0.982
    69.43    0.855   10.040    0.786    0.987
    69.50    0.880   10.040    0.554    0.991
    69.56    0.850   10.040    1.441    0.995
    69.63    0.825   10.040    1.505    0.997
    69.70    0.880   10.040    1.096    0.999
    69.76    0.935   10.040    1.233    1.000
    69.83    0.950   10.040    1.099    1.000
    69.89    0.970   10.040    0.866    0.999
    69.96    0.965   10.040    0.685    0.997
    70.03    0.935   10.040    1.378    0.995
    70.09    0.905   10.040    1.335    0.991
    70.16    0.935   10.040    0.822    0.987
    70.22    0.960   10.040    0.877    0.982
    70.29    0.940   10.040    0.977    0.976
    70.36    0.915   10.040    1.680    0.969
    70.42    0.925   10.040    0.745    0.962
    70.49    0.970   10.040    1.261    0.953
    70.55    0.955   10.040    0.969    0.944
    70.62    0.960   10.040    0.972    0.934
    70.69    0.955   10.040    0.999    0.924
    70.75    0.940   10.040    0.444    0.912
    70.82    0.910   10.040    1.335    0.900
    70.88    0.865   10.040    1.108    0.887
    70.95    0.890   10.040    1.030    0.874
    71.02    0.910   10.040    1.467    0.860
    71.08    0.925   10.040    0.839    0.845
    71.15    0.955   10.040    0.792    0.830
    71.21    0.930   10.040    1.113    0.814
    71.28    0.900   10.040    0.889    0.797
    71.35    0.905   10.040    1.119    0.781
    71.41    0.895   10.040    1.624    0.763
    71.48    0.920   10.040    0.769    0.745
    71.54    0.965   10.040    0.533    0.727
    71.61    0.930   10.040    1.101    0.708
    71.68    0.880   10.040    1.508    0.689
    71.74    0.895   10.040    0.847    0.670
    71.81    0.935   10.040    1.574    0.650
    71.87    0.940   10.040    0.747    0.630
    71.94    0.980   10.040    0.742    0.610
    72.01    0.945   10.040    1.279    0.590
    72.07    0.920   10.040    1.287    0.570
    72.14    0.945   10.040    1.475    0.549
    72.20    0.980   10.040    0.434    0.528
    72.27    1.000   10.040    0.822    0.508
    72.34    0.940   10.040    1.132    0.487
    72.40    0.910   10.040    1.239    0.466
    72.47    0.925   10.040    0.580    0.445
    72.53    0.930   10.040    0.815    0.425
    72.60    0.890   10.040    0.499    0.404
    72.67    0.850   10.040    0.950    0.384
    72.73    0.810   10.040    0.822    0.364
    72.80    0.805   10.040    1.260    0.344
    72.86    0.805   10.040    0.466    0.325
    72.93    0.825   10.040    0.888    0.305
    73.00    0.000    0.000    0.000    0.000

