Data export from TecQuipment CE2000

Data series 1

    Time    speed position Func. Gen. 
     0.00    0.970   10.040    1.054
     0.07    0.975   10.040    0.929
     0.13    0.970   10.040    0.731
     0.20    0.945   10.040    1.420
     0.26    0.925   10.040    1.018
     0.33    0.955   10.040    0.365
     0.40    0.945   10.040    0.873
     0.46    0.880   10.040    0.972
     0.53    0.855   10.040    0.914
     0.59    0.850   10.040    1.315
     0.66    0.860   10.040    0.764
     0.73    0.885   10.040    0.876
     0.79    0.870   10.040    0.795
     0.86    0.845   10.040    0.838
     0.92    0.825   10.040    0.637
     0.99    0.810   10.040    0.465
     1.06    0.775   10.040    1.428
     1.12    0.750   10.040    0.894
     1.19    0.790   10.040    1.484
     1.25    0.810   10.040    0.681
     1.32    0.855   10.040    1.048
     1.39    0.845   10.040    1.095
     1.45    0.855   10.040    1.134
     1.52    0.875   10.040    1.494
     1.58    0.900   10.040    1.103
     1.65    0.945   10.040    1.789
     1.72    0.980   10.040    0.674
     1.78    1.035   10.040    0.652
     1.85    0.995   10.040    1.005
     1.91    0.945   10.040    1.145
     1.98    0.935   10.040    1.197
     2.05    0.945   10.040    1.429
     2.11    0.975   10.040    1.215
     2.18    1.015   10.040    0.564
     2.24    1.015   10.040    1.221
     2.31    0.965   10.040    1.378
     2.38    0.975   10.040    0.994
     2.44    1.005   10.040    1.101
     2.51    1.000   10.040    1.101
     2.57    0.995   10.040    1.409
     2.64    0.995   10.040    0.814
     2.71    1.020   10.040    0.882
     2.77    0.990   10.040    0.449
     2.84    0.950   10.040    1.215
     2.90    0.900   10.040    0.116
     2.97    0.885   10.040    0.849
     3.04    0.805   10.040    1.220
     3.10    0.790   10.040    1.011
     3.17    0.825   10.040    0.719
     3.23    0.835   10.040    1.514
     3.30    0.830   10.040    0.788
     3.37    0.890   10.040    1.293
     3.43    0.955   10.040    0.908
     3.50    0.990   10.040    1.042
     3.56    0.975   10.040    1.369
     3.63    0.975   10.040    0.916
     3.70    0.990   10.040    1.518
     3.76    0.990   10.040    0.333
     3.83    1.010   10.040    0.769
     3.89    0.940   10.040    0.846
     3.96    0.900   10.040    1.014
     4.03    0.875   10.040    0.774
     4.09    0.875   10.040    0.799
     4.16    0.850   10.040    0.910
     4.22    0.835   10.040    0.908
     4.29    0.830   10.040    0.985
     4.36    0.825   10.040    1.363
     4.42    0.830   10.040    1.211
     4.49    0.835   10.040    1.179
     4.55    0.865   10.040    0.574
     4.62    0.880   10.040    1.533
     4.69    0.860   10.040    1.547
     4.75    0.915   10.040    1.019
     4.82    0.965   10.040    1.217
     4.88    0.975   10.040    1.310
     4.95    1.000   10.040    0.828
     5.02    1.010   10.040    0.920
     5.08    0.985   10.040    1.410
     5.15    0.970   10.040    0.698
     5.21    0.990   10.040    1.157
     5.28    0.960   10.040    1.087
     5.35    0.960   10.040    1.217
     5.41    0.960   10.040    0.790
     5.48    0.965   10.040    0.245
     5.54    0.920   10.040    1.525
     5.61    0.860   10.040    1.022
     5.68    0.900   10.040    1.523
     5.74    0.925   10.040    0.835
     5.81    0.960   10.040    0.786
     5.87    0.945   10.040    1.276
     5.94    0.925   10.040    0.752
     6.01    0.940   10.040    0.444
     6.07    0.900   10.040    1.053
     6.14    0.850   10.040    1.250
     6.20    0.855   10.040    1.010
     6.27    0.885   10.040    0.452
     6.34    0.885   10.040    1.559
     6.40    0.850   10.040    1.453
     6.47    0.905   10.040    0.916
     6.53    0.950   10.040    1.180
     6.60    0.955   10.040    1.000
     6.67    0.965   10.040    1.376
     6.73    0.965   10.040    1.265
     6.80    0.990   10.040    1.312
     6.86    1.015   10.040    0.622
     6.93    1.025   10.040    1.582
     7.00    0.995   10.040    0.440
     7.06    1.010   10.040    0.310
     7.13    0.940   10.040    0.967
     7.19    0.865   10.040    1.450
     7.26    0.865   10.040    1.165
     7.33    0.915   10.040    0.494
     7.39    0.925   10.040    0.294
     7.46    0.865   10.040    1.599
     7.52    0.810   10.040    1.252
     7.59    0.865   10.040    0.797
     7.66    0.900   10.040    1.325
     7.72    0.895   10.040    1.628
     7.79    0.935   10.040    1.022
     7.85    0.985   10.040    0.845
     7.92    0.985   10.040    0.998
     7.99    0.960   10.040    0.877
     8.05    0.945   10.040    1.052
     8.12    0.930   10.040    1.041
     8.18    0.925   10.040    1.216
     8.25    0.930   10.040    1.169
     8.32    0.950   10.040    1.256
     8.38    0.975   10.040    1.317
     8.45    1.000   10.040    0.595
     8.51    1.005   10.040    0.895
     8.58    0.960   10.040    1.309
     8.65    0.940   10.040    0.879
     8.71    0.965   10.040    1.219
     8.78    0.955   10.040    0.769
     8.84    0.955   10.040    0.723
     8.91    0.920   10.040    1.299
     8.98    0.900   10.040    1.384
     9.04    0.935   10.040    0.902
     9.11    0.970   10.040    0.932
     9.17    0.955   10.040    1.254
     9.24    0.945   10.040    1.018
     9.31    0.960   10.040    0.896
     9.37    0.960   10.040    1.047
     9.44    0.945   10.040    1.285
     9.50    0.940   10.040    1.433
     9.57    0.965   10.040    1.251
     9.64    1.010   10.040    0.933
     9.70    1.025   10.040    0.543
     9.77    1.000   10.040    1.069
     9.83    0.945   10.040    0.788
     9.90    0.930   10.040    0.628
     9.97    0.895   10.040    0.539
    10.03    0.845   10.040    0.916
    10.10    0.805   10.040    1.398
    10.16    0.810   10.040    1.094
    10.23    0.850   10.040    0.230
    10.30    0.850   10.040    1.262
    10.36    0.795   10.040    0.789
    10.43    0.815   10.040    0.966
    10.49    0.815   10.040    1.098
    10.56    0.820   10.040    0.777
    10.63    0.830   10.040    0.906
    10.69    0.815   10.040    0.302
    10.76    0.800   10.040    0.903
    10.82    0.745   10.040    0.928
    10.89    0.745   10.040    1.012
    10.96    0.760   10.040    1.000
    11.02    0.770   10.040    1.766
    11.09    0.805   10.040    0.731
    11.15    0.880   10.040    0.439
    11.22    0.860   10.040    1.548
    11.29    0.825   10.040    0.919
    11.35    0.870   10.040    1.167
    11.42    0.880   10.040    1.673
    11.48    0.910   10.040    0.440
    11.55    0.965   10.040    1.455
    11.62    0.930   10.040    0.931
    11.68    0.955   10.040    1.101
    11.75    0.950   10.040    0.594
    11.81    0.940   10.040    0.742
    11.88    0.895   10.040    0.517
    11.95    0.850   10.040    1.096
    12.01    0.810   10.040    0.766
    12.08    0.815   10.040    0.845
    12.14    0.800   10.040    0.967
    12.21    0.790   10.040    1.433
    12.28    0.810   10.040    0.972
    12.34    0.860   10.040    1.605
    12.41    0.890   10.040    0.620
    12.47    0.935   10.040    1.039
    12.54    0.910   10.040    0.565
    12.61    0.890   10.040    0.722
    12.67    0.845   10.040    1.199
    12.74    0.825   10.040    1.411
    12.80    0.860   10.040    1.654
    12.87    0.920   10.040    1.177
    12.94    0.980   10.040    0.556
    13.00    0.985   10.040    0.699
    13.07    0.930   10.040    1.857
    13.13    0.915   10.040    0.975
    13.20    0.975   10.040    0.759
    13.27    0.975   10.040    1.119
    13.33    0.945   10.040    0.713
    13.40    0.940   10.040    0.568
    13.46    0.900   10.040    1.174
    13.53    0.860   10.040    1.377
    13.60    0.880   10.040    1.102
    13.66    0.920   10.040    0.932
    13.73    0.935   10.040    1.216
    13.79    0.935   10.040    0.744
    13.86    0.940   10.040    0.661
    13.93    0.910   10.040    0.323
    13.99    0.855   10.040    0.764
    14.06    0.790   10.040    0.811
    14.12    0.765   10.040    1.199
    14.19    0.770   10.040    1.356
    14.26    0.810   10.040    0.911
    14.32    0.850   10.040    1.241
    14.39    0.860   10.040    0.781
    14.45    0.880   10.040    0.759
    14.52    0.865   10.040    1.383
    14.59    0.855   10.040    1.178
    14.65    0.890   10.040    1.147
    14.72    0.915   10.040    0.784
    14.78    0.920   10.040    0.953
    14.85    0.900   10.040    0.672
    14.92    0.885   10.040    0.793
    14.98    0.855   10.040    1.296
    15.05    0.840   10.040    1.194
    15.11    0.870   10.040    1.424
    15.18    0.905   10.040    1.054
    15.25    0.950   10.040    0.854
    15.31    0.955   10.040    0.893
    15.38    0.935   10.040    0.537
    15.44    0.905   10.040    1.189
    15.51    0.865   10.040    1.126
    15.58    0.880   10.040    0.799
    15.64    0.895   10.040    0.934
    15.71    0.880   10.040    1.129
    15.77    0.875   10.040    1.310
    15.84    0.895   10.040    1.048
    15.91    0.925   10.040    1.105
    15.97    0.940   10.040    0.896
    16.04    0.945   10.040    1.212
    16.10    0.935   10.040    0.902
    16.17    0.940   10.040    1.195
    16.24    0.935   10.040    1.018
    16.30    0.950   10.040    1.000
    16.37    0.950   10.040    0.508
    16.43    0.930   10.040    1.083
    16.50    0.885   10.040    0.614
    16.57    0.875   10.040    1.286
    16.63    0.855   10.040    0.977
    16.70    0.885   10.040    0.801
    16.76    0.885   10.040    1.474
    16.83    0.875   10.040    0.876
    16.90    0.915   10.040    0.469
    16.96    0.895   10.040    1.282
    17.03    0.855   10.040    1.147
    17.09    0.880   10.040    1.187
    17.16    0.905   10.040    0.939
    17.23    0.915   10.040    1.448
    17.29    0.925   10.040    0.686
    17.36    0.955   10.040    0.661
    17.42    0.920   10.040    0.894
    17.49    0.875   10.040    0.952
    17.56    0.860   10.040    1.069
    17.62    0.855   10.040    0.521
    17.69    0.855   10.040    0.803
    17.75    0.815   10.040    1.270
    17.82    0.805   10.040    0.613
    17.89    0.825   10.040    1.182
    17.95    0.810   10.040    1.186
    18.02    0.835   10.040    1.112
    18.08    0.865   10.040    1.725
    18.15    0.905   10.040    0.669
    18.22    0.970   10.040    1.026
    18.28    0.945   10.040    0.840
    18.35    0.930   10.040    1.652
    18.41    0.930   10.040    1.370
    18.48    1.000   10.040    1.186
    18.55    1.035   10.040    1.553
    18.61    1.055   10.040    0.565
    18.68    1.070   10.040    1.114
    18.74    1.025   10.040    0.831
    18.81    1.010   10.040    0.500
    18.88    0.970   10.040    0.639
    18.94    0.905   10.040    1.260
    19.01    0.870   10.040    0.504
    19.07    0.875   10.040    0.836
    19.14    0.835   10.040    0.808
    19.21    0.815   10.040    0.776
    19.27    0.800   10.040    1.216
    19.34    0.795   10.040    1.697
    19.40    0.840   10.040    0.846
    19.47    0.910   10.040    1.325
    19.54    0.925   10.040    0.856
    19.60    0.945   10.040    1.292
    19.67    0.940   10.040    0.780
    19.73    0.950   10.040    0.347
    19.80    0.905   10.040    1.280
    19.87    0.855   10.040    0.981
    19.93    0.875   10.040    1.315
    20.00    0.885   10.040    1.142
    20.06    0.915   10.040    1.060
    20.13    0.930   10.040    0.693
    20.20    0.925   10.040    1.242
    20.26    0.905   10.040    0.956
    20.33    0.920   10.040    1.229
    20.39    0.920   10.040    1.008
    20.46    0.935   10.040    1.194
    20.53    0.940   10.040    0.726
    20.59    0.950   10.040    1.372
    20.66    0.930   10.040    0.578
    20.72    0.940   10.040    1.727
    20.79    0.920   10.040    1.169
    20.86    0.980   10.040    0.371
    20.92    0.990   10.040    1.204
    20.99    0.925   10.040    1.069
    21.05    0.925   10.040    0.862
    21.12    0.930   10.040    1.155
    21.19    0.920   10.040    0.925
    21.25    0.925   10.040    1.538
    21.32    0.935   10.040    1.325
    21.38    0.985   10.040    1.119
    21.45    1.010   10.040    1.099
    21.52    1.015   10.040    0.960
    21.58    1.015   10.040    0.439
    21.65    0.985   10.040    1.206
    21.71    0.930   10.040    1.151
    21.78    0.935   10.040    0.750
    21.85    0.940   10.040    0.864
    21.91    0.915   10.040    0.657
    21.98    0.890   10.040    0.993
    22.04    0.855   10.040    0.662
    22.11    0.845   10.040    1.118
    22.18    0.820   10.040    0.761
    22.24    0.830   10.040    1.107
    22.31    0.825   10.040    0.541
    22.37    0.830   10.040    1.332
    22.44    0.810   10.040    0.605
    22.51    0.830   10.040    0.292
    22.57    0.790   10.040    1.072
    22.64    0.735   10.040    0.996
    22.70    0.750   10.040    1.160
    22.77    0.780   10.040    1.418
    22.84    0.820   10.040    1.194
    22.90    0.875   10.040    1.046
    22.97    0.900   10.040    1.024
    23.03    0.910   10.040    0.839
    23.10    0.910   10.040    1.190
    23.17    0.905   10.040    0.943
    23.23    0.910   10.040    1.514
    23.30    0.915   10.040    0.812
    23.36    0.955   10.040    1.430
    23.43    0.950   10.040    0.760
    23.50    0.980   10.040    1.075
    23.56    0.955   10.040    1.247
    23.63    0.955   10.040    1.124
    23.69    0.975   10.040    1.597
    23.76    1.000   10.040    1.037
    23.83    1.045   10.040    0.788
    23.89    1.035   10.040    0.739
    23.96    0.990   10.040    0.999
    24.02    0.955   10.040    1.026
    24.09    0.940   10.040    1.233
    24.16    0.945   10.040    1.082
    24.22    0.955   10.040    0.702
    24.29    0.950   10.040    1.050
    24.35    0.915   10.040    0.949
    24.42    0.915   10.040    1.382
    24.49    0.920   10.040    1.391
    24.55    0.960   10.040    1.582
    24.62    1.000   10.040    0.620
    24.68    1.035   10.040    1.045
    24.75    0.995   10.040    1.440
    24.82    0.995   10.040    0.642
    24.88    1.005   10.040    1.001
    24.95    0.965   10.040    1.394
    25.01    0.955   10.040    1.004
    25.08    0.985   10.040    0.884
    25.15    0.980   10.040    1.333
    25.21    0.970   10.040    1.098
    25.28    0.985   10.040    0.763
    25.34    0.990   10.040    0.674
    25.41    0.990   10.040    1.090
    25.48    0.965   10.040    1.244
    25.54    0.960   10.040    1.008
    25.61    0.975   10.040    0.846
    25.67    0.965   10.040    1.402
    25.74    0.955   10.040    1.096
    25.81    0.985   10.040    0.393
    25.87    0.970   10.040    1.111
    25.94    0.910   10.040    1.465
    26.00    0.920   10.040    0.840
    26.07    0.955   10.040    0.679
    26.14    0.940   10.040    0.817
    26.20    0.895   10.040    1.295
    26.27    0.880   10.040    1.334
    26.33    0.910   10.040    0.156
    26.40    0.925   10.040    0.356
    26.47    0.835   10.040    0.811
    26.53    0.765   10.040    1.193
    26.60    0.755   10.040    1.061
    26.66    0.785   10.040    1.253
    26.73    0.815   10.040    0.918
    26.80    0.850   10.040    0.874
    26.86    0.855   10.040    0.986
    26.93    0.845   10.040    0.914
    26.99    0.830   10.040    0.587
    27.06    0.820   10.040    1.420
    27.13    0.800   10.040    1.304
    27.19    0.855   10.040    1.378
    27.26    0.905   10.040    0.612
    27.32    0.940   10.040    1.551
    27.39    0.920   10.040    1.249
    27.46    0.965   10.040    1.398
    27.52    0.995   10.040    1.019
    27.59    1.030   10.040    0.741
    27.65    1.015   10.040    1.331
    27.72    0.985   10.040    1.190
    27.79    1.000   10.040    0.824
    27.85    1.005   10.040    0.638
    27.92    0.970   10.040    1.086
    27.98    0.925   10.040    0.854
    28.05    0.920   10.040    1.441
    28.12    0.915   10.040    1.147
    28.18    0.955   10.040    0.831
    28.25    0.970   10.040    1.121
    28.31    0.950   10.040    0.439
    28.38    0.935   10.040    1.179
    28.45    0.885   10.040    0.074
    28.51    0.870   10.040    1.437
    28.58    0.805   10.040    0.956
    28.64    0.840   10.040    0.733
    28.71    0.845   10.040    0.934
    28.78    0.825   10.040    1.044
    28.84    0.825   10.040    1.113
    28.91    0.845   10.040    0.652
    28.97    0.860   10.040    0.893
    29.04    0.835   10.040    1.402
    29.11    0.830   10.040    1.103
    29.17    0.875   10.040    1.033
    29.24    0.895   10.040    1.540
    29.30    0.920   10.040    0.267
    29.37    0.950   10.040    1.270
    29.44    0.895   10.040    0.978
    29.50    0.900   10.040    1.329
    29.57    0.910   10.040    0.777
    29.63    0.930   10.040    0.860
    29.70    0.910   10.040    1.015
    29.77    0.895   10.040    0.987
    29.83    0.890   10.040    0.869
    29.90    0.885   10.040    0.441
    29.96    0.855   10.040    1.177
    30.03    0.815   10.040    1.605
    30.10    0.850   10.040    1.360
    30.16    0.925   10.040    0.978
    30.23    0.960   10.040    0.421
    30.29    0.940   10.040    1.382
    30.36    0.895   10.040    1.367
    30.43    0.930   10.040    0.926
    30.49    0.965   10.040    1.044
    30.56    0.960   10.040    1.048
    30.62    0.950   10.040    1.054
    30.69    0.950   10.040    0.975
    30.76    0.955   10.040    0.431
    30.82    0.935   10.040    1.272
    30.89    0.890   10.040    1.717
    30.95    0.920   10.040    0.799
    31.02    0.980   10.040    1.141
    31.09    0.975   10.040    0.755
    31.15    0.970   10.040    1.200
    31.22    0.950   10.040    0.475
    31.28    0.940   10.040    0.992
    31.35    0.895   10.040    0.973
    31.42    0.885   10.040    0.977
    31.48    0.885   10.040    1.234
    31.55    0.890   10.040    1.472
    31.61    0.920   10.040    0.929
    31.68    0.960   10.040    0.906
    31.75    0.955   10.040    1.207
    31.81    0.945   10.040    0.492
    31.88    0.945   10.040    0.905
    31.94    0.890   10.040    0.976
    32.01    0.875   10.040    0.845
    32.08    0.865   10.040    0.807
    32.14    0.855   10.040    1.209
    32.21    0.840   10.040    1.390
    32.27    0.850   10.040    0.669
    32.34    0.885   10.040    1.090
    32.41    0.865   10.040    1.594
    32.47    0.885   10.040    0.982
    32.54    0.945   10.040    1.016
    32.60    0.955   10.040    1.023
    32.67    0.945   10.040    0.006
    32.74    0.915   10.040    1.302
    32.80    0.830   10.040    0.463
    32.87    0.835   10.040    1.379
    32.93    0.810   10.040    1.335
    33.00    0.855   10.040    1.365
    33.07    0.905   10.040    1.237
    33.13    0.945   10.040    1.434
    33.20    0.985   10.040    0.833
    33.26    1.015   10.040    1.067
    33.33    0.995   10.040    0.632
    33.40    0.975   10.040    0.726
    33.46    0.925   10.040    1.528
    33.53    0.905   10.040    0.602
    33.59    0.940   10.040    1.098
    33.66    0.915   10.040    1.126
    33.73    0.915   10.040    0.643
    33.79    0.910   10.040    1.213
    33.86    0.890   10.040    0.986
    33.92    0.905   10.040    1.601
    33.99    0.925   10.040    1.345
    34.06    0.980   10.040    0.605
    34.12    1.000   10.040    0.631
    34.19    0.950   10.040    0.620
    34.25    0.890   10.040    0.826
    34.32    0.845   10.040    1.036
    34.39    0.830   10.040    0.440
    34.45    0.820   10.040    1.245
    34.52    0.790   10.040    1.059
    34.58    0.815   10.040    1.392
    34.65    0.850   10.040    1.637
    34.72    0.915   10.040    0.210
    34.78    0.955   10.040    0.875
    34.85    0.885   10.040    0.607
    34.91    0.845   10.040    1.015
    34.98    0.815   10.040    1.004
    35.05    0.825   10.040    0.716
    35.11    0.830   10.040    0.416
    35.18    0.795   10.040    1.020
    35.24    0.750   10.040    1.292
    35.31    0.770   10.040    1.054
    35.38    0.815   10.040    1.099
    35.44    0.845   10.040    1.167
    35.51    0.870   10.040    0.660
    35.57    0.880   10.040    0.801
    35.64    0.850   10.040    0.903
    35.71    0.825   10.040    0.456
    35.77    0.815   10.040    0.368
    35.84    0.760   10.040    0.399
    35.90    0.695   10.040    0.790
    35.97    0.655   10.040    0.791
    36.04    0.650   10.040    1.100
    36.10    0.660   10.040    1.233
    36.17    0.705   10.040    0.851
    36.23    0.755   10.040    0.726
    36.30    0.760   10.040    0.712
    36.37    0.745   10.040    1.049
    36.43    0.735   10.040    1.393
    36.50    0.765   10.040    0.886
    36.56    0.810   10.040    1.315
    36.63    0.830   10.040    0.371
    36.70    0.855   10.040    1.358
    36.76    0.820   10.040    1.381
    36.83    0.860   10.040    1.031
    36.89    0.900   10.040    1.582
    36.96    0.925   10.040    1.397
    37.03    0.985   10.040    1.222
    37.09    1.035   10.040    1.068
    37.16    1.045   10.040    0.677
    37.22    1.025   10.040    0.963
    37.29    0.975   10.040    0.742
    37.36    0.950   10.040    0.807
    37.42    0.915   10.040    0.678
    37.49    0.880   10.040    1.056
    37.55    0.850   10.040    0.673
    37.62    0.845   10.040    1.223
    37.69    0.830   10.040    1.051
    37.75    0.855   10.040    0.641
    37.82    0.865   10.040    0.902
    37.88    0.835   10.040    1.292
    37.95    0.830   10.040    1.456
    38.02    0.875   10.040    0.398
    38.08    0.910   10.040    0.883
    38.15    0.860   10.040    1.085
    38.21    0.850   10.040    1.164
    38.28    0.860   10.040    1.139
    38.35    0.885   10.040    1.724
    38.41    0.920   10.040    0.841
    38.48    0.985   10.040    1.139
    38.54    0.980   10.040    0.889
    38.61    0.975   10.040    1.268
    38.68    0.960   10.040    1.394
    38.74    0.985   10.040    1.458
    38.81    1.030   10.040    0.306
    38.87    1.050   10.040    0.843
    38.94    0.975   10.040    0.914
    39.01    0.935   10.040    0.388
    39.07    0.905   10.040    0.764
    39.14    0.845   10.040    0.347
    39.20    0.800   10.040    1.330
    39.27    0.760   10.040    0.810
    39.34    0.785   10.040    0.765
    39.40    0.780   10.040    0.330
    39.47    0.755   10.040    1.408
    39.53    0.725   10.040    0.633
    39.60    0.770   10.040    1.030
    39.67    0.765   10.040    0.078
    39.73    0.775   10.040    0.841
    39.80    0.785   10.040    0.873
    39.86    0.775   10.040    0.908
    39.93    0.780   10.040    0.362
    40.00    0.770   10.040    0.992
    40.06    0.730   10.040    1.076
    40.13    0.740   10.040    0.465
    40.19    0.745   10.040    0.855
    40.26    0.715   10.040    0.648
    40.33    0.700   10.040    1.065
    40.39    0.700   10.040    0.897
    40.46    0.725   10.040    0.885
    40.52    0.740   10.040    0.770
    40.59    0.745   10.040    1.357
    40.66    0.750   10.040    0.949
    40.72    0.795   10.040    0.511
    40.79    0.800   10.040    0.908
    40.85    0.765   10.040    1.246
    40.92    0.775   10.040    0.999
    40.99    0.815   10.040    0.616
    41.05    0.820   10.040    1.286
    41.12    0.800   10.040    0.219
    41.18    0.810   10.040    0.803
    41.25    0.755   10.040    0.982
    41.32    0.740   10.040    0.884
    41.38    0.755   10.040    0.377
    41.45    0.750   10.040    1.585
    41.51    0.730   10.040    2.045
    41.58    0.820   10.040    0.855
    41.65    0.935   10.040    0.844
    41.71    0.940   10.040    0.783
    41.78    0.915   10.040    0.975
    41.84    0.890   10.040    1.275
    41.91    0.890   10.040    0.859
    41.98    0.910   10.040    1.132
    42.04    0.910   10.040    1.430
    42.11    0.930   10.040    0.227
    42.17    0.950   10.040    0.851
    42.24    0.875   10.040    1.083
    42.31    0.855   10.040    0.635
    42.37    0.855   10.040    0.550
    42.44    0.820   10.040    0.529
    42.50    0.770   10.040    1.218
    42.57    0.745   10.040    0.802
    42.64    0.765   10.040    1.258
    42.70    0.775   10.040    0.962
    42.77    0.810   10.040    0.668
    42.83    0.820   10.040    0.878
    42.90    0.800   10.040    0.952
    42.97    0.795   10.040    0.995
    43.03    0.795   10.040    0.528
    43.10    0.795   10.040    0.962
    43.16    0.760   10.040    0.908
    43.23    0.770   10.040    1.003
    43.30    0.780   10.040    1.275
    43.36    0.800   10.040    0.722
    43.43    0.830   10.040    1.158
    43.49    0.820   10.040    0.637
    43.56    0.830   10.040    0.516
    43.63    0.795   10.040    1.480
    43.69    0.775   10.040    1.574
    43.76    0.840   10.040    0.908
    43.82    0.905   10.040    1.075
    43.89    0.910   10.040    1.292
    43.96    0.920   10.040    0.618
    44.02    0.940   10.040    0.604
    44.09    0.900   10.040    0.740
    44.15    0.850   10.040    0.701
    44.22    0.815   10.040    1.091
    44.29    0.800   10.040    1.043
    44.35    0.815   10.040    1.681
    44.42    0.855   10.040    1.150
    44.48    0.935   10.040    0.552
    44.55    0.945   10.040    1.150
    44.62    0.900   10.040    0.864
    44.68    0.905   10.040    0.404
    44.75    0.880   10.040    0.732
    44.81    0.820   10.040    0.548
    44.88    0.785   10.040    0.807
    44.95    0.745   10.040    0.627
    45.01    0.730   10.040    0.951
    45.08    0.715   10.040    0.634
    45.14    0.720   10.040    0.989
    45.21    0.715   10.040    0.806
    45.28    0.730   10.040    1.205
    45.34    0.740   10.040    1.001
    45.41    0.770   10.040    1.605
    45.47    0.805   10.040    1.160
    45.54    0.880   10.040    1.244
    45.61    0.920   10.040    1.185
    45.67    0.950   10.040    0.984
    45.74    0.965   10.040    1.230
    45.80    0.960   10.040    1.326
    45.87    0.975   10.040    1.082
    45.94    1.005   10.040    1.000
    46.00    1.005   10.040    0.956
    46.07    0.990   10.040    1.297
    46.13    0.980   10.040    0.702
    46.20    0.975   10.040    1.493
    46.27    0.960   10.040    0.767
    46.33    0.985   10.040    1.012
    46.40    0.965   10.040    0.911
    46.46    0.950   10.040    0.685
    46.53    0.925   10.040    0.660
    46.60    0.885   10.040    1.080
    46.66    0.855   10.040    0.856
    46.73    0.855   10.040    1.262
    46.79    0.855   10.040    0.949
    46.86    0.880   10.040    0.619
    46.93    0.875   10.040    1.376
    46.99    0.855   10.040    0.791
    47.06    0.885   10.040    1.020
    47.12    0.875   10.040    1.001
    47.19    0.875   10.040    1.089
    47.26    0.880   10.040    1.140
    47.32    0.900   10.040    1.076
    47.39    0.920   10.040    0.940
    47.45    0.925   10.040    1.138
    47.52    0.915   10.040    1.222
    47.59    0.930   10.040    1.223
    47.65    0.955   10.040    0.571
    47.72    0.965   10.040    1.280
    47.78    0.930   10.040    0.417
    47.85    0.920   10.040    0.887
    47.92    0.865   10.040    1.205
    47.98    0.850   10.040    1.296
    48.05    0.885   10.040    1.318
    48.11    0.930   10.040    1.893
    48.18    0.980   10.040    1.074
    48.25    1.055   10.040    1.079
    48.31    1.060   10.040    0.817
    48.38    1.040   10.040    1.890
    48.44    1.030   10.040    1.084
    48.51    1.085   10.040    0.716
    48.58    1.070   10.040    0.855
    48.64    1.020   10.040    1.425
    48.71    0.995   10.040    1.563
    48.77    1.030   10.040    1.239
    48.84    1.070   10.040    0.837
    48.91    1.075   10.040    1.033
    48.97    1.045   10.040    1.013
    49.04    1.030   10.040    1.373
    49.10    1.020   10.040    1.049
    49.17    1.035   10.040    0.984
    49.24    1.030   10.040    0.528
    49.30    1.000   10.040    1.287
    49.37    0.950   10.040    1.410
    49.43    0.965   10.040    1.033
    49.50    0.995   10.040    0.872
    49.57    0.995   10.040    1.343
    49.63    0.980   10.040    1.220
    49.70    1.005   10.040    0.839
    49.76    1.005   10.040    0.232
    49.83    0.960   10.040    0.517
    49.90    0.865   10.040    0.908
    49.96    0.810   10.040    1.045
    50.03    0.805   10.040    0.972
    50.09    0.815   10.040    0.808
    50.16    0.815   10.040    0.789
    50.23    0.800   10.040    1.031
    50.29    0.795   10.040    0.708
    50.36    0.800   10.040    0.996
    50.42    0.790   10.040    1.140
    50.49    0.800   10.040    0.996
    50.56    0.820   10.040    0.732
    50.62    0.820   10.040    1.052
    50.69    0.805   10.040    1.286
    50.75    0.830   10.040    1.373
    50.82    0.880   10.040    1.426
    50.89    0.930   10.040    0.895
    50.95    0.965   10.040    1.351
    51.02    0.960   10.040    0.915
    51.08    0.985   10.040    0.675
    51.15    0.965   10.040    1.466
    51.22    0.935   10.040    1.008
    51.28    0.965   10.040    0.778
    51.35    0.955   10.040    0.626
    51.41    0.920   10.040    0.822
    51.48    0.875   10.040    0.559
    51.55    0.845   10.040    0.937
    51.61    0.810   10.040    0.761
    51.68    0.800   10.040    0.543
    51.74    0.780   10.040    0.358
    51.81    0.730   10.040    1.267
    51.88    0.700   10.040    0.988
    51.94    0.740   10.040    1.156
    52.01    0.770   10.040    0.886
    52.07    0.795   10.040    0.966
    52.14    0.800   10.040    1.053
    52.21    0.810   10.040    0.547
    52.27    0.820   10.040    0.842
    52.34    0.785   10.040    0.964
    52.40    0.775   10.040    0.627
    52.47    0.775   10.040    1.047
    52.54    0.755   10.040    0.555
    52.60    0.765   10.040    0.346
    52.67    0.725   10.040    0.719
    52.73    0.675   10.040    0.847
    52.80    0.665   10.040    0.738
    52.87    0.665   10.040    1.097
    52.93    0.665   10.040    0.763
    53.00    0.695   10.040    0.749
    53.06    0.695   10.040    0.898
    53.13    0.695   10.040    0.856
    53.20    0.710   10.040    1.032
    53.26    0.720   10.040    0.916
    53.33    0.745   10.040    1.427
    53.39    0.765   10.040    1.331
    53.46    0.825   10.040    1.055
    53.53    0.875   10.040    0.954
    53.59    0.890   10.040    1.348
    53.66    0.900   10.040    0.381
    53.72    0.915   10.040    0.702
    53.79    0.855   10.040    0.997
    53.86    0.820   10.040    0.396
    53.92    0.810   10.040    0.769
    53.99    0.760   10.040    1.597
    54.05    0.765   10.040    0.457
    54.12    0.820   10.040    0.775
    54.19    0.785   10.040    1.242
    54.25    0.780   10.040    0.875
    54.32    0.810   10.040    1.105
    54.38    0.820   10.040    1.568
    54.45    0.855   10.040    0.952
    54.52    0.915   10.040    1.590
    54.58    0.935   10.040    0.825
    54.65    0.980   10.040    1.157
    54.71    0.970   10.040    1.533
    54.78    0.990   10.040    1.137
    54.85    1.030   10.040    1.026
    54.91    1.035   10.040    1.304
    54.98    1.030   10.040    1.191
    55.04    1.045   10.040    1.002
    55.11    1.050   10.040    1.062
    55.18    1.035   10.040    1.238
    55.24    1.025   10.040    1.116
    55.31    1.035   10.040    0.510
    55.37    1.020   10.040    0.982
    55.44    0.960   10.040    1.401
    55.51    0.945   10.040    0.902
    55.57    0.970   10.040    0.243
    55.64    0.940   10.040    1.277
    55.70    0.870   10.040    1.869
    55.77    0.910   10.040    0.626
    55.84    0.980   10.040    1.454
    55.90    0.955   10.040    0.633
    55.97    0.975   10.040    1.763
    56.03    0.965   10.040    1.271
    56.10    1.030   10.040    0.823
    56.17    1.045   10.040    1.347
    56.23    1.020   10.040    1.005
    56.30    1.030   10.040    0.468
    56.36    1.010   10.040    0.866
    56.43    0.940   10.040    0.744
    56.50    0.905   10.040    1.396
    56.56    0.890   10.040    0.588
    56.63    0.915   10.040    1.358
    56.69    0.895   10.040    1.258
    56.76    0.930   10.040    0.705
    56.83    0.950   10.040    1.151
    56.89    0.920   10.040    1.081
    56.96    0.930   10.040    0.851
    57.02    0.935   10.040    0.412
    57.09    0.905   10.040    1.249
    57.16    0.855   10.040    0.904
    57.22    0.865   10.040    0.429
    57.29    0.850   10.040    0.797
    57.35    0.800   10.040    0.956
    57.42    0.785   10.040    1.204
    57.49    0.800   10.040    1.258
    57.55    0.835   10.040    1.024
    57.62    0.870   10.040    1.418
    57.68    0.890   10.040    1.282
    57.75    0.945   10.040    0.051
    57.82    0.950   10.040    0.884
    57.88    0.855   10.040    1.266
    57.95    0.835   10.040    1.112
    58.01    0.865   10.040    1.378
    58.08    0.895   10.040    1.552
    58.15    0.950   10.040    1.033
    58.21    1.005   10.040    0.757
    58.28    1.000   10.040    1.088
    58.34    0.965   10.040    1.001
    58.41    0.955   10.040    0.904
    58.48    0.950   10.040    1.119
    58.54    0.940   10.040    0.390
    58.61    0.925   10.040    0.753
    58.67    0.865   10.040    0.467
    58.74    0.820   10.040    1.359
    58.81    0.790   10.040    0.606
    58.87    0.820   10.040    0.959
    58.94    0.800   10.040    1.128
    59.00    0.805   10.040    0.977
    59.07    0.825   10.040    0.581
    59.14    0.825   10.040    0.821
    59.20    0.795   10.040    0.864
    59.27    0.785   10.040    0.894
    59.33    0.785   10.040    1.108
    59.40    0.790   10.040    0.671
    59.47    0.800   10.040    0.969
    59.53    0.785   10.040    0.873
    59.60    0.790   10.040    0.673
    59.66    0.790   10.040    1.055
    59.73    0.775   10.040    1.474
    59.80    0.805   10.040    1.268
    59.86    0.860   10.040    1.204
    59.93    0.905   10.040    1.152
    59.99    0.935   10.040    1.228
    60.06    0.960   10.040    0.769
    60.13    0.970   10.040    0.826
    60.19    0.940   10.040    1.190
    60.26    0.920   10.040    0.650
    60.32    0.920   10.040    0.827
    60.39    0.890   10.040    1.605
    60.46    0.885   10.040    0.859
    60.52    0.935   10.040    0.810
    60.59    0.920   10.040    1.728
    60.65    0.915   10.040    1.305
    60.72    0.990   10.040    1.066
    60.79    1.025   10.040    0.515
    60.85    1.010   10.040    1.020
    60.92    0.950   10.040    1.129
    60.98    0.940   10.040    1.015
    61.05    0.945   10.040    0.724
    61.12    0.940   10.040    0.919
    61.18    0.905   10.040    0.811
    61.25    0.890   10.040    1.293
    61.31    0.880   10.040    0.964
    61.38    0.905   10.040    1.067
    61.45    0.915   10.040    0.695
    61.51    0.910   10.040    1.285
    61.58    0.890   10.040    1.083
    61.64    0.915   10.040    1.279
    61.71    0.935   10.040    1.152
    61.78    0.965   10.040    1.255
    61.84    0.985   10.040    0.997
    61.91    0.995   10.040    0.627
    61.97    0.975   10.040    1.329
    62.04    0.940   10.040    0.768
    62.11    0.960   10.040    0.773
    62.17    0.930   10.040    0.853
    62.24    0.900   10.040    0.903
    62.30    0.880   10.040    1.436
    62.37    0.885   10.040    0.715
    62.44    0.920   10.040    0.793
    62.50    0.895   10.040    0.827
    62.57    0.870   10.040    0.670
    62.63    0.840   10.040    0.780
    62.70    0.810   10.040    1.454
    62.77    0.810   10.040    0.747
    62.83    0.855   10.040    0.761
    62.90    0.845   10.040    0.327
    62.96    0.810   10.040    0.767
    63.03    0.750   10.040    1.088
    63.10    0.740   10.040    1.299
    63.16    0.770   10.040    1.532
    63.23    0.835   10.040    1.001
    63.29    0.905   10.040    0.468
    63.36    0.905   10.040    0.922
    63.43    0.855   10.040    0.809
    63.49    0.835   10.040    0.850
    63.56    0.820   10.040    0.450
    63.62    0.800   10.040    1.400
    63.69    0.770   10.040    1.225
    63.76    0.820   10.040    1.515
    63.82    0.870   10.040    0.956
    63.89    0.925   10.040    1.385
    63.95    0.940   10.040    0.912
    64.02    0.970   10.040    1.119
    64.09    0.965   10.040    0.687
    64.15    0.955   10.040    0.826
    64.22    0.915   10.040    0.826
    64.28    0.890   10.040    1.124
    64.35    0.875   10.040    0.538
    64.42    0.880   10.040    0.720
    64.48    0.835   10.040    1.489
    64.55    0.825   10.040    1.417
    64.61    0.885   10.040    0.680
    64.68    0.930   10.040    1.196
    64.75    0.915   10.040    0.408
    64.81    0.915   10.040    1.057
    64.88    0.865   10.040    0.978
    64.94    0.865   10.040    0.599
    65.01    0.860   10.040    1.495
    65.08    0.840   10.040    1.027
    65.14    0.895   10.040    1.077
    65.21    0.910   10.040    0.570
    65.27    0.900   10.040    1.146
    65.34    0.865   10.040    0.650
    65.41    0.870   10.040    0.812
    65.47    0.845   10.040    0.467
    65.54    0.815   10.040    1.327
    65.60    0.780   10.040    1.671
    65.67    0.830   10.040    0.632
    65.74    0.895   10.040    1.444
    65.80    0.890   10.040    0.988
    65.87    0.930   10.040    1.008
    65.93    0.935   10.040    1.679
    66.00    0.945   10.040    1.205
    66.07    1.005   10.040    1.149
    66.13    1.025   10.040    0.838
    66.20    1.025   10.040    0.205
    66.26    0.975   10.040    1.418
    66.33    0.905   10.040    0.983
    66.40    0.925   10.040    0.675
    66.46    0.920   10.040    0.990
    66.53    0.890   10.040    0.800
    66.59    0.885   10.040    1.898
    66.66    0.890   10.040    1.457
    66.73    0.985   10.040    1.424
    66.79    1.045   10.040    1.198
    66.86    1.085   10.040    0.954
    66.92    1.085   10.040    0.630
    66.99    1.050   10.040    0.592
    67.06    0.985   10.040    1.008
    67.12    0.935   10.040    1.281
    67.19    0.930   10.040    1.562
    67.25    0.965   10.040    1.022
    67.32    1.010   10.040    0.924
    67.39    1.005   10.040    0.827
    67.45    0.980   10.040    0.626
    67.52    0.945   10.040    1.104
    67.58    0.905   10.040    1.022
    67.65    0.895   10.040    0.777
    67.72    0.890   10.040    0.955
    67.78    0.870   10.040    1.170
    67.85    0.875   10.040    0.843
    67.91    0.890   10.040    0.632
    67.98    0.870   10.040    0.852
    68.05    0.835   10.040    0.915
    68.11    0.820   10.040    1.142
    68.18    0.825   10.040    0.300
    68.24    0.830   10.040    0.544
    68.31    0.765   10.040    0.810
    68.38    0.725   10.040    0.640
    68.44    0.710   10.040    0.837
    68.51    0.690   10.040    1.267
    68.57    0.705   10.040    1.186
    68.64    0.760   10.040    0.771
    68.71    0.800   10.040    1.203
    68.77    0.805   10.040    1.009
    68.84    0.825   10.040    1.987
    68.90    0.835   10.040    1.101
    68.97    0.850   10.040    1.012
    69.04    0.870   10.040    1.268
    69.10    0.890   10.040    0.515
    69.17    0.905   10.040    0.747
    69.23    0.865   10.040    0.945
    69.30    0.830   10.040    0.797
    69.37    0.825   10.040    0.851
    69.43    0.815   10.040    0.787
    69.50    0.805   10.040    1.169
    69.56    0.800   10.040    1.357
    69.63    0.830   10.040    1.603
    69.70    0.890   10.040    1.348
    69.76    0.965   10.040    1.086
    69.83    1.005   10.040    1.130
    69.89    1.015   10.040    0.990
    69.96    1.010   10.040    1.692
    70.03    1.010   10.040    1.086
    70.09    1.065   10.040    1.807
    70.16    1.090   10.040    1.590
    70.22    1.155   10.040    0.957
    70.29    1.185   10.040    0.958
    70.36    1.155   10.040    0.999
    70.42    1.115   10.040    1.428
    70.49    1.095   10.040    0.917
    70.55    1.100   10.040    0.981
    70.62    1.070   10.040    0.993
    70.69    1.045   10.040    1.054
    70.75    1.025   10.040    0.392
    70.82    0.995   10.040    1.332
    70.88    0.935   10.040    0.498
    70.95    0.935   10.040    0.628
    71.02    0.880   10.040    1.001
    71.08    0.000    0.000    0.000

