Data export from TecQuipment CE2000

Data series 1

    Time    speed position Func. Gen. 
     0.00    1.355   -6.820    2.004
     0.07    1.395   -6.620    2.182
     0.13    1.395   -6.420    1.659
     0.20    1.385   -6.225    1.882
     0.26    1.345   -6.030    2.172
     0.33    1.325   -5.845    1.699
     0.40    1.320   -5.655    1.888
     0.46    1.285   -5.470    2.186
     0.53    1.280   -5.290    2.140
     0.59    1.295   -5.105    2.039
     0.66    1.305   -4.920    2.078
     0.73    1.315   -4.735    1.965
     0.79    1.320   -4.545    2.580
     0.86    1.325   -4.355    1.966
     0.92    1.365   -4.165    1.572
     0.99    1.355   -3.970    2.037
     1.06    1.310   -3.780    2.440
     1.12    1.305   -3.595    1.621
     1.19    1.335   -3.405    1.857
     1.25    1.300   -3.220    1.806
     1.32    1.265   -3.040    2.021
     1.39    1.245   -2.865    1.941
     1.45    1.250   -2.685    2.651
     1.52    1.265   -2.505    2.341
     1.58    1.330   -2.320    2.396
     1.65    1.380   -2.125    1.735
     1.72    1.400   -1.925    2.322
     1.78    1.375   -1.730    1.799
     1.85    1.380   -1.530    2.162
     1.91    1.360   -1.335    1.441
     1.98    1.350   -1.145    1.966
     2.05    1.300   -0.960    1.835
     2.11    1.280   -0.775    2.186
     2.18    1.270   -0.595    1.872
     2.24    1.285   -0.415    2.159
     2.31    1.280   -0.230    2.026
     2.38    1.300   -0.050    2.358
     2.44    1.320    0.140    1.969
     2.51    1.340    0.330    1.710
     2.57    1.330    0.515    1.612
     2.64    1.295    0.700    2.008
     2.71    1.255    0.880    2.214
     2.77    1.260    1.055    1.738
     2.84    1.280    1.240    2.255
     2.90    1.270    1.420    2.319
     2.97    1.295    1.600    1.717
     3.04    1.320    1.790    2.096
     3.10    1.310    1.975    2.117
     3.17    1.310    2.160    1.748
     3.23    1.310    2.345    2.295
     3.30    1.300    2.525    2.116
     3.37    1.330    2.715    1.944
     3.43    1.335    2.905    2.441
     3.50    1.335    3.090    1.895
     3.56    1.370    3.285    1.694
     3.63    1.350    3.475    2.484
     3.70    1.325    3.665    2.314
     3.76    1.370    3.855    1.671
     3.83    1.390    4.055    2.039
     3.89    1.355    4.245    2.237
     3.96    1.345    4.435    2.475
     4.03    1.375    4.630    1.737
     4.09    1.405    4.830    1.759
     4.16    1.365    5.020    1.868
     4.22    1.325    5.210    1.967
     4.29    1.305    5.390    2.918
     4.36    1.315    5.580    1.607
     4.42    1.380    5.770    1.964
     4.49    1.355    5.965    2.192
     4.55    1.340    6.155    2.163
     4.62    1.345    6.340    2.235
     4.69    1.365    6.535    2.444
     4.75    1.395    6.730    1.989
     4.82    1.420    6.930    1.966
     4.88    1.405    7.130    2.608
     4.95    1.410    7.330    1.979
     5.02    1.445    7.535    2.386
     5.08    1.440    7.735    1.780
     5.15    1.455    7.940    1.754
     5.21    1.410    8.140    1.408
     5.28    1.350    8.330    1.683
     5.35    1.285    8.515    1.767
     5.41    1.245    8.690    1.515
     5.48    1.205    8.860    2.488
     5.54    1.180    9.020    1.869
     5.61    1.235    9.190    1.883
     5.68    1.240    9.370    1.966
     5.74    1.230    9.540    1.310
     5.81    1.215    9.710    2.372
     5.87    1.180    9.875    2.293
     5.94    1.220   -0.105    1.492
     6.01    1.230   -9.730    2.051
     6.07    1.195   -9.560    1.809
     6.14    1.205   -9.390    2.455
     6.20    1.210   -9.215    2.211
     6.27    1.260   -9.040    2.388
     6.34    1.295   -8.855    2.068
     6.40    1.340   -8.665    1.870
     6.47    1.340   -8.470    2.055
     6.53    1.320   -8.280    2.250
     6.60    1.325   -8.095    1.727
     6.67    1.340   -7.900    2.165
     6.73    1.310   -7.715    1.517
     6.80    1.305   -7.530    2.234
     6.86    1.275   -7.345    2.470
     6.93    1.300   -7.165    2.512
     7.00    1.355   -6.970    2.073
     7.06    1.405   -6.775    2.355
     7.13    1.420   -6.570    1.833
     7.19    1.430   -6.365    1.373
     7.26    1.385   -6.170    1.597
     7.33    1.310   -5.980    2.128
     7.39    1.265   -5.800    1.630
     7.46    1.260   -5.620    2.254
     7.52    1.240   -5.445    2.440
     7.59    1.280   -5.265    1.988
     7.66    1.325   -5.075    2.024
     7.72    1.325   -4.885    2.122
     7.79    1.335   -4.700    1.853
     7.85    1.340   -4.510    2.036
     7.92    1.315   -4.320    1.955
     7.99    1.315   -4.130    2.152
     8.05    1.320   -3.945    2.400
     8.12    1.335   -3.755    1.793
     8.18    1.360   -3.560    2.549
     8.25    1.360   -3.365    2.145
     8.32    1.400   -3.165    1.709
     8.38    1.400   -2.965    2.614
     8.45    1.380   -2.770    1.874
     8.51    1.415   -2.565    1.614
     8.58    1.395   -2.370    1.554
     8.65    1.330   -2.180    2.436
     8.71    1.290   -1.995    1.682
     8.78    1.310   -1.810    2.196
     8.84    1.290   -1.625    1.940
     8.91    1.300   -1.440    1.868
     8.98    1.300   -1.255    1.834
     9.04    1.285   -1.075    1.738
     9.11    1.260   -0.895    2.521
     9.17    1.255   -0.715    1.602
     9.24    1.295   -0.535    2.380
     9.31    1.260   -0.355    2.049
     9.37    1.240   -0.175    1.345
     9.44    1.240    0.000    1.830
     9.50    1.190    0.165    1.640
     9.57    1.165    0.330    2.310
     9.64    1.155    0.490    1.943
     9.70    1.195    0.660    1.997
     9.77    1.215    0.830    1.958
     9.83    1.225    1.005    2.165
     9.90    1.245    1.180    2.075
     9.97    1.270    1.360    2.216
    10.03    1.290    1.540    1.781
    10.10    1.305    1.725    2.133
    10.16    1.295    1.910    2.149
    10.23    1.310    2.095    2.016
    10.30    1.325    2.280    1.415
    10.36    1.310    2.465    2.028
    10.43    1.265    2.645    2.303
    10.49    1.270    2.825    2.430
    10.56    1.310    3.010    1.769
    10.63    1.350    3.200    2.369
    10.69    1.345    3.390    1.823
    10.76    1.360    3.580    1.740
    10.82    1.335    3.770    2.441
    10.89    1.320    3.960    1.473
    10.96    1.340    4.145    1.890
    11.02    1.290    4.330    1.898
    11.09    1.275    4.510    1.802
    11.15    1.265    4.690    1.864
    11.22    1.240    4.865    1.668
    11.29    1.215    5.035    2.272
    11.35    1.205    5.200    1.411
    11.42    1.225    5.375    1.692
    11.48    1.175    5.540    2.383
    11.55    1.160    5.700    1.732
    11.62    1.205    5.865    2.100
    11.68    1.210    6.035    1.819
    11.75    1.215    6.210    2.075
    11.81    1.210    6.375    2.068
    11.88    1.230    6.550    2.056
    11.95    1.255    6.725    2.231
    12.01    1.265    6.905    2.016
    12.08    1.290    7.085    2.067
    12.14    1.305    7.265    1.903
    12.21    1.310    7.450    1.790
    12.28    1.290    7.635    1.458
    12.34    1.260    7.810    1.605
    12.41    1.210    7.980    2.458
    12.47    1.185    8.145    1.654
    12.54    1.220    8.315    1.714
    12.61    1.205    8.480    1.723
    12.67    1.185    8.650    1.807
    12.74    1.160    8.810    2.021
    12.80    1.155    8.970    1.915
    12.87    1.175    9.135    2.048
    12.94    1.195    9.300    1.724
    13.00    1.200    9.470    2.215
    13.07    1.190    9.635    2.086
    13.13    1.225    9.805    1.875
    13.20    1.250    7.240    2.425
    13.27    1.235   -9.790    1.440
    13.33    1.260   -9.615    1.567
    13.40    1.215   -9.445    2.584
    13.46    1.195   -9.275    1.312
    13.53    1.235   -9.100    1.190
    13.60    1.170   -8.930    1.762
    13.66    1.100   -8.775    2.387
    13.73    1.100   -8.620    2.062
    13.79    1.150   -8.455    2.001
    13.86    1.180   -8.290    2.223
    13.93    1.205   -8.120    2.418
    13.99    1.255   -7.940    2.037
    14.06    1.300   -7.755    2.205
    14.12    1.310   -7.570    2.396
    14.19    1.345   -7.380    1.809
    14.26    1.375   -7.185    2.040
    14.32    1.355   -6.990    1.674
    14.39    1.335   -6.800    1.378
    14.45    1.290   -6.615    1.778
    14.52    1.225   -6.440    2.064
    14.59    1.205   -6.270    2.577
    14.65    1.235   -6.095    2.659
    14.72    1.320   -5.910    2.711
    14.78    1.405   -5.710    1.705
    14.85    1.460   -5.505    2.121
    14.92    1.430   -5.300    1.881
    14.98    1.415   -5.095    1.912
    15.05    1.385   -4.900    2.249
    15.11    1.370   -4.700    1.975
    15.18    1.385   -4.505    1.912
    15.25    1.365   -4.310    1.353
    15.31    1.335   -4.120    1.755
    15.38    1.265   -3.935    2.353
    15.44    1.240   -3.760    1.937
    15.51    1.275   -3.580    2.089
    15.58    1.280   -3.400    1.469
    15.64    1.280   -3.215    1.759
    15.71    1.230   -3.040    1.870
    15.77    1.205   -2.870    1.680
    15.84    1.190   -2.700    1.910
    15.91    1.175   -2.535    2.407
    15.97    1.185   -2.365    1.771
    16.04    1.230   -2.195    1.266
    16.10    1.205   -2.025    2.286
    16.17    1.150   -1.860    1.972
    16.24    1.180   -1.695    1.933
    16.30    1.195   -1.525    2.326
    16.37    1.215   -1.350    2.577
    16.43    1.275   -1.175    2.004
    16.50    1.335   -0.985    2.294
    16.57    1.350   -0.795    2.087
    16.63    1.375   -0.600    1.951
    16.70    1.375   -0.400    1.014
    16.76    1.340   -0.210    1.858
    16.83    1.255   -0.030    2.279
    16.90    1.235    0.140    1.850
    16.96    1.265    0.320    2.221
    17.03    1.265    0.500    1.774
    17.09    1.285    0.680    1.884
    17.16    1.275    0.865    2.069
    17.23    1.265    1.045    1.971
    17.29    1.280    1.225    2.089
    17.36    1.285    1.405    1.882
    17.42    1.290    1.590    2.178
    17.49    1.290    1.770    1.488
    17.56    1.295    1.955    1.830
    17.62    1.250    2.130    2.674
    17.69    1.250    2.305    1.933
    17.75    1.315    2.490    1.619
    17.82    1.320    2.675    1.756
    17.89    1.270    2.855    1.829
    17.95    1.245    3.030    2.364
    18.02    1.245    3.205    1.923
    18.08    1.285    3.385    2.105
    18.15    1.285    3.570    2.166
    18.22    1.295    3.750    1.856
    18.28    1.320    3.935    2.418
    18.35    1.315    4.120    2.345
    18.41    1.355    4.315    2.172
    18.48    1.390    4.510    1.899
    18.55    1.405    4.705    1.665
    18.61    1.370    4.905    1.927
    18.68    1.325    5.090    1.752
    18.74    1.305    5.275    1.172
    18.81    1.260    5.450    2.185
    18.88    1.185    5.620    1.696
    18.94    1.195    5.785    1.981
    19.01    1.195    5.955    2.293
    19.07    1.205    6.120    1.874
    19.14    1.240    6.295    1.979
    19.21    1.235    6.470    1.849
    19.27    1.245    6.640    2.236
    19.34    1.240    6.815    2.422
    19.40    1.275    6.995    2.334
    19.47    1.335    7.180    1.682
    19.54    1.365    7.375    2.412
    19.60    1.340    7.565    2.397
    19.67    1.375    7.755    1.965
    19.73    1.415    7.955    2.224
    19.80    1.410    8.155    1.757
    19.87    1.405    8.355    1.655
    19.93    1.370    8.550    2.141
    20.00    1.335    8.735    1.720
    20.06    1.320    8.920    1.809
    20.13    1.295    9.100    2.768
    20.20    1.300    9.285    1.611
    20.26    1.360    9.475    2.001
    20.33    1.330    9.665    2.132
    20.39    1.325    9.850    2.762
    20.46    1.350    0.510    2.686
    20.53    1.415   -9.710    1.897
    20.59    1.470   -9.500    2.058
    20.66    1.455   -9.290    1.543
    20.72    1.420   -9.085    1.994
    20.79    1.365   -8.890    1.991
    20.86    1.345   -8.695    2.445
    20.92    1.350   -8.505    2.641
    20.99    1.395   -8.305    1.558
    21.05    1.435   -8.100    2.367
    21.12    1.400   -7.900    2.086
    21.19    1.415   -7.695    1.965
    21.25    1.410   -7.495    1.881
    21.32    1.395   -7.295    1.692
    21.38    1.360   -7.105    1.800
    21.45    1.315   -6.915    2.214
    21.52    1.300   -6.735    2.033
    21.58    1.320   -6.545    2.304
    21.65    1.330   -6.355    1.843
    21.71    1.350   -6.165    1.965
    21.78    1.340   -5.975    2.394
    21.85    1.340   -5.780    1.957
    21.91    1.365   -5.590    2.325
    21.98    1.370   -5.390    1.754
    22.04    1.385   -5.195    2.410
    22.11    1.365   -5.000    2.239
    22.18    1.400   -4.800    2.297
    22.24    1.425   -4.600    2.160
    22.31    1.445   -4.390    2.340
    22.37    1.450   -4.185    1.658
    22.44    1.455   -3.975    1.165
    22.51    1.395   -3.775    2.556
    22.57    1.315   -3.585    1.673
    22.64    1.340   -3.395    1.722
    22.70    1.310   -3.210    2.107
    22.77    1.280   -3.025    1.856
    22.84    1.280   -2.845    2.547
    22.90    1.285   -2.660    2.023
    22.97    1.340   -2.475    1.822
    23.03    1.345   -2.285    1.602
    23.10    1.310   -2.095    2.163
    23.17    1.275   -1.915    1.656
    23.23    1.270   -1.735    1.949
    23.30    1.245   -1.555    2.379
    23.36    1.255   -1.380    1.867
    23.43    1.300   -1.195    2.300
    23.50    1.300   -1.010    2.483
    23.56    1.335   -0.820    2.564
    23.63    1.395   -0.620    2.571
    23.69    1.465   -0.415    2.635
    23.76    1.520   -0.195    1.856
    23.83    1.565    0.025    2.744
    23.89    1.550    0.245    1.835
    23.96    1.570    0.470    2.092
    24.02    1.540    0.690    2.024
    24.09    1.520    0.910    1.465
    24.16    1.485    1.120    1.614
    24.22    1.405    1.325    2.604
    24.29    1.360    1.515    2.214
    24.35    1.405    1.715    1.651
    24.42    1.420    1.915    2.344
    24.49    1.385    2.115    2.022
    24.55    1.395    2.315    2.343
    24.62    1.405    2.510    1.684
    24.68    1.420    2.710    2.026
    24.75    1.385    2.910    2.530
    24.82    1.380    3.105    2.097
    24.88    1.425    3.305    1.823
    24.95    1.425    3.505    1.973
    25.01    1.390    3.705    1.400
    25.08    1.360    3.895    2.022
    25.15    1.300    4.080    2.287
    25.21    1.295    4.265    1.896
    25.28    1.315    4.450    2.068
    25.34    1.315    4.635    2.266
    25.41    1.320    4.820    1.669
    25.48    1.330    5.010    1.654
    25.54    1.290    5.190    1.558
    25.61    1.245    5.370    2.001
    25.67    1.205    5.540    1.693
    25.74    1.195    5.705    2.001
    25.81    1.190    5.870    2.226
    25.87    1.210    6.040    2.504
    25.94    1.255    6.215    2.287
    26.00    1.315    6.400    2.008
    26.07    1.350    6.590    2.182
    26.14    1.360    6.780    1.906
    26.20    1.360    6.975    2.010
    26.27    1.350    7.165    2.139
    26.33    1.350    7.355    2.034
    26.40    1.355    7.545    1.612
    26.47    1.340    7.735    2.461
    26.53    1.320    7.920    2.010
    26.60    1.355    8.110    1.978
    26.66    1.355    8.300    1.382
    26.73    1.335    8.490    2.034
    26.80    1.280    8.670    1.463
    26.86    1.260    8.850    1.875
    26.93    1.215    9.015    2.415
    26.99    1.225    9.185    1.997
    27.06    1.280    9.365    1.989
    27.13    1.285    9.545    2.673
    27.19    1.305    9.730    2.098
    27.26    1.375    9.920    2.579
    27.32    1.385   -7.310    2.143
    27.39    1.425   -9.630    2.154
    27.46    1.435   -9.425    2.424
    27.52    1.450   -9.215    2.387
    27.59    1.475   -9.005    1.961
    27.65    1.495   -8.790    1.684
    27.72    1.465   -8.580    2.074
    27.79    1.410   -8.380    1.818
    27.85    1.390   -8.180    2.041
    27.92    1.365   -7.980    1.296
    27.98    1.335   -7.790    1.837
    28.05    1.265   -7.610    2.146
    28.12    1.250   -7.430    1.964
    28.18    1.270   -7.250    1.778
    28.25    1.265   -7.070    2.022
    28.31    1.250   -6.895    2.606
    28.38    1.275   -6.715    2.371
    28.45    1.350   -6.525    2.081
    28.51    1.390   -6.325    1.542
    28.58    1.380   -6.130    1.474
    28.64    1.325   -5.940    2.055
    28.71    1.265   -5.760    2.411
    28.78    1.275   -5.580    2.335
    28.84    1.330   -5.390    2.155
    28.91    1.370   -5.195    2.369
    28.97    1.390   -4.995    1.642
    29.04    1.405   -4.795    1.778
    29.11    1.365   -4.600    2.595
    29.17    1.345   -4.410    1.648
    29.24    1.380   -4.215    1.730
    29.30    1.345   -4.020    2.434
    29.37    1.320   -3.835    2.033
    29.44    1.350   -3.640    1.956
    29.50    1.355   -3.445    1.467
    29.57    1.330   -3.255    2.140
    29.63    1.285   -3.075    1.751
    29.70    1.280   -2.890    1.841
    29.77    1.260   -2.710    2.230
    29.83    1.250   -2.535    2.088
    29.90    1.280   -2.355    2.158
    29.96    1.300   -2.170    2.410
    30.03    1.325   -1.980    1.398
    30.10    1.350   -1.790    2.243
    30.16    1.300   -1.605    2.205
    30.23    1.320   -1.415    2.088
    30.29    1.350   -1.225    1.765
    30.36    1.350   -1.030    1.758
    30.43    1.315   -0.845    1.805
    30.49    1.285   -0.660    1.695
    30.56    1.260   -0.480    2.297
    30.62    1.245   -0.305    2.057
    30.69    1.275   -0.125    2.577
    30.76    1.310    0.060    2.199
    30.82    1.370    0.250    2.208
    30.89    1.395    0.450    2.922
    30.95    1.435    0.655    1.602
    31.02    1.505    0.870    2.130
    31.09    1.470    1.080    1.716
    31.15    1.450    1.285    2.572
    31.22    1.420    1.490    2.171
    31.28    1.455    1.695    2.668
    31.35    1.485    1.905    1.787
    31.42    1.525    2.125    2.083
    31.48    1.495    2.340    1.866
    31.55    1.470    2.545    1.721
    31.61    1.435    2.750    2.558
    31.68    1.405    2.950    1.800
    31.75    1.430    3.150    2.647
    31.81    1.430    3.355    2.012
    31.88    1.465    3.560    2.416
    31.94    1.470    3.770    2.427
    32.01    1.500    3.980    1.599
    32.08    1.510    4.200    1.494
    32.14    1.445    4.405    2.415
    32.21    1.385    4.600    2.106
    32.27    1.405    4.800    2.352
    32.34    1.415    5.000    1.434
    32.41    1.415    5.200    2.030
    32.47    1.360    5.390    1.499
    32.54    1.330    5.580    1.826
    32.60    1.275    5.760    2.497
    32.67    1.275    5.940    1.901
    32.74    1.320    6.125    1.209
    32.80    1.295    6.310    1.654
    32.87    1.220    6.480    1.493
    32.93    1.175    6.645    2.920
    33.00    1.165    6.805    2.194
    33.07    1.260    6.985    1.926
    33.13    1.300    7.165    1.799
    33.20    1.305    7.345    2.315
    33.26    1.290    7.530    2.183
    33.33    1.320    7.715    1.942
    33.40    1.345    7.905    2.435
    33.46    1.350    8.095    1.731
    33.53    1.375    8.285    2.430
    33.59    1.365    8.480    1.963
    33.66    1.395    8.675    1.822
    33.73    1.385    8.875    1.979
    33.79    1.355    9.065    1.790
    33.86    1.350    9.255    1.959
    33.92    1.320    9.440    1.526
    33.99    1.300    9.620    2.126
    34.06    1.265    9.800    2.144
    34.12    1.280    7.175    2.026
    34.19    1.280   -9.790    2.677
    34.25    1.305   -9.605    2.235
    34.32    1.370   -9.410    1.811
    34.39    1.395   -9.210    2.136
    34.45    1.370   -9.015    2.386
    34.52    1.380   -8.820    1.791
    34.58    1.405   -8.615    2.298
    34.65    1.385   -8.415    1.888
    34.72    1.395   -8.220    1.828
    34.78    1.375   -8.020    2.112
    34.85    1.350   -7.825    2.050
    34.91    1.350   -7.635    2.257
    34.98    1.360   -7.440    1.990
    35.05    1.380   -7.245    2.100
    35.11    1.380   -7.050    2.203
    35.18    1.380   -6.855    1.678
    35.24    1.390   -6.655    1.760
    35.31    1.350   -6.460    1.326
    35.38    1.300   -6.280    1.663
    35.44    1.230   -6.100    1.795
    35.51    1.195   -5.930    3.001
    35.57    1.210   -5.760    1.447
    35.64    1.295   -5.575    2.193
    35.71    1.280   -5.395    2.211
    35.77    1.300   -5.210    1.645
    35.84    1.315   -5.025    2.284
    35.90    1.295   -4.840    1.828
    35.97    1.315   -4.650    2.241
    36.04    1.315   -4.465    1.769
    36.10    1.320   -4.280    2.246
    36.17    1.310   -4.090    1.958
    36.23    1.330   -3.900    1.658
    36.30    1.320   -3.710    1.679
    36.37    1.280   -3.530    2.742
    36.43    1.270   -3.350    1.745
    36.50    1.335   -3.160    2.111
    36.56    1.325   -2.970    1.663
    36.63    1.320   -2.785    1.600
    36.70    1.280   -2.600    2.206
    36.76    1.250   -2.425    2.210
    36.83    1.275   -2.245    2.073
    36.89    1.300   -2.060    2.148
    36.96    1.315   -1.870    1.632
    37.03    1.320   -1.685    1.606
    37.09    1.280   -1.500    2.742
    37.16    1.260   -1.320    1.965
    37.22    1.330   -1.135    2.001
    37.29    1.340   -0.945    2.411
    37.36    1.345   -0.750    2.398
    37.42    1.390   -0.555    1.634
    37.49    1.420   -0.350    1.730
    37.55    1.375   -0.155    1.947
    37.62    1.340    0.035    1.752
    37.69    1.320    0.220    2.486
    37.75    1.305    0.405    2.093
    37.82    1.350    0.595    1.828
    37.88    1.365    0.790    1.910
    37.95    1.345    0.985    1.689
    38.02    1.325    1.170    2.300
    38.08    1.305    1.355    2.045
    38.15    1.330    1.545    1.792
    38.21    1.330    1.735    1.661
    38.28    1.310    1.920    1.920
    38.35    1.275    2.100    2.714
    38.41    1.285    2.280    1.884
    38.48    1.345    2.470    2.155
    38.54    1.355    2.660    2.292
    38.61    1.370    2.855    1.829
    38.68    1.390    3.050    1.984
    38.74    1.370    3.245    2.009
    38.81    1.360    3.440    1.943
    38.87    1.350    3.630    2.010
    38.94    1.345    3.815    1.953
    39.01    1.340    4.005    1.894
    39.07    1.325    4.195    2.007
    39.14    1.315    4.380    2.252
    39.20    1.320    4.565    2.801
    39.27    1.365    4.760    1.736
    39.34    1.425    4.960    2.640
    39.40    1.415    5.160    1.678
    39.47    1.450    5.365    2.434
    39.53    1.420    5.565    1.791
    39.60    1.430    5.770    2.437
    39.67    1.420    5.970    1.952
    39.73    1.440    6.175    1.739
    39.80    1.420    6.375    1.736
    39.86    1.375    6.570    1.846
    39.93    1.335    6.760    2.033
    40.00    1.310    6.945    2.001
    40.06    1.310    7.130    2.415
    40.13    1.325    7.315    2.258
    40.19    1.370    7.505    1.922
    40.26    1.390    7.705    2.316
    40.33    1.395    7.900    1.924
    40.39    1.405    8.100    1.417
    40.46    1.380    8.295    2.079
    40.52    1.320    8.480    1.679
    40.59    1.315    8.665    2.360
    40.66    1.290    8.845    2.171
    40.72    1.325    9.030    1.842
    40.79    1.350    9.220    1.400
    40.85    1.320    9.405    2.237
    40.92    1.270    9.585    1.560
    40.99    1.280    9.765    1.507
    41.05    1.235    9.940    1.518
    41.12    1.165   -7.245    1.571
    41.18    1.115   -9.690    1.894
    41.25    1.090   -9.535    1.748
    41.32    1.095   -9.385    1.218
    41.38    1.080   -9.230    2.296
    41.45    1.040   -9.080    2.173
    41.51    1.090   -8.925    1.363
    41.58    1.130   -8.770    1.918
    41.65    1.100   -8.610    2.348
    41.71    1.115   -8.455    1.835
    41.78    1.170   -8.285    1.027
    41.84    1.155   -8.125    2.015
    41.91    1.090   -7.970    2.080
    41.98    1.100   -7.815    2.173
    42.04    1.140   -7.650    1.711
    42.11    1.175   -7.485    1.636
    42.17    1.170   -7.320    2.347
    42.24    1.160   -7.160    1.421
    42.31    1.190   -6.990    1.757
    42.37    1.155   -6.830    2.057
    42.44    1.150   -6.665    2.587
    42.50    1.185   -6.500    2.166
    42.57    1.265   -6.320    2.305
    42.64    1.305   -6.135    2.449
    42.70    1.355   -5.945    1.908
    42.77    1.400   -5.745    2.434
    42.83    1.395   -5.545    1.702
    42.90    1.420   -5.340    1.965
    42.97    1.385   -5.145    2.169
    43.03    1.375   -4.950    1.776
    43.10    1.370   -4.750    2.254
    43.16    1.355   -4.560    2.154
    43.23    1.370   -4.365    1.729
    43.30    1.375   -4.165    1.678
    43.36    1.340   -3.975    1.978
    43.43    1.305   -3.790    1.713
    43.49    1.290   -3.605    2.199
    43.56    1.275   -3.425    2.651
    43.63    1.310   -3.240    1.351
    43.69    1.360   -3.045    2.570
    43.76    1.325   -2.855    1.859
    43.82    1.355   -2.660    1.977
    43.89    1.355   -2.470    2.392
    43.96    1.355   -2.280    1.965
    44.02    1.380   -2.080    1.738
    44.09    1.365   -1.890    2.125
    44.15    1.340   -1.695    2.414
    44.22    1.350   -1.505    1.869
    44.29    1.385   -1.305    2.369
    44.35    1.385   -1.110    1.840
    44.42    1.400   -0.910    1.771
    44.48    1.375   -0.710    1.736
    44.55    1.340   -0.520    2.535
    44.62    1.325   -0.330    1.886
    44.68    1.365   -0.135    1.945
    44.75    1.360    0.055    1.912
    44.81    1.350    0.245    1.352
    44.88    1.315    0.435    1.468
    44.95    1.245    0.610    1.960
    45.01    1.200    0.780    2.396
    45.08    1.215    0.950    2.024
    45.14    1.270    1.130    1.644
    45.21    1.280    1.310    2.468
    45.28    1.265    1.490    1.914
    45.34    1.310    1.675    1.920
    45.41    1.310    1.860    2.079
    45.47    1.310    2.045    2.162
    45.54    1.320    2.230    2.338
    45.61    1.345    2.420    1.996
    45.67    1.380    2.615    1.794
    45.74    1.370    2.810    1.863
    45.80    1.345    3.000    1.775
    45.87    1.320    3.185    2.208
    45.94    1.305    3.370    2.247
    46.00    1.325    3.560    0.932
    46.07    1.325    3.745    1.974
    46.13    1.240    3.920    1.595
    46.20    1.215    4.090    1.754
    46.27    1.185    4.260    1.361
    46.33    1.160    4.420    1.418
    46.40    1.105    4.580    2.701
    46.46    1.085    4.725    1.901
    46.53    1.165    4.890    1.847
    46.60    1.180    5.055    2.070
    46.66    1.185    5.220    1.653
    46.73    1.200    5.385    2.297
    46.79    1.190    5.555    1.216
    46.86    1.205    5.725    2.122
    46.93    1.165    5.890    1.577
    46.99    1.175    6.050    1.989
    47.06    1.155    6.210    1.836
    47.12    1.155    6.375    1.746
    47.19    1.160    6.535    2.021
    47.26    1.155    6.695    1.881
    47.32    1.170    6.860    2.703
    47.39    1.195    7.025    1.848
    47.45    1.275    7.205    2.031
    47.52    1.280    7.385    2.147
    47.59    1.290    7.565    2.185
    47.65    1.310    7.750    1.145
    47.72    1.315    7.935    2.240
    47.78    1.245    8.110    2.319
    47.85    1.265    8.285    1.782
    47.92    1.305    8.465    2.251
    47.98    1.300    8.650    2.280
    48.05    1.330    8.835    2.033
    48.11    1.360    9.030    1.866
    48.18    1.360    9.220    2.095
    48.25    1.350    9.410    2.537
    48.31    1.365    9.605    2.113
    48.38    1.415    9.800    2.104
    48.44    1.420    4.165    1.669
    48.51    1.395   -9.750    2.229
    48.58    1.360   -9.555    1.990
    48.64    1.370   -9.360    1.872
    48.71    1.360   -9.165    2.112
    48.77    1.340   -8.975    2.160
    48.84    1.350   -8.780    1.784
    48.91    1.355   -8.585    2.672
    48.97    1.350   -8.395    2.462
    49.04    1.415   -8.190    1.802
    49.10    1.450   -7.985    2.385
    49.17    1.430   -7.780    2.216
    49.24    1.450   -7.570    2.067
    49.30    1.465   -7.360    2.378
    49.37    1.465   -7.155    1.207
    49.43    1.460   -6.945    2.176
    49.50    1.385   -6.745    2.011
    49.57    1.380   -6.550    1.613
    49.63    1.370   -6.355    1.270
    49.70    1.310   -6.170    1.933
    49.76    1.245   -5.990    1.519
    49.83    1.225   -5.815    2.149
    49.90    1.195   -5.650    1.947
    49.96    1.215   -5.475    2.328
    50.03    1.235   -5.300    2.051
    50.09    1.280   -5.120    2.295
    50.16    1.305   -4.935    2.052
    50.23    1.335   -4.745    2.412
    50.29    1.355   -4.550    2.046
    50.36    1.395   -4.350    2.448
    50.42    1.405   -4.155    1.920
    50.49    1.435   -3.950    2.195
    50.56    1.425   -3.745    1.339
    50.62    1.410   -3.540    1.837
    50.69    1.340   -3.350    2.492
    50.75    1.325   -3.160    2.397
    50.82    1.375   -2.965    1.581
    50.89    1.400   -2.765    2.275
    50.95    1.365   -2.570    2.398
    51.02    1.390   -2.370    1.530
    51.08    1.410   -2.170    1.318
    51.15    1.340   -1.980    2.579
    51.22    1.280   -1.795    2.706
    51.28    1.345   -1.605    2.317
    51.35    1.425   -1.405    2.411
    51.41    1.465   -1.195    1.982
    51.48    1.490   -0.985    1.341
    51.55    1.455   -0.770    1.440
    51.61    1.365   -0.580    1.452
    51.68    1.285   -0.395    2.219
    51.74    1.235   -0.215    1.831
    51.81    1.255   -0.040    1.957
    51.88    1.250    0.135    1.846
    51.94    1.250    0.310    1.942
    52.01    1.245    0.485    2.061
    52.07    1.250    0.665    2.387
    52.14    1.280    0.845    1.894
    52.21    1.325    1.035    2.139
    52.27    1.330    1.220    2.022
    52.34    1.340    1.410    2.123
    52.40    1.345    1.600    2.546
    52.47    1.370    1.795    2.215
    52.54    1.425    1.995    2.560
    52.60    1.460    2.205    1.854
    52.67    1.490    2.415    2.482
    52.73    1.485    2.625    1.744
    52.80    1.495    2.840    2.459
    52.87    1.470    3.050    2.641
    52.93    1.510    3.260    1.862
    53.00    1.550    3.480    2.217
    53.06    1.525    3.700    2.192
    53.13    1.520    3.915    2.010
    53.20    1.515    4.130    2.410
    53.26    1.500    4.345    2.127
    53.33    1.515    4.560    1.673
    53.39    1.495    4.775    1.359
    53.46    1.425    4.975    1.831
    53.53    1.340    5.165    2.050
    53.59    1.310    5.350    1.667
    53.66    1.300    5.535    2.047
    53.72    1.270    5.715    2.226
    53.79    1.285    5.895    2.399
    53.86    1.325    6.080    1.550
    53.92    1.350    6.270    1.810
    53.99    1.305    6.455    1.844
    54.05    1.280    6.635    2.504
    54.12    1.280    6.815    1.715
    54.19    1.315    7.000    2.176
    54.25    1.305    7.180    2.164
    54.32    1.325    7.370    2.362
    54.38    1.350    7.560    2.664
    54.45    1.400    7.755    1.884
    54.52    1.455    7.960    2.314
    54.58    1.445    8.165    1.389
    54.65    1.440    8.370    1.752
    54.71    1.375    8.565    1.631
    54.78    1.325    8.750    1.482
    54.85    1.270    8.930    1.503
    54.91    1.215    9.100    1.943
    54.98    1.180    9.265    1.491
    55.04    1.170    9.430    1.673
    55.11    1.135    9.585    2.204
    55.18    1.130    9.740    2.552
    55.24    1.190    9.910    1.664
    55.31    1.240   -4.260    1.789
    55.37    1.220   -9.695    1.664
    55.44    1.195   -9.525    2.002
    55.51    1.180   -9.360    2.227
    55.57    1.195   -9.190    1.710
    55.64    1.225   -9.015    1.468
    55.70    1.200   -8.845    2.239
    55.77    1.170   -8.675    1.216
    55.84    1.180   -8.505    2.049
    55.90    1.135   -8.345    2.374
    55.97    1.160   -8.185    2.478
    56.03    1.235   -8.010    1.710
    56.10    1.290   -7.825    1.565
    56.17    1.270   -7.645    1.721
    56.23    1.225   -7.470    1.627
    56.30    1.200   -7.300    1.916
    56.36    1.170   -7.135    1.915
    56.43    1.175   -6.970    2.517
    56.50    1.200   -6.800    2.028
    56.56    1.270   -6.620    2.247
    56.63    1.300   -6.435    2.401
    56.69    1.335   -6.245    2.856
    56.76    1.400   -6.045    2.216
    56.83    1.490   -5.835    1.746
    56.89    1.495   -5.620    1.725
    56.96    1.450   -5.410    1.998
    57.02    1.405   -5.210    2.329
    57.09    1.395   -5.010    2.497
    57.16    1.430   -4.810    2.401
    57.22    1.480   -4.595    2.123
    57.29    1.510   -4.380    1.529
    57.35    1.490   -4.165    2.376
    57.42    1.440   -3.960    1.841
    57.49    1.450   -3.755    2.076
    57.55    1.425   -3.550    2.414
    57.62    1.425   -3.345    2.139
    57.68    1.460   -3.135    2.435
    57.75    1.470   -2.925    2.122
    57.82    1.495   -2.710    1.774
    57.88    1.490   -2.495    1.165
    57.95    1.430   -2.295    2.308
    58.01    1.345   -2.105    2.362
    58.08    1.360   -1.910    2.336
    58.15    1.405   -1.710    1.877
    58.21    1.425   -1.505    2.062
    58.28    1.410   -1.305    2.478
    58.34    1.420   -1.100    1.848
    58.41    1.465   -0.890    1.823
    58.48    1.500   -0.680    1.864
    58.54    1.480   -0.465    2.824
    58.61    1.470   -0.255    2.501
    58.67    1.540   -0.035    2.097
    58.74    1.575    0.190    1.861
    58.81    1.560    0.410    1.835
    58.87    1.515    0.630    2.003
    58.94    1.475    0.840    2.417
    59.00    1.470    1.050    2.264
    59.07    1.500    1.265    1.783
    59.14    1.505    1.475    1.670
    59.20    1.455    1.685    1.878
    59.27    1.405    1.885    1.764
    59.33    1.375    2.080    2.190
    59.40    1.350    2.270    2.175
    59.47    1.365    2.465    2.034
    59.53    1.385    2.660    1.617
    59.60    1.375    2.855    2.248
    59.66    1.345    3.045    2.294
    59.73    1.365    3.240    2.315
    59.80    1.405    3.435    1.726
    59.86    1.420    3.640    1.564
    59.93    1.380    3.835    1.658
    59.99    1.325    4.020    1.780
    60.06    1.275    4.205    2.389
    60.13    1.265    4.380    1.581
    60.19    1.295    4.565    2.173
    60.26    1.275    4.745    1.861
    60.32    1.280    4.925    2.054
    60.39    1.275    5.100    1.661
    60.46    1.275    5.285    2.099
    60.52    1.255    5.460    1.785
    60.59    1.260    5.635    2.064
    60.65    1.255    5.810    1.833
    60.72    1.265    5.990    2.133
    60.79    1.265    6.170    2.321
    60.85    1.285    6.350    2.744
    60.92    1.345    6.535    1.877
    60.98    1.415    6.735    2.164
    61.05    1.410    6.935    2.531
    61.12    1.425    7.135    1.816
    61.18    1.465    7.345    2.075
    61.25    1.440    7.550    2.351
    61.31    1.440    7.750    2.520
    61.38    1.475    7.960    2.814
    61.45    1.530    8.175    2.293
    61.51    1.595    8.400    1.876
    61.58    1.605    8.630    2.188
    61.64    1.565    8.855    1.504
    61.71    1.535    9.070    1.732
    61.78    1.465    9.275    2.360
    61.84    1.420    9.480    1.974
    61.91    1.435    9.680    1.966
    61.97    1.425    9.880    2.345
    62.04    1.405   -3.700    2.277
    62.11    1.425   -9.665    2.280
    62.17    1.450   -9.460    2.009
    62.24    1.465   -9.250    1.584
    62.30    1.440   -9.040    1.711
    62.37    1.375   -8.845    1.549
    62.44    1.315   -8.655    1.925
    62.50    1.260   -8.475    1.489
    62.57    1.240   -8.300    1.430
    62.63    1.190   -8.130    2.353
    62.70    1.160   -7.960    2.234
    62.77    1.205   -7.795    2.098
    62.83    1.255   -7.615    1.979
    62.90    1.280   -7.435    2.136
    62.96    1.295   -7.250    1.771
    63.03    1.305   -7.065    2.202
    63.10    1.300   -6.880    1.753
    63.16    1.310   -6.695    0.971
    63.23    1.275   -6.515    2.101
    63.29    1.190   -6.345    2.094
    63.36    1.205   -6.175    1.758
    63.43    1.230   -6.000    2.309
    63.49    1.230   -5.825    2.936
    63.56    1.295   -5.645    1.650
    63.62    1.385   -5.445    2.018
    63.69    1.365   -5.250    2.390
    63.76    1.370   -5.055    2.886
    63.82    1.420   -4.855    1.415
    63.89    1.485   -4.640    1.997
    63.95    1.430   -4.435    2.000
    64.02    1.405   -4.235    2.208
    64.09    1.400   -4.035    2.018
    64.15    1.415   -3.835    1.683
    64.22    1.400   -3.630    1.883
    64.28    1.360   -3.435    1.888
    64.35    1.340   -3.250    2.590
    64.42    1.340   -3.055    1.666
    64.48    1.380   -2.860    1.493
    64.55    1.345   -2.665    1.728
    64.61    1.285   -2.485    2.512
    64.68    1.270   -2.305    2.228
    64.75    1.325   -2.120    1.745
    64.81    1.350   -1.925    2.092
    64.88    1.330   -1.735    2.836
    64.94    1.355   -1.545    2.089
    65.01    1.435   -1.340    1.761
    65.08    1.445   -1.130    1.992
    65.14    1.410   -0.930    2.361
    65.21    1.405   -0.730    1.822
    65.27    1.425   -0.525    1.625
    65.34    1.400   -0.325    2.503
    65.41    1.370   -0.130    1.724
    65.47    1.400    0.065    1.942
    65.54    1.375    0.260    1.796
    65.60    1.355    0.455    2.183
    65.67    1.340    0.645    1.479
    65.74    1.345    0.835    1.985
    65.80    1.305    1.025    1.527
    65.87    1.290    1.205    1.483
    65.93    1.240    1.380    2.180
    66.00    1.200    1.550    1.926
    66.07    1.220    1.720    1.946
    66.13    1.235    1.895    1.838
    66.20    1.245    2.070    2.134
    66.26    1.245    2.245    2.260
    66.33    1.275    2.425    1.808
    66.40    1.310    2.610    1.745
    66.46    1.295    2.795    2.483
    66.53    1.285    2.975    1.759
    66.59    1.345    3.165    2.245
    66.66    1.415    3.360    1.848
    66.73    1.440    3.570    1.951
    66.79    1.415    3.765    2.545
    66.86    1.420    3.970    2.181
    66.92    1.460    4.175    2.357
    66.99    1.475    4.385    2.267
    67.06    1.500    4.600    1.182
    67.12    1.490    4.810    1.749
    67.19    1.390    5.010    2.127
    67.25    1.345    5.200    2.240
    67.32    1.355    5.390    2.088
    67.39    1.380    5.585    1.710
    67.45    1.375    5.780    1.743
    67.52    1.340    5.970    1.852
    67.58    1.305    6.155    2.956
    67.65    1.310    6.335    2.534
    67.72    1.410    6.535    1.939
    67.78    1.470    6.745    2.666
    67.85    1.475    6.955    1.830
    67.91    1.510    7.165    2.150
    67.98    1.490    7.380    1.679
    68.05    1.465    7.585    2.247
    68.11    1.430    7.785    2.196
    68.18    1.440    7.990    1.364
    68.24    1.430    8.195    2.240
    68.31    1.375    8.385    1.247
    68.38    1.365    8.580    1.396
    68.44    1.280    8.760    1.941
    68.51    1.215    8.930    1.630
    68.57    1.205    9.100    1.816
    68.64    1.190    9.265    2.373
    68.71    1.195    9.430    2.023
    68.77    1.245    9.605    2.004
    68.84    1.265    9.780    2.358
    68.90    1.295    8.690    1.765
    68.97    1.305   -9.770    2.212
    69.04    1.295   -9.620    2.081
    69.10    1.315   -9.430    1.609
    69.17    1.320   -9.240    1.643
    69.23    1.275   -9.060    2.651
    69.30    1.260   -8.880    1.560
    69.37    1.315   -8.690    1.725
    69.43    1.280   -8.510    2.272
    69.50    1.260   -8.330    2.112
    69.56    1.290   -8.145    1.872
    69.63    1.310   -7.960    2.029
    69.70    1.300   -7.775    1.851
    69.76    1.300   -7.590    2.407
    69.83    1.305   -7.400    2.258
    69.89    1.355   -7.210    1.763
    69.96    1.375   -7.015    2.272
    70.03    1.365   -6.820    2.144
    70.09    1.390   -6.620    1.861
    70.16    1.400   -6.425    1.502
    70.22    1.365   -6.230    1.529
    70.29    1.305   -6.045    2.139
    70.36    1.260   -5.865    2.135
    70.42    1.280   -5.680    2.241
    70.49    1.305   -5.495    1.807
    70.55    1.330   -5.305    1.167
    70.62    1.300   -5.120    1.598
    70.69    1.215   -4.945    2.142
    70.75    1.185   -4.780    2.229
    70.82    1.220   -4.610    1.713
    70.88    1.255   -4.430    1.915
    70.95    1.240   -4.255    2.283
    71.02    1.250   -4.075    1.941
    71.08    1.290   -3.895    2.058
    71.15    1.295   -3.710    1.650
    71.21    1.295   -3.525    1.747
    71.28    1.265   -3.345    1.859
    71.35    0.000    0.000    0.000

