Data series 2

    Time  ref_inp     lev2     lev1      err 
     0.00    4.070    3.470    0.415   -0.270
     0.10    4.070    3.465    0.415   -0.270
     0.20    4.070    3.465    0.415   -0.270
     0.30    4.070    3.465    0.415   -0.270
     0.40    4.065    3.465    0.415   -0.270
     0.50    4.070    3.465    0.415   -0.270
     0.60    4.070    3.465    0.415   -0.270
     0.70    4.070    3.465    0.415   -0.270
     0.80    4.070    3.465    0.415   -0.270
     0.90    4.070    3.465    0.415   -0.270
     1.00    4.070    3.465    0.415   -0.270
     1.10    4.070    3.465    0.415   -0.270
     1.20    4.070    3.465    0.415   -0.270
     1.30    4.070    3.470    0.415   -0.270
     1.40    4.070    3.470    0.415   -0.270
     1.50    4.070    3.470    0.415   -0.270
     1.60    4.065    3.470    0.415   -0.270
     1.70    4.070    3.470    0.410   -0.270
     1.80    4.070    3.470    0.415   -0.270
     1.90    4.070    3.465    0.415   -0.270
     2.00    4.070    3.465    0.415   -0.270
     2.10    4.070    3.465    0.415   -0.270
     2.20    4.070    3.465    0.415   -0.270
     2.30    4.070    3.465    0.415   -0.270
     2.40    4.070    3.465    0.415   -0.270
     2.50    4.070    3.465    0.415   -0.270
     2.60    4.070    3.465    0.415   -0.270
     2.70    4.070    3.465    0.415   -0.270
     2.80    4.070    3.465    0.415   -0.270
     2.90    4.070    3.465    0.415   -0.270
     3.00    4.070    3.465    0.415   -0.270
     3.10    4.065    3.465    0.415   -0.270
     3.20    4.070    3.465    0.415   -0.270
     3.30    4.070    3.465    0.415   -0.270
     3.40    4.070    3.465    0.415   -0.270
     3.50    4.070    3.465    0.415   -0.270
     3.60    4.070    3.465    0.415   -0.270
     3.70    4.070    3.465    0.415   -0.270
     3.80    4.070    3.465    0.415   -0.270
     3.90    5.000    3.460    0.440   -0.270
     4.00    5.060    3.460    0.485   -0.265
     4.10    5.060    3.465    0.515   -0.260
     4.20    5.060    3.465    0.540   -0.255
     4.30    5.060    3.465    0.555   -0.255
     4.40    5.060    3.465    0.565   -0.250
     4.50    5.060    3.465    0.570   -0.245
     4.60    5.060    3.465    0.575   -0.245
     4.70    5.060    3.470    0.580   -0.245
     4.80    5.060    3.470    0.580   -0.240
     4.90    5.060    3.470    0.580   -0.240
     5.00    5.060    3.475    0.585   -0.240
     5.10    5.060    3.475    0.585   -0.235
     5.20    5.060    3.480    0.585   -0.235
     5.30    5.060    3.480    0.585   -0.235
     5.40    5.060    3.485    0.585   -0.235
     5.50    5.060    3.485    0.585   -0.235
     5.60    5.060    3.485    0.585   -0.235
     5.70    5.060    3.485    0.585   -0.235
     5.80    5.060    3.485    0.585   -0.235
     5.90    5.060    3.485    0.585   -0.235
     6.00    5.060    3.485    0.585   -0.235
     6.10    5.060    3.485    0.585   -0.235
     6.20    5.060    3.490    0.585   -0.235
     6.30    5.060    3.490    0.585   -0.235
     6.40    5.060    3.495    0.585   -0.235
     6.50    5.060    3.495    0.585   -0.235
     6.60    5.060    3.500    0.585   -0.235
     6.70    5.060    3.505    0.585   -0.235
     6.80    5.060    3.510    0.585   -0.235
     6.90    5.060    3.510    0.585   -0.235
     7.00    5.060    3.515    0.585   -0.235
     7.10    5.060    3.515    0.585   -0.235
     7.20    5.060    3.520    0.585   -0.235
     7.30    5.060    3.525    0.585   -0.235
     7.40    5.060    3.525    0.585   -0.235
     7.50    5.060    3.530    0.585   -0.235
     7.60    5.060    3.535    0.585   -0.235
     7.70    5.060    3.535    0.585   -0.235
     7.80    5.060    3.545    0.585   -0.235
     7.90    5.060    3.545    0.585   -0.235
     8.00    5.060    3.550    0.585   -0.235
     8.10    5.060    3.555    0.585   -0.235
     8.20    5.060    3.560    0.585   -0.235
     8.30    5.060    3.560    0.585   -0.235
     8.40    5.060    3.565    0.585   -0.235
     8.50    5.060    3.570    0.585   -0.235
     8.60    5.060    3.570    0.585   -0.235
     8.70    5.060    3.575    0.585   -0.235
     8.80    5.060    3.580    0.585   -0.235
     8.90    5.060    3.585    0.585   -0.235
     9.00    5.060    3.585    0.585   -0.235
     9.10    5.060    3.590    0.585   -0.235
     9.20    5.060    3.600    0.585   -0.235
     9.30    5.060    3.600    0.585   -0.235
     9.40    5.060    3.605    0.585   -0.235
     9.50    5.060    3.605    0.585   -0.235
     9.60    5.060    3.610    0.585   -0.235
     9.70    5.060    3.615    0.585   -0.235
     9.80    5.060    3.615    0.585   -0.235
     9.90    5.060    3.620    0.585   -0.235
    10.00    5.060    3.625    0.585   -0.235
    10.10    5.060    3.630    0.585   -0.235
    10.20    5.060    3.635    0.585   -0.235
    10.30    5.060    3.640    0.585   -0.235
    10.40    5.060    3.645    0.585   -0.235
    10.50    5.060    3.650    0.585   -0.235
    10.60    5.060    3.655    0.585   -0.235
    10.70    5.060    3.660    0.585   -0.235
    10.80    5.060    3.665    0.585   -0.235
    10.90    5.060    3.675    0.585   -0.235
    11.00    5.060    3.680    0.585   -0.235
    11.10    5.060    3.680    0.585   -0.235
    11.20    5.060    3.685    0.585   -0.235
    11.30    5.060    3.690    0.585   -0.235
    11.40    5.060    3.695    0.585   -0.235
    11.50    5.060    3.700    0.585   -0.235
    11.60    5.060    3.705    0.585   -0.235
    11.70    5.060    3.710    0.585   -0.235
    11.80    5.060    3.710    0.585   -0.235
    11.90    5.060    3.715    0.590   -0.235
    12.00    5.060    3.720    0.590   -0.235
    12.10    5.060    3.725    0.590   -0.235
    12.20    5.060    3.730    0.585   -0.235
    12.30    5.060    3.740    0.590   -0.235
    12.40    5.060    3.745    0.590   -0.235
    12.50    5.060    3.750    0.590   -0.235
    12.60    5.060    3.755    0.585   -0.235
    12.70    5.060    3.760    0.590   -0.235
    12.80    5.060    3.765    0.590   -0.235
    12.90    5.060    3.770    0.590   -0.235
    13.00    5.060    3.775    0.590   -0.235
    13.10    5.060    3.780    0.590   -0.235
    13.20    5.060    3.785    0.590   -0.235
    13.30    5.060    3.790    0.590   -0.235
    13.40    5.060    3.795    0.590   -0.235
    13.50    5.060    3.800    0.585   -0.235
    13.60    5.060    3.800    0.590   -0.235
    13.70    5.060    3.805    0.590   -0.235
    13.80    5.060    3.810    0.590   -0.235
    13.90    5.060    3.810    0.590   -0.235
    14.00    5.060    3.820    0.590   -0.235
    14.10    5.060    3.825    0.590   -0.235
    14.20    5.060    3.835    0.590   -0.235
    14.30    5.060    3.840    0.590   -0.235
    14.40    5.060    3.845    0.590   -0.235
    14.50    5.060    3.850    0.590   -0.235
    14.60    5.060    3.855    0.590   -0.235
    14.70    5.060    3.860    0.590   -0.235
    14.80    5.060    3.865    0.590   -0.235
    14.90    5.060    3.870    0.590   -0.235
    15.00    5.060    3.875    0.590   -0.235
    15.10    5.060    3.875    0.590   -0.235
    15.20    5.060    3.880    0.590   -0.235
    15.30    5.060    3.885    0.590   -0.235
    15.40    5.060    3.890    0.590   -0.235
    15.50    5.060    3.895    0.590   -0.235
    15.60    5.060    3.895    0.590   -0.235
    15.70    5.060    3.900    0.590   -0.235
    15.80    5.060    3.905    0.590   -0.235
    15.90    5.060    3.910    0.590   -0.235
    16.00    5.060    3.915    0.590   -0.235
    16.10    5.060    3.920    0.590   -0.235
    16.20    5.060    3.925    0.590   -0.235
    16.30    5.060    3.930    0.590   -0.235
    16.40    5.060    3.935    0.590   -0.235
    16.50    5.060    3.940    0.590   -0.235
    16.60    5.060    3.945    0.590   -0.235
    16.70    5.060    3.955    0.590   -0.235
    16.80    5.060    3.955    0.590   -0.235
    16.90    5.060    3.960    0.590   -0.235
    17.00    5.060    3.970    0.590   -0.235
    17.10    5.060    3.975    0.590   -0.235
    17.20    5.060    3.980    0.590   -0.235
    17.30    5.060    3.985    0.590   -0.235
    17.40    5.060    3.985    0.590   -0.235
    17.50    5.060    3.990    0.590   -0.235
    17.60    5.060    3.995    0.590   -0.235
    17.70    5.060    4.005    0.590   -0.235
    17.80    5.060    4.010    0.590   -0.235
    17.90    5.060    4.010    0.590   -0.235
    18.00    5.060    4.015    0.590   -0.235
    18.10    5.060    4.015    0.590   -0.235
    18.20    5.060    4.020    0.590   -0.235
    18.30    5.060    4.025    0.590   -0.235
    18.40    5.060    4.030    0.590   -0.235
    18.50    5.060    4.035    0.590   -0.235
    18.60    5.060    4.040    0.590   -0.235
    18.70    5.060    4.045    0.590   -0.235
    18.80    5.060    4.050    0.590   -0.235
    18.90    5.060    4.055    0.590   -0.235
    19.00    5.060    4.065    0.590   -0.235
    19.10    5.060    4.070    0.590   -0.235
    19.20    5.060    4.075    0.590   -0.235
    19.30    5.060    4.080    0.590   -0.235
    19.40    5.060    4.085    0.590   -0.235
    19.50    5.060    4.090    0.590   -0.235
    19.60    5.060    4.095    0.590   -0.235
    19.70    5.060    4.100    0.590   -0.235
    19.80    5.060    4.105    0.590   -0.235
    19.90    5.060    4.110    0.590   -0.235
    20.00    5.060    4.115    0.590   -0.235
    20.10    5.060    4.120    0.590   -0.235
    20.20    5.060    4.120    0.590   -0.235
    20.30    5.060    4.125    0.590   -0.235
    20.40    5.060    4.125    0.590   -0.235
    20.50    5.060    4.130    0.590   -0.235
    20.60    5.060    4.135    0.590   -0.235
    20.70    5.060    4.140    0.590   -0.235
    20.80    5.060    4.145    0.590   -0.235
    20.90    5.060    4.150    0.590   -0.235
    21.00    5.060    4.160    0.590   -0.235
    21.10    5.060    4.165    0.590   -0.235
    21.20    5.060    4.170    0.590   -0.235
    21.30    5.060    4.170    0.590   -0.235
    21.40    5.060    4.175    0.590   -0.235
    21.50    5.060    4.180    0.590   -0.235
    21.60    5.060    4.185    0.590   -0.235
    21.70    5.060    4.185    0.590   -0.235
    21.80    5.060    4.190    0.590   -0.235
    21.90    5.060    4.190    0.590   -0.235
    22.00    5.060    4.195    0.590   -0.235
    22.10    5.060    4.200    0.590   -0.235
    22.20    5.060    4.205    0.590   -0.235
    22.30    5.060    4.210    0.590   -0.235
    22.40    5.060    4.215    0.590   -0.235
    22.50    5.060    4.225    0.590   -0.235
    22.60    5.060    4.230    0.590   -0.235
    22.70    5.060    4.230    0.590   -0.235
    22.80    5.060    4.235    0.590   -0.235
    22.90    5.060    4.235    0.590   -0.235
    23.00    5.060    4.240    0.590   -0.235
    23.10    5.060    4.245    0.590   -0.235
    23.20    5.060    4.245    0.590   -0.235
    23.30    5.060    4.250    0.590   -0.235
    23.40    5.060    4.250    0.590   -0.235
    23.50    5.060    4.255    0.590   -0.235
    23.60    5.060    4.260    0.590   -0.235
    23.70    5.060    4.265    0.590   -0.235
    23.80    5.060    4.270    0.590   -0.235
    23.90    5.060    4.275    0.590   -0.235
    24.00    5.060    4.280    0.590   -0.235
    24.10    5.060    4.285    0.590   -0.235
    24.20    5.060    4.285    0.590   -0.235
    24.30    5.060    4.290    0.590   -0.235
    24.40    5.060    4.290    0.590   -0.235
    24.50    5.060    4.295    0.590   -0.235
    24.60    5.060    4.295    0.590   -0.235
    24.70    5.060    4.300    0.590   -0.235
    24.80    5.060    4.300    0.590   -0.235
    24.90    5.060    4.305    0.590   -0.235
    25.00    5.060    4.310    0.590   -0.235
    25.10    5.060    4.315    0.590   -0.235
    25.20    5.060    4.315    0.590   -0.235
    25.30    5.060    4.320    0.590   -0.235
    25.40    5.060    4.320    0.590   -0.235
    25.50    5.060    4.325    0.590   -0.235
    25.60    5.060    4.325    0.590   -0.235
    25.70    5.060    4.330    0.590   -0.235
    25.80    5.060    4.335    0.590   -0.235
    25.90    5.060    4.340    0.590   -0.235
    26.00    5.060    4.340    0.590   -0.235
    26.10    5.060    4.345    0.590   -0.235
    26.20    5.060    4.345    0.590   -0.235
    26.30    5.060    4.345    0.590   -0.235
    26.40    5.060    4.350    0.590   -0.235
    26.50    5.060    4.350    0.590   -0.235
    26.60    5.060    4.355    0.590   -0.235
    26.70    5.060    4.360    0.595   -0.235
    26.80    5.060    4.365    0.590   -0.235
    26.90    5.060    4.370    0.590   -0.235
    27.00    5.060    4.370    0.590   -0.235
    27.10    5.060    4.375    0.590   -0.235
    27.20    5.060    4.375    0.595   -0.235
    27.30    5.060    4.380    0.590   -0.235
    27.40    5.060    4.380    0.590   -0.235
    27.50    5.060    4.380    0.595   -0.235
    27.60    5.060    4.385    0.595   -0.235
    27.70    5.060    4.385    0.590   -0.235
    27.80    5.060    4.385    0.590   -0.235
    27.90    5.060    4.390    0.590   -0.235
    28.00    5.060    4.390    0.590   -0.235
    28.10    5.060    4.390    0.590   -0.235
    28.20    5.060    4.395    0.590   -0.235
    28.30    5.060    4.395    0.590   -0.235
    28.40    5.060    4.400    0.595   -0.235
    28.50    5.060    4.400    0.595   -0.235
    28.60    5.060    4.405    0.595   -0.235
    28.70    5.060    4.405    0.595   -0.235
    28.80    5.060    4.410    0.590   -0.235
    28.90    5.060    4.415    0.595   -0.235
    29.00    5.060    4.415    0.595   -0.235
    29.10    5.060    4.420    0.595   -0.235
    29.20    5.060    4.420    0.595   -0.235
    29.30    5.060    4.425    0.595   -0.235
    29.40    5.060    4.425    0.595   -0.235
    29.50    5.060    4.425    0.595   -0.235
    29.60    5.060    4.425    0.590   -0.235
    29.70    5.060    4.430    0.595   -0.235
    29.80    5.060    4.430    0.595   -0.235
    29.90    5.060    4.435    0.595   -0.235
    30.00    5.060    4.440    0.595   -0.235
    30.10    5.060    4.445    0.595   -0.235
    30.20    5.060    4.445    0.595   -0.235
    30.30    5.060    4.450    0.595   -0.235
    30.40    5.060    4.450    0.590   -0.235
    30.50    5.060    4.455    0.595   -0.235
    30.60    5.060    4.455    0.595   -0.235
    30.70    5.060    4.460    0.595   -0.235
    30.80    5.060    4.460    0.595   -0.235
    30.90    5.060    4.460    0.595   -0.235
    31.00    5.060    4.460    0.595   -0.235
    31.10    5.060    4.460    0.595   -0.235
    31.20    5.060    4.465    0.595   -0.235
    31.30    5.060    4.465    0.595   -0.235
    31.40    5.060    4.465    0.595   -0.235
    31.50    5.060    4.465    0.595   -0.235
    31.60    5.060    4.470    0.595   -0.235
    31.70    5.060    4.470    0.595   -0.235
    31.80    5.060    4.470    0.595   -0.235
    31.90    5.060    4.470    0.595   -0.235
    32.00    5.060    4.470    0.595   -0.235
    32.10    5.060    4.470    0.595   -0.235
    32.20    5.060    4.470    0.595   -0.235
    32.30    5.060    4.475    0.595   -0.235
    32.40    5.060    4.475    0.595   -0.235
    32.50    5.060    4.475    0.595   -0.235
    32.60    5.060    4.475    0.595   -0.235
    32.70    5.060    4.480    0.595   -0.235
    32.80    5.060    4.480    0.595   -0.235
    32.90    5.060    4.485    0.595   -0.235
    33.00    5.060    4.485    0.595   -0.235
    33.10    5.060    4.490    0.595   -0.235
    33.20    5.060    4.490    0.595   -0.235
    33.30    5.060    4.490    0.595   -0.235
    33.40    5.060    4.495    0.595   -0.235
    33.50    5.060    4.495    0.595   -0.235
    33.60    5.060    4.495    0.595   -0.235
    33.70    5.060    4.495    0.595   -0.235
    33.80    5.060    4.495    0.595   -0.235
    33.90    5.060    4.495    0.595   -0.235
    34.00    5.060    4.495    0.595   -0.235
    34.10    5.060    4.495    0.595   -0.235
    34.20    5.060    4.495    0.595   -0.235
    34.30    5.060    4.495    0.595   -0.235
    34.40    5.060    4.495    0.595   -0.235
    34.50    5.060    4.495    0.595   -0.235
    34.60    5.060    4.500    0.595   -0.235
    34.70    5.060    4.505    0.595   -0.235
    34.80    5.060    4.505    0.595   -0.235
    34.90    5.060    4.510    0.595   -0.235
    35.00    5.060    4.510    0.595   -0.235
    35.10    5.060    4.510    0.595   -0.235
    35.20    5.060    4.510    0.595   -0.235
    35.30    5.060    4.510    0.595   -0.235
    35.40    5.060    4.510    0.595   -0.235
    35.50    5.060    4.510    0.595   -0.235
    35.60    5.060    4.510    0.595   -0.235
    35.70    5.060    4.510    0.595   -0.235
    35.80    5.060    4.510    0.595   -0.235
    35.90    5.060    4.510    0.595   -0.235
    36.00    5.060    4.510    0.595   -0.235
    36.10    5.060    4.510    0.595   -0.235
    36.20    5.060    4.510    0.595   -0.235
    36.30    5.060    4.510    0.595   -0.235
    36.40    5.060    4.510    0.595   -0.235
    36.50    5.060    4.510    0.595   -0.235
    36.60    5.060    4.510    0.595   -0.235
    36.70    5.060    4.510    0.595   -0.235
    36.80    5.060    4.510    0.595   -0.235
    36.90    5.060    4.510    0.595   -0.235
    37.00    5.060    4.510    0.595   -0.235
    37.10    5.060    4.510    0.595   -0.235
    37.20    5.060    4.510    0.595   -0.235
    37.30    5.060    4.515    0.595   -0.235
    37.40    5.060    4.515    0.595   -0.235
    37.50    5.060    4.515    0.595   -0.235
    37.60    5.060    4.515    0.595   -0.235
    37.70    5.060    4.515    0.595   -0.235
    37.80    5.060    4.515    0.595   -0.235
    37.90    5.060    4.515    0.595   -0.235
    38.00    5.060    4.515    0.595   -0.235
    38.10    5.060    4.515    0.595   -0.235
    38.20    5.060    4.515    0.595   -0.235
    38.30    5.060    4.515    0.595   -0.235
    38.40    5.060    4.515    0.595   -0.235
    38.50    5.060    4.515    0.595   -0.235
    38.60    5.060    4.515    0.595   -0.235
    38.70    5.060    4.515    0.595   -0.235
    38.80    5.060    4.515    0.595   -0.235
    38.90    5.060    4.515    0.595   -0.235
    39.00    5.060    4.515    0.595   -0.235
    39.10    5.060    4.515    0.595   -0.235
    39.20    5.060    4.515    0.595   -0.235
    39.30    5.060    4.515    0.595   -0.235
    39.40    5.060    4.515    0.595   -0.235
    39.50    5.060    4.515    0.595   -0.235
    39.60    5.060    4.515    0.595   -0.235
    39.70    5.060    4.515    0.595   -0.235
    39.80    5.060    4.515    0.595   -0.235
    39.90    5.060    4.515    0.595   -0.235
    40.00    5.060    4.515    0.595   -0.235
    40.10    5.060    4.515    0.595   -0.235
    40.20    5.060    4.515    0.595   -0.235
    40.30    5.060    4.515    0.595   -0.235
    40.40    5.060    4.515    0.595   -0.235
    40.50    5.060    4.515    0.595   -0.235
    40.60    5.060    4.515    0.595   -0.235
    40.70    5.060    4.515    0.595   -0.235
    40.80    5.060    4.515    0.595   -0.235
    40.90    5.060    4.510    0.595   -0.235
    41.00    5.060    4.510    0.595   -0.235
    41.10    5.060    4.510    0.595   -0.235
    41.20    5.060    4.510    0.595   -0.235
    41.30    5.060    4.510    0.595   -0.235
    41.40    5.060    4.510    0.595   -0.235
    41.50    5.060    4.510    0.595   -0.235
    41.60    5.060    4.510    0.595   -0.235
    41.70    5.060    4.510    0.595   -0.235
    41.80    5.060    4.510    0.595   -0.235
    41.90    5.060    4.510    0.595   -0.235
    42.00    5.060    4.510    0.595   -0.235
    42.10    5.060    4.505    0.595   -0.235
    42.20    5.060    4.505    0.595   -0.235
    42.30    5.060    4.505    0.595   -0.235
    42.40    5.060    4.505    0.595   -0.235
    42.50    5.060    4.505    0.595   -0.235
    42.60    5.060    4.505    0.595   -0.235
    42.70    5.060    4.505    0.595   -0.235
    42.80    5.060    4.505    0.595   -0.235
    42.90    5.060    4.505    0.595   -0.235
    43.00    5.060    4.505    0.595   -0.235
    43.10    5.060    4.505    0.595   -0.235
    43.20    5.060    4.505    0.595   -0.235
    43.30    5.060    4.505    0.595   -0.235
    43.40    5.060    4.505    0.595   -0.235
    43.50    5.060    4.505    0.595   -0.235
    43.60    5.060    4.505    0.595   -0.235
    43.70    5.060    4.505    0.595   -0.235
    43.80    5.060    4.505    0.595   -0.235
    43.90    5.060    4.505    0.595   -0.235
    44.00    5.060    4.505    0.595   -0.235
    44.10    5.060    4.505    0.595   -0.235
    44.20    5.060    4.500    0.595   -0.235
    44.30    5.060    4.500    0.595   -0.235
    44.40    5.060    4.500    0.595   -0.235
    44.50    5.060    4.500    0.595   -0.235
    44.60    5.060    4.500    0.595   -0.235
    44.70    5.060    4.500    0.595   -0.235
    44.80    5.060    4.500    0.595   -0.235
    44.90    5.060    4.500    0.595   -0.235
    45.00    5.060    4.500    0.595   -0.235
    45.10    5.060    4.500    0.595   -0.235
    45.20    5.060    4.495    0.595   -0.235
    45.30    5.060    4.500    0.595   -0.235
    45.40    5.060    4.500    0.595   -0.235
    45.50    5.060    4.500    0.595   -0.235
    45.60    5.060    4.500    0.595   -0.235
    45.70    5.060    4.500    0.595   -0.235
    45.80    5.060    4.495    0.595   -0.235
    45.90    5.060    4.495    0.595   -0.235
    46.00    5.060    4.495    0.595   -0.235
    46.10    5.060    4.495    0.595   -0.235
    46.20    5.060    4.490    0.595   -0.235
    46.30    5.060    4.490    0.595   -0.235
    46.40    5.060    4.490    0.595   -0.235
    46.50    5.060    4.490    0.595   -0.235
    46.60    5.060    4.490    0.595   -0.235
    46.70    5.060    4.490    0.595   -0.235
    46.80    5.060    4.490    0.595   -0.235
    46.90    5.060    4.490    0.595   -0.235
    47.00    5.060    4.490    0.595   -0.235
    47.10    5.060    4.490    0.595   -0.235
    47.20    5.060    4.490    0.595   -0.235
    47.30    5.060    4.490    0.595   -0.235
    47.40    5.060    4.490    0.595   -0.235
    47.50    5.060    4.485    0.595   -0.235
    47.60    5.060    4.485    0.595   -0.235
    47.70    5.060    4.485    0.595   -0.235
    47.80    5.060    4.485    0.595   -0.235
    47.90    5.060    4.485    0.595   -0.235
    48.00    5.060    4.485    0.595   -0.235
    48.10    5.060    4.485    0.595   -0.235
    48.20    5.060    4.480    0.595   -0.235
    48.30    5.060    4.480    0.595   -0.235
    48.40    5.060    4.480    0.595   -0.235
    48.50    5.060    4.480    0.595   -0.235
    48.60    5.060    4.480    0.595   -0.235
    48.70    5.060    4.480    0.595   -0.235
    48.80    5.060    4.480    0.595   -0.235
    48.90    5.060    4.480    0.595   -0.235
    49.00    5.060    4.480    0.595   -0.235
    49.10    5.060    4.480    0.590   -0.235
    49.20    5.060    4.480    0.595   -0.235
    49.30    5.060    4.475    0.595   -0.235
    49.40    5.060    4.475    0.595   -0.235
    49.50    5.060    4.475    0.595   -0.235
    49.60    5.060    4.475    0.595   -0.235
    49.70    5.060    4.480    0.595   -0.235
    49.80    5.060    4.480    0.595   -0.235
    49.90    5.060    4.475    0.595   -0.235
    50.00    5.060    4.475    0.595   -0.235
    50.10    5.060    4.475    0.595   -0.235
    50.20    5.060    4.475    0.595   -0.235
    50.30    5.060    4.470    0.595   -0.235
    50.40    5.060    4.470    0.595   -0.235
    50.50    5.060    4.470    0.595   -0.235
    50.60    5.060    4.470    0.595   -0.235
    50.70    5.060    4.470    0.595   -0.235
    50.80    5.060    4.470    0.595   -0.235
    50.90    5.060    4.470    0.595   -0.235
    51.00    5.060    4.470    0.595   -0.235
    51.10    5.060    4.470    0.595   -0.235
    51.20    5.060    4.470    0.595   -0.235
    51.30    5.060    4.470    0.595   -0.235
    51.40    5.060    4.470    0.595   -0.235
    51.50    5.060    4.465    0.595   -0.235
    51.60    5.060    4.465    0.595   -0.235
    51.70    5.060    4.465    0.595   -0.235
    51.80    5.060    4.465    0.595   -0.235
    51.90    5.060    4.465    0.595   -0.235
    52.00    5.060    4.465    0.590   -0.235
    52.10    5.060    4.465    0.595   -0.235
    52.20    5.060    4.465    0.595   -0.235
    52.30    5.060    4.465    0.595   -0.235
    52.40    5.060    4.465    0.595   -0.235
    52.50    5.060    4.460    0.595   -0.235
    52.60    5.060    4.460    0.595   -0.235
    52.70    5.060    4.460    0.595   -0.235
    52.80    5.060    4.460    0.595   -0.235
    52.90    5.060    4.460    0.595   -0.235
    53.00    5.060    4.455    0.595   -0.235
    53.10    5.060    4.455    0.595   -0.235
    53.20    5.060    4.455    0.595   -0.235
    53.30    5.060    4.455    0.595   -0.235
    53.40    5.060    4.455    0.595   -0.235
    53.50    5.060    4.455    0.595   -0.235
    53.60    5.060    4.450    0.595   -0.235
    53.70    5.060    4.450    0.595   -0.235
    53.80    5.060    4.450    0.595   -0.235
    53.90    5.060    4.450    0.595   -0.235
    54.00    5.060    4.450    0.595   -0.235
    54.10    5.060    4.450    0.595   -0.235
    54.20    5.060    4.450    0.595   -0.235
    54.30    5.060    4.450    0.595   -0.235
    54.40    5.060    4.450    0.595   -0.235
    54.50    5.060    4.450    0.595   -0.235
    54.60    5.060    4.450    0.595   -0.235
    54.70    5.060    4.450    0.595   -0.235
    54.80    5.060    4.445    0.595   -0.235
    54.90    5.060    4.445    0.595   -0.235
    55.00    5.060    4.445    0.595   -0.235
    55.10    5.060    4.445    0.595   -0.235
    55.20    5.060    4.445    0.590   -0.235
    55.30    5.060    4.445    0.595   -0.235
    55.40    5.060    4.445    0.595   -0.235
    55.50    5.060    4.445    0.595   -0.235
    55.60    5.060    4.445    0.595   -0.235
    55.70    5.060    4.450    0.595   -0.235
    55.80    5.060    4.450    0.595   -0.235
    55.90    5.060    4.450    0.595   -0.235
    56.00    5.060    4.450    0.590   -0.235
    56.10    5.060    4.450    0.595   -0.235
    56.20    5.060    4.445    0.595   -0.235
    56.30    5.060    4.445    0.595   -0.235
    56.40    5.060    4.445    0.595   -0.235
    56.50    5.060    4.445    0.595   -0.235
    56.60    5.060    4.445    0.595   -0.235
    56.70    5.060    4.440    0.590   -0.235
    56.80    5.060    4.440    0.595   -0.235
    56.90    5.060    4.440    0.595   -0.235
    57.00    5.060    4.440    0.595   -0.235
    57.10    5.060    4.440    0.595   -0.235
    57.20    5.060    4.440    0.595   -0.235
    57.30    5.060    4.440    0.595   -0.235
    57.40    5.060    4.440    0.595   -0.235
    57.50    5.060    4.435    0.595   -0.235
    57.60    5.060    4.435    0.595   -0.235
    57.70    5.060    4.435    0.595   -0.235
    57.80    5.060    4.435    0.595   -0.235
    57.90    5.060    4.435    0.590   -0.235
    58.00    5.060    4.435    0.595   -0.235
    58.10    5.060    4.435    0.590   -0.235
    58.20    5.060    4.435    0.595   -0.235
    58.30    5.060    4.435    0.595   -0.235
    58.40    5.060    4.435    0.595   -0.235
    58.50    5.060    4.435    0.590   -0.235
    58.60    5.060    4.435    0.595   -0.235
    58.70    5.060    4.435    0.595   -0.235
    58.80    5.060    4.435    0.595   -0.235
    58.90    5.060    4.440    0.595   -0.235
    59.00    5.060    4.440    0.595   -0.235
    59.10    5.060    4.440    0.590   -0.235
    59.20    5.060    4.440    0.595   -0.235
    59.30    5.060    4.440    0.595   -0.235
    59.40    5.060    4.435    0.595   -0.235
    59.50    5.060    4.435    0.595   -0.235
    59.60    5.060    4.435    0.590   -0.235
    59.70    5.060    4.435    0.590   -0.235
    59.80    5.060    4.435    0.595   -0.235
    59.90    5.060    4.435    0.595   -0.235
    60.00    5.060    4.435    0.595   -0.235
    60.10    5.060    4.430    0.595   -0.235
    60.20    5.060    4.430    0.590   -0.235
    60.30    5.060    4.430    0.590   -0.235
    60.40    5.060    4.430    0.595   -0.235
    60.50    5.060    4.430    0.595   -0.235
    60.60    5.060    4.430    0.595   -0.235
    60.70    5.060    4.430    0.595   -0.235
    60.80    5.060    4.430    0.595   -0.235
    60.90    5.060    4.430    0.595   -0.235
    61.00    5.060    4.430    0.590   -0.235
    61.10    5.060    4.430    0.595   -0.235
    61.20    5.060    4.430    0.595   -0.235
    61.30    5.060    4.430    0.590   -0.235
    61.40    5.060    4.430    0.595   -0.235
    61.50    5.060    4.430    0.595   -0.235
    61.60    5.060    4.430    0.595   -0.235
    61.70    5.060    4.425    0.595   -0.235
    61.80    5.060    4.425    0.595   -0.235
    61.90    5.060    4.425    0.595   -0.235
    62.00    5.060    4.425    0.595   -0.235
    62.10    5.060    4.425    0.590   -0.235
    62.20    5.060    4.425    0.590   -0.235
    62.30    5.060    4.425    0.590   -0.235
    62.40    5.060    4.425    0.590   -0.235
    62.50    5.060    4.425    0.595   -0.235
    62.60    5.060    4.425    0.595   -0.235
    62.70    5.060    4.425    0.595   -0.235
    62.80    5.060    4.425    0.595   -0.235
    62.90    5.060    4.425    0.595   -0.235
    63.00    5.060    4.425    0.595   -0.235
    63.10    5.060    4.425    0.595   -0.235
    63.20    5.060    4.420    0.590   -0.235
    63.30    5.060    4.425    0.595   -0.235
    63.40    5.060    4.425    0.595   -0.235
    63.50    5.060    4.425    0.595   -0.235
    63.60    5.060    4.425    0.595   -0.235
    63.70    5.060    4.425    0.590   -0.235
    63.80    5.060    4.425    0.595   -0.235
    63.90    5.060    4.425    0.595   -0.235
    64.00    5.060    4.425    0.590   -0.235
    64.10    5.060    4.425    0.590   -0.235
    64.20    5.060    4.420    0.595   -0.235
    64.30    5.060    4.420    0.595   -0.235
    64.40    5.060    4.425    0.595   -0.235
    64.50    5.060    4.425    0.590   -0.235
    64.60    5.060    4.425    0.595   -0.235
    64.70    5.060    4.425    0.590   -0.235
    64.80    5.060    4.420    0.595   -0.235
    64.90    5.060    4.425    0.595   -0.235
    65.00    5.060    4.420    0.590   -0.235
    65.10    5.060    4.420    0.595   -0.235
    65.20    5.060    4.420    0.595   -0.235
    65.30    5.060    4.420    0.595   -0.235
    65.40    5.060    4.420    0.595   -0.235
    65.50    5.060    4.420    0.595   -0.235
    65.60    5.060    4.420    0.590   -0.235
    65.70    5.060    4.420    0.595   -0.235
    65.80    5.060    4.420    0.595   -0.235
    65.90    5.060    4.420    0.590   -0.235
    66.00    5.060    4.420    0.595   -0.235
    66.10    5.060    4.420    0.595   -0.235
    66.20    5.060    4.420    0.595   -0.235
    66.30    5.060    4.420    0.590   -0.235
    66.40    5.060    4.420    0.590   -0.235
    66.50    5.060    4.420    0.595   -0.235
    66.60    5.060    4.420    0.595   -0.235
    66.70    5.060    4.420    0.595   -0.235
    66.80    5.060    4.420    0.590   -0.235
    66.90    5.060    4.420    0.595   -0.235
    67.00    5.060    4.420    0.595   -0.235
    67.10    5.060    4.420    0.595   -0.235
    67.20    5.060    4.420    0.590   -0.235
    67.30    5.060    4.420    0.595   -0.235
    67.40    5.060    4.420    0.590   -0.235
    67.50    5.060    4.420    0.595   -0.235
    67.60    5.060    4.420    0.595   -0.235
    67.70    5.060    4.420    0.595   -0.235
    67.80    5.060    4.420    0.595   -0.235
    67.90    5.060    4.420    0.590   -0.235
    68.00    5.060    4.415    0.595   -0.235
    68.10    5.060    4.415    0.595   -0.235
    68.20    5.060    4.415    0.595   -0.235
    68.30    5.060    4.415    0.590   -0.235
    68.40    5.060    4.420    0.595   -0.235
    68.50    5.060    4.415    0.595   -0.235
    68.60    5.060    4.415    0.595   -0.235
    68.70    5.060    4.420    0.595   -0.235
    68.80    5.060    4.420    0.595   -0.235
    68.90    5.060    4.420    0.590   -0.235
    69.00    5.060    4.420    0.595   -0.235
    69.10    5.060    4.420    0.595   -0.235
    69.20    5.060    4.420    0.595   -0.235
    69.30    5.060    4.420    0.595   -0.235
    69.40    5.060    4.420    0.595   -0.235
    69.50    5.060    4.420    0.590   -0.235
    69.60    5.060    4.420    0.595   -0.235
    69.70    5.060    4.420    0.595   -0.235
    69.80    5.060    4.420    0.590   -0.235
    69.90    5.060    4.420    0.595   -0.235
    70.00    5.060    4.420    0.595   -0.235
    70.10    5.060    4.420    0.595   -0.235
    70.20    5.060    4.420    0.590   -0.235
    70.30    5.060    4.420    0.590   -0.235
    70.40    5.060    4.420    0.595   -0.235
    70.50    5.060    4.420    0.590   -0.235
    70.60    5.060    4.420    0.595   -0.235
    70.70    5.060    4.420    0.595   -0.235
    70.80    5.060    4.420    0.595   -0.235
    70.90    5.060    4.420    0.590   -0.235
    71.00    5.060    4.420    0.595   -0.235
    71.10    5.060    4.420    0.595   -0.235
    71.20    5.060    4.420    0.595   -0.235
    71.30    5.060    4.420    0.595   -0.235
    71.40    5.060    4.420    0.595   -0.235
    71.50    5.060    4.420    0.595   -0.235
    71.60    5.060    4.420    0.595   -0.235
    71.70    5.060    4.420    0.595   -0.235
    71.80    5.060    4.425    0.590   -0.235
    71.90    5.060    4.425    0.595   -0.235
    72.00    5.060    4.425    0.595   -0.235
    72.10    5.060    4.425    0.595   -0.235
    72.20    5.060    4.425    0.595   -0.235
    72.30    5.060    4.425    0.595   -0.235
    72.40    5.060    4.425    0.595   -0.235
    72.50    5.060    4.420    0.595   -0.235
    72.60    5.060    4.420    0.595   -0.235
    72.70    5.060    4.420    0.595   -0.235
    72.80    5.060    4.420    0.595   -0.235
    72.90    5.060    4.420    0.595   -0.235
    73.00    5.060    4.420    0.590   -0.235
    73.10    5.060    4.420    0.595   -0.235
    73.20    5.060    4.425    0.590   -0.235
    73.30    5.060    4.425    0.595   -0.235
    73.40    5.060    4.425    0.590   -0.235
    73.50    5.060    4.425    0.595   -0.235
    73.60    5.060    4.420    0.595   -0.235
    73.70    5.060    4.420    0.595   -0.235
    73.80    5.060    4.425    0.595   -0.235
    73.90    5.060    4.425    0.595   -0.235
    74.00    5.060    4.425    0.595   -0.235
    74.10    5.060    4.425    0.595   -0.235
    74.20    5.060    4.425    0.595   -0.235
    74.30    5.060    4.425    0.595   -0.235
    74.40    5.060    4.425    0.590   -0.235
    74.50    5.060    4.425    0.595   -0.235
    74.60    5.060    4.425    0.595   -0.235
    74.70    5.060    4.425    0.590   -0.235
    74.80    5.060    4.425    0.595   -0.235
    74.90    5.060    4.425    0.590   -0.235
    75.00    5.060    4.425    0.595   -0.235
    75.10    5.060    4.425    0.590   -0.235
    75.20    5.060    4.425    0.595   -0.235
    75.30    5.060    4.425    0.590   -0.235
    75.40    5.060    4.425    0.595   -0.235
    75.50    5.060    4.425    0.590   -0.235
    75.60    5.060    4.420    0.590   -0.235
    75.70    5.060    4.420    0.595   -0.235
    75.80    5.060    4.420    0.590   -0.235
    75.90    5.060    4.420    0.595   -0.235
    76.00    5.060    4.420    0.595   -0.235
    76.10    5.060    4.420    0.595   -0.235
    76.20    5.060    4.420    0.590   -0.235
    76.30    5.060    4.420    0.595   -0.235
    76.40    5.060    4.420    0.595   -0.235
    76.50    5.060    4.425    0.590   -0.235
    76.60    5.060    4.420    0.595   -0.235
    76.70    5.060    4.420    0.590   -0.235
    76.80    5.060    4.425    0.595   -0.235
    76.90    5.060    4.425    0.595   -0.235
    77.00    5.060    4.425    0.590   -0.235
    77.10    5.060    4.425    0.590   -0.235
    77.20    5.060    4.425    0.590   -0.235
    77.30    5.060    4.425    0.595   -0.235
    77.40    5.060    4.425    0.595   -0.235
    77.50    5.060    4.420    0.595   -0.235
    77.60    5.060    4.420    0.595   -0.235
    77.70    5.060    4.425    0.595   -0.235
    77.80    5.060    4.425    0.595   -0.235
    77.90    5.060    4.425    0.595   -0.235
    78.00    5.060    4.425    0.595   -0.235
    78.10    5.060    4.425    0.595   -0.235
    78.20    5.060    4.430    0.595   -0.235
    78.30    5.060    4.430    0.595   -0.235
    78.40    5.060    4.430    0.595   -0.235
    78.50    5.060    4.425    0.595   -0.235
    78.60    5.060    4.425    0.595   -0.235
    78.70    5.060    4.425    0.595   -0.235
    78.80    5.060    4.425    0.595   -0.235
    78.90    5.060    4.425    0.595   -0.235
    79.00    5.060    4.425    0.595   -0.235
    79.10    5.060    4.425    0.590   -0.235
    79.20    5.060    4.430    0.590   -0.235
    79.30    5.060    4.430    0.595   -0.235
    79.40    5.060    4.430    0.595   -0.235
    79.50    5.060    4.430    0.595   -0.235
    79.60    5.060    4.430    0.595   -0.235
    79.70    5.060    4.430    0.595   -0.235
    79.80    5.060    4.425    0.590   -0.235
    79.90    5.060    4.425    0.595   -0.235
    80.00    5.060    4.425    0.595   -0.235
    80.10    5.060    4.425    0.595   -0.235
    80.20    5.060    4.425    0.595   -0.235
    80.30    5.060    4.430    0.595   -0.235
    80.40    5.060    4.430    0.590   -0.235
    80.50    5.060    4.430    0.595   -0.235
    80.60    5.060    4.430    0.595   -0.235
    80.70    5.060    4.425    0.595   -0.235
    80.80    5.060    4.430    0.595   -0.235
    80.90    5.060    4.430    0.595   -0.235
    81.00    5.060    4.430    0.595   -0.235
    81.10    5.060    4.430    0.590   -0.235
    81.20    5.060    4.430    0.595   -0.235
    81.30    5.060    4.425    0.595   -0.235
    81.40    5.060    4.425    0.595   -0.235
    81.50    5.060    4.425    0.590   -0.235
    81.60    5.060    4.425    0.595   -0.235
    81.70    5.060    4.425    0.590   -0.235
    81.80    5.060    4.425    0.595   -0.235
    81.90    5.060    4.420    0.595   -0.235
    82.00    5.060    4.425    0.595   -0.235
    82.10    5.060    4.420    0.590   -0.235
    82.20    5.060    4.420    0.595   -0.235
    82.30    5.060    4.420    0.595   -0.235
    82.40    5.060    4.420    0.595   -0.235
    82.50    5.060    4.425    0.590   -0.235
    82.60    5.060    4.425    0.590   -0.235
    82.70    5.060    4.425    0.595   -0.235
    82.80    5.060    4.425    0.590   -0.235
    82.90    5.060    4.425    0.595   -0.235
    83.00    5.060    4.425    0.595   -0.235
    83.10    5.060    4.425    0.595   -0.235
    83.20    5.060    4.425    0.595   -0.235
    83.30    5.060    4.425    0.595   -0.235
    83.40    5.060    4.425    0.595   -0.235
    83.50    5.060    4.425    0.595   -0.235
    83.60    5.060    4.425    0.595   -0.235
    83.70    5.060    4.425    0.595   -0.235
    83.80    5.060    4.425    0.595   -0.235
    83.90    5.060    4.430    0.595   -0.235
    84.00    5.060    4.430    0.590   -0.235
    84.10    5.060    4.430    0.595   -0.235
    84.20    5.060    4.430    0.595   -0.235
    84.30    5.060    4.430    0.595   -0.235
    84.40    5.060    4.430    0.595   -0.235
    84.50    5.060    4.430    0.595   -0.235
    84.60    5.060    4.430    0.595   -0.235
    84.70    5.060    4.430    0.595   -0.235
    84.80    5.060    4.430    0.595   -0.235
    84.90    5.060    4.430    0.595   -0.235
    85.00    5.060    4.430    0.595   -0.235
    85.10    5.060    4.430    0.595   -0.235
    85.20    5.060    4.430    0.595   -0.235
    85.30    5.060    4.425    0.595   -0.235
    85.40    5.060    4.425    0.595   -0.235
    85.50    5.060    4.425    0.590   -0.235
    85.60    5.060    4.425    0.595   -0.235
    85.70    5.060    4.425    0.595   -0.235
    85.80    5.060    4.425    0.595   -0.235
    85.90    5.060    4.425    0.595   -0.235
    86.00    5.060    4.425    0.595   -0.235
    86.10    5.060    4.425    0.595   -0.235
    86.20    5.060    4.425    0.595   -0.235
    86.30    5.060    4.425    0.595   -0.235
    86.40    5.060    4.425    0.595   -0.235
    86.50    5.060    4.425    0.595   -0.235
    86.60    5.060    4.425    0.595   -0.235
    86.70    5.060    4.430    0.590   -0.235
    86.80    5.060    4.430    0.590   -0.235
    86.90    5.060    4.430    0.590   -0.235
    87.00    5.060    4.430    0.595   -0.235
    87.10    5.060    4.430    0.595   -0.235
    87.20    5.060    4.430    0.595   -0.235
    87.30    5.060    4.430    0.595   -0.235
    87.40    5.060    4.430    0.595   -0.235
    87.50    5.060    4.430    0.595   -0.235
    87.60    5.060    4.430    0.595   -0.235
    87.70    5.060    4.430    0.590   -0.235
    87.80    5.060    4.430    0.595   -0.235
    87.90    5.060    4.430    0.595   -0.235
    88.00    5.060    4.430    0.595   -0.235
    88.10    5.060    4.435    0.595   -0.235
    88.20    5.060    4.435    0.595   -0.235
    88.30    5.060    4.435    0.595   -0.235
    88.40    5.060    4.435    0.595   -0.235
    88.50    5.060    4.430    0.595   -0.235
    88.60    5.060    4.430    0.595   -0.235
    88.70    5.060    4.430    0.595   -0.235
    88.80    5.060    4.430    0.595   -0.235
    88.90    5.060    4.430    0.590   -0.235
    89.00    5.060    4.430    0.595   -0.235
    89.10    5.060    4.430    0.595   -0.235
    89.20    5.060    4.430    0.595   -0.235
    89.30    5.060    4.425    0.595   -0.235
    89.40    5.060    4.430    0.595   -0.235
    89.50    5.060    4.425    0.595   -0.235
    89.60    5.060    4.425    0.590   -0.235
    89.70    5.060    4.425    0.595   -0.235
    89.80    5.060    4.425    0.595   -0.235
    89.90    5.060    4.425    0.595   -0.235
    90.00    5.060    4.425    0.595   -0.235
    90.10    5.060    4.425    0.595   -0.235
    90.20    5.060    4.425    0.595   -0.235
    90.30    5.060    4.425    0.595   -0.235
    90.40    5.060    4.425    0.590   -0.235
    90.50    5.060    4.425    0.595   -0.235
    90.60    5.060    4.425    0.595   -0.235
    90.70    5.060    4.425    0.595   -0.235
    90.80    5.060    4.425    0.590   -0.235
    90.90    5.060    4.425    0.595   -0.235
    91.00    5.060    4.425    0.595   -0.235
    91.10    5.060    4.425    0.595   -0.235
    91.20    5.060    4.425    0.595   -0.235
    91.30    5.060    4.430    0.595   -0.235
    91.40    5.060    4.430    0.595   -0.235
    91.50    5.060    4.430    0.595   -0.235
    91.60    5.060    4.425    0.595   -0.235
    91.70    5.060    4.430    0.595   -0.235
    91.80    5.060    4.430    0.595   -0.235
    91.90    5.060    4.430    0.590   -0.235
    92.00    5.060    4.430    0.590   -0.235
    92.10    5.060    4.430    0.590   -0.235
    92.20    5.060    4.430    0.595   -0.235
    92.30    5.060    4.430    0.595   -0.235
    92.40    5.060    4.430    0.590   -0.235
    92.50    5.060    4.430    0.595   -0.235
    92.60    5.060    4.430    0.595   -0.235
    92.70    5.060    4.430    0.590   -0.235
    92.80    5.060    4.430    0.595   -0.235
    92.90    5.060    4.430    0.590   -0.235
    93.00    5.060    4.430    0.595   -0.235
    93.10    5.060    4.430    0.595   -0.235
    93.20    5.060    4.430    0.595   -0.235
    93.30    5.060    4.430    0.595   -0.235
    93.40    5.060    4.430    0.595   -0.235
    93.50    5.060    4.425    0.595   -0.235
    93.60    5.060    4.430    0.595   -0.235
    93.70    5.060    4.425    0.590   -0.235
    93.80    5.060    4.425    0.595   -0.235
    93.90    5.060    4.425    0.595   -0.235
    94.00    5.060    4.425    0.595   -0.235
    94.10    5.060    4.425    0.595   -0.235
    94.20    5.060    4.425    0.595   -0.235
    94.30    5.060    4.425    0.595   -0.235
    94.40    5.060    4.425    0.595   -0.235
    94.50    5.060    4.430    0.595   -0.235
    94.60    5.060    4.430    0.595   -0.235
    94.70    5.060    4.430    0.590   -0.235
    94.80    5.060    4.435    0.590   -0.235
    94.90    5.060    4.435    0.595   -0.235
    95.00    5.060    4.435    0.590   -0.235
    95.10    5.060    4.430    0.595   -0.235
    95.20    5.060    4.430    0.595   -0.235
    95.30    5.060    4.430    0.595   -0.235
    95.40    5.060    4.430    0.595   -0.235
    95.50    5.060    4.430    0.595   -0.235
    95.60    5.060    4.430    0.595   -0.235
    95.70    5.060    4.430    0.595   -0.235
    95.80    5.060    4.430    0.595   -0.235
    95.90    5.060    4.430    0.595   -0.235
    96.00    5.060    4.430    0.595   -0.235
    96.10    5.060    4.430    0.595   -0.235
    96.20    5.060    4.430    0.590   -0.235
    96.30    5.060    4.430    0.595   -0.235
    96.40    5.060    4.430    0.595   -0.235
    96.50    5.060    4.430    0.595   -0.235
    96.60    5.060    4.430    0.595   -0.235
    96.70    5.060    4.435    0.595   -0.235
    96.80    5.060    4.435    0.595   -0.235
    96.90    5.060    4.435    0.595   -0.235
    97.00    5.060    4.435    0.595   -0.235
    97.10    5.060    4.430    0.590   -0.235
    97.20    5.060    4.430    0.595   -0.235
    97.30    5.060    4.435    0.595   -0.235
    97.40    5.060    4.435    0.595   -0.235
    97.50    5.060    4.430    0.590   -0.235
    97.60    5.060    4.430    0.595   -0.235
    97.70    5.060    4.430    0.595   -0.235
    97.80    5.060    4.430    0.595   -0.235
    97.90    5.060    4.430    0.595   -0.235
    98.00    5.060    4.430    0.595   -0.235
    98.10    5.060    4.430    0.590   -0.235
    98.20    5.060    4.430    0.595   -0.235
    98.30    5.060    4.430    0.595   -0.235
    98.40    5.060    4.435    0.595   -0.235
    98.50    5.060    4.435    0.595   -0.235
    98.60    5.060    4.435    0.595   -0.235
    98.70    5.060    4.435    0.595   -0.235
    98.80    5.060    4.435    0.595   -0.235
    98.90    5.060    4.435    0.595   -0.235
    99.00    5.060    4.435    0.590   -0.235
    99.10    5.060    4.435    0.595   -0.235
    99.20    5.060    4.435    0.595   -0.235
    99.30    5.060    4.435    0.595   -0.235
    99.40    5.060    4.435    0.595   -0.235
    99.50    5.060    4.435    0.595   -0.235
    99.60    5.060    4.435    0.595   -0.235
    99.70    5.060    4.430    0.595   -0.235
    99.80    5.060    4.430    0.595   -0.235
    99.90    5.060    4.430    0.595   -0.235
   100.00    5.060    4.430    0.595   -0.235
   100.10    5.060    4.430    0.595   -0.235
   100.20    5.060    4.435    0.595   -0.235
   100.30    5.060    4.430    0.590   -0.235
   100.40    5.060    4.430    0.595   -0.235
   100.50    5.060    4.430    0.595   -0.235
   100.60    5.060    4.430    0.595   -0.235
   100.70    5.060    4.430    0.595   -0.235
   100.80    5.060    4.430    0.595   -0.235
   100.90    5.060    4.430    0.590   -0.235
   101.00    5.060    4.430    0.595   -0.235
   101.10    5.060    4.430    0.590   -0.235
   101.20    5.060    4.430    0.595   -0.235
   101.30    5.060    4.430    0.595   -0.235
   101.40    5.060    4.430    0.595   -0.235
   101.50    5.060    4.430    0.595   -0.235
   101.60    5.060    4.430    0.595   -0.235
   101.70    5.060    4.425    0.590   -0.235
   101.80    5.060    4.425    0.595   -0.235
   101.90    5.060    4.430    0.595   -0.235
   102.00    5.060    4.430    0.590   -0.235
   102.10    5.060    4.425    0.595   -0.235
   102.20    5.060    4.425    0.590   -0.235
   102.30    5.060    4.425    0.590   -0.235
   102.40    5.060    4.425    0.595   -0.235
   102.50    5.060    4.425    0.595   -0.235
   102.60    5.060    4.425    0.595   -0.235
   102.70    5.060    4.425    0.595   -0.235
   102.80    5.060    4.425    0.595   -0.235
   102.90    5.060    4.425    0.595   -0.235
   103.00    5.060    4.425    0.595   -0.235
   103.10    5.060    4.425    0.595   -0.235
   103.20    5.060    4.425    0.595   -0.235
   103.30    5.060    4.425    0.590   -0.235
   103.40    5.060    4.425    0.595   -0.235
   103.50    5.060    4.425    0.595   -0.235
   103.60    5.060    4.425    0.595   -0.235
   103.70    5.060    4.425    0.590   -0.235
   103.80    5.060    4.425    0.595   -0.235
   103.90    5.060    4.425    0.595   -0.235
   104.00    5.060    4.425    0.590   -0.235
   104.10    5.060    4.425    0.595   -0.235
   104.20    5.060    4.425    0.595   -0.235
   104.30    5.060    4.425    0.595   -0.235
   104.40    5.060    4.430    0.595   -0.235
   104.50    5.060    4.425    0.595   -0.235
   104.60    5.060    4.430    0.595   -0.235
   104.70    5.060    4.425    0.595   -0.235
   104.80    5.060    4.425    0.595   -0.235
   104.90    5.060    4.425    0.595   -0.235
   105.00    5.060    4.425    0.595   -0.235
   105.10    5.060    4.425    0.595   -0.235
   105.20    5.060    4.430    0.590   -0.235
   105.30    5.060    4.430    0.595   -0.235
   105.40    5.060    4.430    0.595   -0.235
   105.50    5.060    4.430    0.595   -0.235
   105.60    5.060    4.430    0.595   -0.235
   105.70    5.060    4.430    0.595   -0.235
   105.80    5.060    4.430    0.595   -0.235
   105.90    5.060    4.430    0.595   -0.235
   106.00    5.060    4.430    0.595   -0.235
   106.10    5.060    4.430    0.595   -0.235
   106.20    5.060    4.430    0.595   -0.235
   106.30    5.060    4.425    0.590   -0.235
   106.40    5.060    4.425    0.595   -0.235
   106.50    5.060    4.425    0.595   -0.235
   106.60    5.060    4.425    0.595   -0.235
   106.70    5.060    4.425    0.595   -0.235
   106.80    5.060    4.425    0.590   -0.235
   106.90    5.060    4.425    0.595   -0.235
   107.00    5.060    4.430    0.595   -0.235
   107.10    5.060    4.430    0.595   -0.235
   107.20    5.060    4.430    0.595   -0.235
   107.30    5.060    4.430    0.595   -0.235
   107.40    5.060    4.430    0.595   -0.235
   107.50    5.060    4.430    0.595   -0.235
   107.60    5.060    4.430    0.595   -0.235
   107.70    5.060    4.430    0.595   -0.235
   107.80    5.060    4.430    0.595   -0.235
   107.90    5.060    4.430    0.595   -0.235
   108.00    5.060    4.430    0.590   -0.235
   108.10    5.060    4.430    0.595   -0.235
   108.20    5.060    4.430    0.595   -0.235
   108.30    5.060    4.430    0.590   -0.235
   108.40    5.060    4.430    0.595   -0.235
   108.50    5.060    4.430    0.595   -0.235
   108.60    5.060    4.430    0.590   -0.235
   108.70    5.060    4.430    0.595   -0.235
   108.80    5.060    4.430    0.595   -0.235
   108.90    5.060    4.430    0.595   -0.235
   109.00    5.060    4.430    0.595   -0.235
   109.10    5.060    4.430    0.590   -0.235
   109.20    5.060    4.430    0.595   -0.235
   109.30    5.060    4.430    0.590   -0.235
   109.40    5.060    4.430    0.595   -0.235
   109.50    5.060    4.430    0.590   -0.235
   109.60    5.060    4.430    0.595   -0.235
   109.70    5.060    4.430    0.595   -0.235
   109.80    5.060    4.430    0.595   -0.235
   109.90    5.060    4.430    0.595   -0.235
   110.00    5.060    4.435    0.590   -0.235
   110.10    5.060    4.435    0.595   -0.235
   110.20    5.060    4.435    0.595   -0.235
   110.30    5.060    4.440    0.595   -0.235
   110.40    5.060    4.440    0.595   -0.235
   110.50    5.060    4.440    0.595   -0.235
   110.60    5.060    4.440    0.595   -0.235
   110.70    5.060    4.440    0.595   -0.235
   110.80    5.060    4.440    0.595   -0.235
   110.90    5.060    4.440    0.595   -0.235
   111.00    5.060    4.435    0.590   -0.235
   111.10    5.060    4.435    0.595   -0.235
   111.20    5.060    4.435    0.590   -0.235
   111.30    5.060    4.435    0.595   -0.235
   111.40    5.060    4.435    0.590   -0.235
   111.50    5.060    4.435    0.595   -0.235
   111.60    5.060    4.435    0.590   -0.235
   111.70    5.060    4.435    0.595   -0.235
   111.80    5.060    4.435    0.595   -0.235
   111.90    5.060    4.435    0.595   -0.235
   112.00    5.060    4.435    0.595   -0.235
   112.10    5.060    4.430    0.590   -0.235
   112.20    5.060    4.430    0.595   -0.235
   112.30    5.060    4.430    0.595   -0.235
   112.40    5.060    4.430    0.595   -0.235
   112.50    5.060    4.430    0.595   -0.235
   112.60    5.060    4.430    0.595   -0.235
   112.70    5.060    4.430    0.595   -0.235
   112.80    5.060    4.430    0.595   -0.235
   112.90    5.060    4.430    0.590   -0.235
   113.00    5.060    4.430    0.595   -0.235
   113.10    5.060    4.430    0.595   -0.235
   113.20    5.060    4.430    0.595   -0.235
   113.30    5.060    4.430    0.595   -0.235
   113.40    5.060    4.430    0.595   -0.235
   113.50    5.060    4.430    0.595   -0.235
   113.60    5.060    4.430    0.595   -0.235
   113.70    5.060    4.430    0.595   -0.235
   113.80    5.060    4.430    0.595   -0.235
   113.90    5.060    4.430    0.595   -0.235
   114.00    5.060    4.430    0.595   -0.235
   114.10    5.060    4.430    0.595   -0.235
   114.20    5.060    4.430    0.595   -0.235
   114.30    5.060    4.430    0.590   -0.235
   114.40    5.060    4.430    0.595   -0.235
   114.50    5.060    4.430    0.590   -0.235
   114.60    5.060    4.430    0.595   -0.235
   114.70    5.060    4.430    0.590   -0.235
   114.80    5.060    4.430    0.590   -0.235
   114.90    5.060    4.430    0.590   -0.235
   115.00    5.060    4.430    0.590   -0.235
   115.10    5.060    4.430    0.595   -0.235
   115.20    5.060    4.430    0.595   -0.235
   115.30    5.060    4.430    0.595   -0.235
   115.40    5.060    4.430    0.595   -0.235
   115.50    5.060    4.430    0.595   -0.235
   115.60    5.060    4.430    0.595   -0.235
   115.70    5.060    4.430    0.595   -0.235
   115.80    5.060    4.425    0.590   -0.235
   115.90    5.060    4.425    0.595   -0.235
   116.00    5.060    4.425    0.595   -0.235
   116.10    5.060    4.425    0.595   -0.235
   116.20    5.060    4.425    0.595   -0.235
   116.30    5.060    4.430    0.590   -0.235
   116.40    5.060    4.430    0.595   -0.235
   116.50    5.060    4.430    0.595   -0.235
   116.60    5.060    4.430    0.595   -0.235
   116.70    5.060    4.430    0.595   -0.235
   116.80    5.060    4.435    0.595   -0.235
   116.90    5.060    4.435    0.595   -0.235
   117.00    5.060    4.430    0.595   -0.235
   117.10    5.060    4.430    0.595   -0.235
   117.20    5.060    4.430    0.595   -0.235
   117.30    5.060    4.430    0.595   -0.235
   117.40    5.060    4.430    0.595   -0.235
   117.50    5.060    4.430    0.590   -0.235
   117.60    5.060    4.430    0.595   -0.235
   117.70    5.060    4.430    0.590   -0.235
   117.80    5.060    4.435    0.590   -0.235
   117.90    5.060    4.435    0.595   -0.235
   118.00    5.060    4.435    0.595   -0.235
   118.10    5.060    4.435    0.590   -0.235
   118.20    5.060    4.435    0.595   -0.235
   118.30    5.060    4.435    0.595   -0.235
   118.40    5.060    4.435    0.595   -0.235
   118.50    5.060    4.435    0.595   -0.235
   118.60    5.060    4.435    0.595   -0.235
   118.70    5.060    4.430    0.595   -0.235
   118.80    5.060    4.430    0.595   -0.235
   118.90    5.060    4.430    0.595   -0.235
   119.00    5.060    4.430    0.595   -0.235
   119.10    5.060    4.430    0.590   -0.235
   119.20    5.060    4.425    0.595   -0.235
   119.30    5.060    4.425    0.595   -0.235
   119.40    5.060    4.425    0.595   -0.235
   119.50    5.060    4.425    0.595   -0.235
   119.60    5.060    4.425    0.590   -0.235
   119.70    5.060    4.430    0.595   -0.235
   119.80    5.060    4.430    0.595   -0.235
   119.90    5.060    4.430    0.595   -0.235
   120.00    5.060    4.430    0.590   -0.235
   120.10    5.060    4.430    0.595   -0.235
   120.20    5.060    4.430    0.590   -0.235
   120.30    5.060    4.430    0.595   -0.235
   120.40    5.060    4.430    0.595   -0.235
   120.50    5.060    4.430    0.590   -0.235
   120.60    5.060    4.425    0.595   -0.235
   120.70    5.060    4.425    0.595   -0.235
   120.80    5.060    4.425    0.590   -0.235
   120.90    5.060    4.425    0.595   -0.235
   121.00    5.060    4.425    0.590   -0.235
   121.10    5.060    4.425    0.595   -0.235
   121.20    5.060    4.425    0.595   -0.235
   121.30    5.060    4.425    0.595   -0.235
   121.40    5.060    4.425    0.595   -0.235
   121.50    5.060    4.425    0.590   -0.235
   121.60    5.060    4.425    0.595   -0.235
   121.70    5.060    4.425    0.595   -0.235
   121.80    5.060    4.430    0.595   -0.235
   121.90    5.060    4.430    0.595   -0.235
   122.00    5.060    4.430    0.590   -0.235
   122.10    5.060    4.430    0.590   -0.235
   122.20    5.060    4.430    0.595   -0.235
   122.30    5.060    4.430    0.595   -0.235
   122.40    5.060    4.430    0.590   -0.235
   122.50    5.060    4.430    0.595   -0.235
   122.60    5.060    4.430    0.590   -0.235
   122.70    5.060    4.430    0.590   -0.235
   122.80    5.060    4.430    0.595   -0.235
   122.90    5.060    4.430    0.595   -0.235
   123.00    5.060    4.430    0.595   -0.235
   123.10    5.060    4.430    0.595   -0.235
   123.20    5.060    4.425    0.595   -0.235
   123.30    5.060    4.430    0.595   -0.235
   123.40    5.060    4.430    0.595   -0.235
   123.50    5.060    4.430    0.595   -0.235
   123.60    5.060    4.430    0.595   -0.235
   123.70    5.060    4.430    0.595   -0.235
   123.80    5.060    4.430    0.590   -0.235
   123.90    5.060    4.430    0.595   -0.235
   124.00    5.060    4.430    0.595   -0.235
   124.10    5.060    4.430    0.595   -0.235
   124.20    5.060    4.430    0.595   -0.235
   124.30    5.060    4.430    0.595   -0.235
   124.40    5.060    4.430    0.590   -0.235
   124.50    5.060    4.430    0.595   -0.235
   124.60    5.060    4.430    0.595   -0.235
   124.70    5.060    4.430    0.595   -0.235
   124.80    5.060    4.430    0.595   -0.235
   124.90    5.060    4.430    0.590   -0.235
   125.00    5.060    4.435    0.595   -0.235
   125.10    5.060    4.430    0.595   -0.235
   125.20    5.060    4.430    0.590   -0.235
   125.30    5.060    4.430    0.595   -0.235
   125.40    5.060    4.430    0.595   -0.235
   125.50    5.060    4.430    0.595   -0.235
   125.60    5.060    4.430    0.590   -0.235
   125.70    5.060    4.430    0.590   -0.235
   125.80    5.060    4.425    0.590   -0.235
   125.90    5.060    4.430    0.595   -0.235
   126.00    5.060    4.430    0.595   -0.235
   126.10    5.060    4.430    0.590   -0.235
   126.20    5.060    4.430    0.595   -0.235
   126.30    5.060    4.430    0.595   -0.235
   126.40    5.060    4.430    0.595   -0.235
   126.50    5.060    4.430    0.590   -0.235
   126.60    5.060    4.430    0.595   -0.235
   126.70    5.060    4.430    0.595   -0.235
   126.80    5.060    4.430    0.595   -0.235
   126.90    5.060    4.430    0.595   -0.235
   127.00    5.060    4.430    0.595   -0.235
   127.10    5.060    4.430    0.595   -0.235
   127.20    5.060    4.430    0.590   -0.235
   127.30    5.060    4.430    0.595   -0.235
   127.40    5.060    4.430    0.595   -0.235
   127.50    5.060    4.430    0.595   -0.235
   127.60    5.060    4.430    0.595   -0.235
   127.70    5.060    4.430    0.590   -0.235
   127.80    5.060    4.430    0.595   -0.235
   127.90    5.060    4.430    0.595   -0.235
   128.00    5.060    4.430    0.595   -0.235
   128.10    5.060    4.430    0.595   -0.235
   128.20    5.060    4.430    0.595   -0.235
   128.30    5.060    4.430    0.595   -0.235
   128.40    5.060    4.430    0.590   -0.235
   128.50    5.060    4.425    0.595   -0.235
   128.60    5.060    4.425    0.595   -0.235
   128.70    5.060    4.425    0.595   -0.235
   128.80    5.060    4.425    0.595   -0.235
   128.90    5.060    4.425    0.590   -0.235
   129.00    5.060    4.425    0.595   -0.235
   129.10    5.060    4.425    0.590   -0.235
   129.20    5.060    4.425    0.590   -0.235
   129.30    5.060    4.430    0.595   -0.235
   129.40    5.060    4.430    0.595   -0.235
   129.50    5.060    4.430    0.595   -0.235
   129.60    5.060    4.430    0.595   -0.235
   129.70    5.060    4.430    0.595   -0.235
   129.80    5.060    4.430    0.590   -0.235
   129.90    5.060    4.425    0.595   -0.235
   130.00    5.060    4.425    0.595   -0.235
   130.10    5.060    4.425    0.595   -0.235
   130.20    5.060    4.425    0.595   -0.235
   130.30    5.060    4.430    0.595   -0.235
   130.40    5.060    4.430    0.595   -0.235
   130.50    5.060    4.430    0.595   -0.235
   130.60    5.060    4.430    0.595   -0.235
   130.70    5.060    4.430    0.590   -0.235
   130.80    5.060    4.430    0.595   -0.235
   130.90    5.060    4.430    0.595   -0.235
   131.00    5.060    4.430    0.595   -0.235
   131.10    5.060    4.430    0.590   -0.235
   131.20    5.060    4.430    0.595   -0.235
   131.30    5.060    4.430    0.595   -0.235
   131.40    5.060    4.430    0.595   -0.235
   131.50    5.060    4.425    0.595   -0.235
   131.60    5.060    4.425    0.595   -0.235
   131.70    5.060    4.425    0.590   -0.235
   131.80    5.060    4.425    0.595   -0.235
   131.90    5.060    4.425    0.595   -0.235
   132.00    5.060    4.425    0.595   -0.235
   132.10    5.060    4.425    0.595   -0.235
   132.20    5.060    4.425    0.595   -0.235
   132.30    5.060    4.425    0.595   -0.235
   132.40    5.060    4.425    0.590   -0.235
   132.50    5.060    4.425    0.595   -0.235
   132.60    5.060    4.425    0.595   -0.235
   132.70    5.060    4.425    0.595   -0.235
   132.80    5.060    4.425    0.595   -0.235
   132.90    5.060    4.425    0.595   -0.235
   133.00    5.060    4.425    0.595   -0.235
   133.10    5.060    4.430    0.595   -0.235
   133.20    5.060    4.425    0.595   -0.235
   133.30    5.060    4.430    0.590   -0.235
   133.40    5.060    4.430    0.595   -0.235
   133.50    5.060    4.430    0.595   -0.235
   133.60    5.060    4.430    0.595   -0.235
   133.70    5.060    4.430    0.595   -0.235
   133.80    5.060    4.430    0.595   -0.235
   133.90    5.060    4.430    0.595   -0.235
   134.00    5.060    4.430    0.595   -0.235
   134.10    5.060    4.430    0.595   -0.235
   134.20    5.060    4.430    0.595   -0.235
   134.30    5.060    4.430    0.595   -0.235
   134.40    5.060    4.430    0.595   -0.235
   134.50    5.060    4.430    0.595   -0.235
   134.60    5.060    4.430    0.595   -0.235
   134.70    5.060    4.430    0.595   -0.235
   134.80    5.060    4.430    0.595   -0.235
   134.90    5.060    4.430    0.595   -0.235
   135.00    5.060    4.425    0.595   -0.235
   135.10    5.060    4.425    0.595   -0.235
   135.20    5.060    4.425    0.595   -0.235
   135.30    5.060    4.425    0.590   -0.235
   135.40    5.060    4.425    0.595   -0.235
   135.50    5.060    4.425    0.595   -0.235
   135.60    5.060    4.425    0.595   -0.235
   135.70    5.060    4.425    0.595   -0.235
   135.80    5.060    4.425    0.595   -0.235
   135.90    5.060    4.425    0.595   -0.235
   136.00    5.060    4.430    0.595   -0.235
   136.10    5.060    4.430    0.595   -0.235
   136.20    5.060    4.430    0.590   -0.235
   136.30    5.060    4.425    0.590   -0.235
   136.40    5.060    4.425    0.595   -0.235
   136.50    5.060    4.425    0.595   -0.235
   136.60    5.060    4.425    0.595   -0.235
   136.70    5.060    4.425    0.595   -0.235
   136.80    5.060    4.425    0.595   -0.235
   136.90    5.060    4.425    0.595   -0.235
   137.00    5.060    4.425    0.595   -0.235
   137.10    5.060    4.425    0.590   -0.235
   137.20    5.060    4.425    0.595   -0.235
   137.30    5.060    4.425    0.590   -0.235
   137.40    5.060    4.425    0.595   -0.235
   137.50    5.060    4.425    0.590   -0.235
   137.60    5.060    4.425    0.595   -0.235
   137.70    5.060    4.425    0.595   -0.235
   137.80    5.060    4.425    0.595   -0.235
   137.90    5.060    4.430    0.590   -0.235
   138.00    5.060    4.430    0.595   -0.235
   138.10    5.060    4.430    0.595   -0.235
   138.20    5.060    4.430    0.595   -0.235
   138.30    5.060    4.430    0.595   -0.235
   138.40    5.060    4.425    0.595   -0.235
   138.50    5.060    4.425    0.590   -0.235
   138.60    5.060    4.425    0.595   -0.235
   138.70    5.060    4.425    0.595   -0.235
   138.80    5.060    4.425    0.595   -0.235
   138.90    5.060    4.425    0.595   -0.235
   139.00    5.060    4.425    0.590   -0.235
   139.10    5.060    4.425    0.590   -0.235
   139.20    5.060    4.425    0.595   -0.235
   139.30    5.060    4.425    0.595   -0.235
   139.40    5.060    4.425    0.595   -0.235
   139.50    5.060    4.425    0.595   -0.235
   139.60    5.060    4.425    0.595   -0.235
   139.70    5.060    4.425    0.595   -0.235
   139.80    5.060    4.425    0.595   -0.235
   139.90    5.060    4.425    0.590   -0.235
   140.00    5.060    4.430    0.590   -0.235
   140.10    5.060    4.425    0.595   -0.235
   140.20    5.060    4.425    0.595   -0.235
   140.30    5.060    4.425    0.595   -0.235
   140.40    5.060    4.425    0.590   -0.235
   140.50    5.060    4.425    0.590   -0.235
   140.60    5.060    4.425    0.590   -0.235
   140.70    5.060    4.425    0.595   -0.235
   140.80    5.060    4.425    0.595   -0.235
   140.90    5.060    4.425    0.595   -0.235
   141.00    5.060    4.425    0.595   -0.235
   141.10    5.060    4.425    0.590   -0.235
   141.20    5.060    4.425    0.590   -0.235
   141.30    5.060    4.430    0.595   -0.235
   141.40    5.060    4.430    0.590   -0.235
   141.50    5.060    4.430    0.595   -0.235
   141.60    5.060    4.430    0.595   -0.235
   141.70    5.060    4.430    0.595   -0.235
   141.80    5.060    4.425    0.595   -0.235
   141.90    5.060    4.425    0.595   -0.235
   142.00    5.060    4.425    0.590   -0.235
   142.10    5.060    4.425    0.595   -0.235
   142.20    5.060    4.425    0.595   -0.235
   142.30    5.060    4.425    0.595   -0.235
   142.40    5.060    4.425    0.595   -0.235
   142.50    5.060    4.425    0.595   -0.235
   142.60    5.060    4.425    0.595   -0.235
   142.70    5.060    4.425    0.590   -0.235
   142.80    5.060    4.425    0.590   -0.235
   142.90    5.060    4.425    0.590   -0.235
   143.00    5.060    4.425    0.595   -0.235
   143.10    5.060    4.425    0.595   -0.235
   143.20    5.060    4.420    0.595   -0.235
   143.30    5.060    4.420    0.595   -0.235
   143.40    5.060    4.420    0.595   -0.235
   143.50    5.060    4.425    0.595   -0.235
   143.60    5.060    4.420    0.595   -0.235
   143.70    5.060    4.420    0.595   -0.235
   143.80    5.060    4.420    0.595   -0.235
   143.90    5.060    4.420    0.595   -0.235
   144.00    5.060    4.420    0.595   -0.235
   144.10    5.060    4.425    0.595   -0.235
   144.20    5.060    4.425    0.595   -0.235
   144.30    5.060    4.425    0.595   -0.235
   144.40    5.060    4.425    0.590   -0.235
   144.50    5.060    4.425    0.595   -0.235
   144.60    5.060    4.425    0.590   -0.235
   144.70    5.060    4.425    0.590   -0.235
   144.80    5.060    4.425    0.595   -0.235
   144.90    5.060    4.425    0.595   -0.235
   145.00    5.060    4.425    0.590   -0.235
   145.10    5.060    4.425    0.595   -0.235
   145.20    5.060    4.425    0.595   -0.235
   145.30    5.060    4.425    0.590   -0.235
   145.40    5.060    4.425    0.595   -0.235
   145.50    5.060    4.425    0.595   -0.235
   145.60    5.060    4.425    0.595   -0.235
   145.70    5.060    4.425    0.595   -0.235
   145.80    5.060    4.425    0.595   -0.235
   145.90    5.060    4.425    0.595   -0.235
   146.00    5.060    4.425    0.595   -0.235
   146.10    5.060    4.425    0.590   -0.235
   146.20    5.060    4.425    0.590   -0.235
   146.30    5.060    4.425    0.595   -0.235
   146.40    5.060    4.425    0.590   -0.235
   146.50    5.060    4.430    0.595   -0.235
   146.60    5.060    4.430    0.595   -0.235
   146.70    5.060    4.430    0.595   -0.235
   146.80    5.060    4.425    0.595   -0.235
   146.90    5.060    4.425    0.590   -0.235
   147.00    5.060    4.425    0.595   -0.235
   147.10    5.060    4.425    0.595   -0.235
   147.20    5.060    4.425    0.595   -0.235
   147.30    5.060    4.425    0.595   -0.235
   147.40    5.060    4.425    0.595   -0.235
   147.50    5.060    4.425    0.595   -0.235
   147.60    5.060    4.425    0.595   -0.235
   147.70    5.060    4.425    0.590   -0.235
   147.80    5.060    4.425    0.590   -0.235
   147.90    5.060    4.425    0.590   -0.235
   148.00    5.060    4.425    0.590   -0.235
   148.10    5.060    4.425    0.595   -0.235
   148.20    5.060    4.425    0.595   -0.235
   148.30    5.060    4.425    0.595   -0.235
   148.40    5.060    4.425    0.595   -0.235
   148.50    5.060    4.425    0.595   -0.235
   148.60    5.060    4.425    0.590   -0.235
   148.70    5.060    4.425    0.590   -0.235
   148.80    5.060    4.430    0.595   -0.235
   148.90    5.060    4.430    0.595   -0.235
   149.00    5.060    4.430    0.595   -0.235
   149.10    5.060    4.430    0.595   -0.235
   149.20    5.060    4.425    0.595   -0.235
   149.30    5.060    4.430    0.595   -0.235
   149.40    5.060    4.430    0.595   -0.235
   149.50    5.060    4.430    0.590   -0.235
   149.60    5.060    4.430    0.595   -0.235
   149.70    5.060    4.430    0.590   -0.235
   149.80    5.060    4.430    0.595   -0.235
   149.90    5.060    4.425    0.595   -0.235
   150.00    5.060    4.425    0.595   -0.235
   150.10    5.060    4.425    0.595   -0.235
   150.20    5.060    4.425    0.595   -0.235
   150.30    5.060    4.425    0.595   -0.235
   150.40    5.060    4.425    0.595   -0.235
   150.50    5.060    4.425    0.595   -0.235
   150.60    5.060    4.425    0.595   -0.235
   150.70    5.060    4.425    0.595   -0.235
   150.80    5.060    4.425    0.595   -0.235
   150.90    5.060    4.425    0.590   -0.235
   151.00    5.060    4.425    0.595   -0.235
   151.10    5.060    4.425    0.590   -0.235
   151.20    5.060    4.425    0.595   -0.235
   151.30    5.060    4.425    0.595   -0.235
   151.40    5.060    4.430    0.590   -0.235
   151.50    5.060    4.430    0.595   -0.235
   151.60    5.060    4.425    0.595   -0.235
   151.70    5.060    4.425    0.595   -0.235
   151.80    5.060    4.425    0.590   -0.235
   151.90    5.060    4.425    0.590   -0.235
   152.00    5.060    4.425    0.590   -0.235
   152.10    5.060    4.425    0.595   -0.235
   152.20    5.060    4.430    0.590   -0.235
   152.30    5.060    4.430    0.595   -0.235
   152.40    5.060    4.430    0.595   -0.235
   152.50    5.060    4.430    0.595   -0.235
   152.60    5.060    4.430    0.595   -0.235
   152.70    5.060    4.430    0.595   -0.235
   152.80    5.060    4.430    0.595   -0.235
   152.90    5.060    4.430    0.595   -0.235
   153.00    5.060    4.430    0.590   -0.235
   153.10    5.060    4.430    0.595   -0.235
   153.20    5.060    4.430    0.595   -0.235
   153.30    5.060    4.430    0.595   -0.235
   153.40    5.060    4.430    0.595   -0.235
   153.50    5.060    4.430    0.595   -0.235
   153.60    5.060    4.430    0.595   -0.235
   153.70    5.060    4.430    0.595   -0.235
   153.80    5.060    4.430    0.590   -0.235
   153.90    5.060    4.430    0.595   -0.235
   154.00    5.060    4.425    0.595   -0.235
   154.10    5.060    4.425    0.590   -0.235
   154.20    5.060    4.425    0.595   -0.235
   154.30    5.060    4.425    0.595   -0.235
   154.40    5.060    4.430    0.595   -0.235
   154.50    5.060    4.425    0.595   -0.235
   154.60    5.060    4.425    0.595   -0.235
   154.70    5.060    4.425    0.595   -0.235
   154.80    5.060    4.425    0.595   -0.235
   154.90    5.060    4.425    0.595   -0.235
   155.00    5.060    4.430    0.590   -0.235
   155.10    5.060    4.430    0.595   -0.235
   155.20    5.060    4.425    0.595   -0.235
   155.30    5.060    4.425    0.595   -0.235
   155.40    5.060    4.425    0.595   -0.235
   155.50    5.060    4.425    0.590   -0.235
   155.60    5.060    4.425    0.595   -0.235
   155.70    5.060    4.425    0.590   -0.235
   155.80    5.060    4.425    0.595   -0.235
   155.90    5.060    4.425    0.595   -0.235
   156.00    5.060    4.425    0.590   -0.235
   156.10    5.060    4.425    0.595   -0.235
   156.20    5.060    4.425    0.595   -0.235
   156.30    5.060    4.425    0.590   -0.235
   156.40    5.060    4.425    0.590   -0.235
   156.50    5.060    4.425    0.595   -0.235
   156.60    5.060    4.425    0.590   -0.235
   156.70    5.060    4.425    0.590   -0.235
   156.80    5.060    4.425    0.590   -0.235
   156.90    5.060    4.425    0.595   -0.235
   157.00    5.060    4.425    0.595   -0.235
   157.10    5.060    4.425    0.595   -0.235
   157.20    5.060    4.425    0.595   -0.235
   157.30    5.060    4.425    0.590   -0.235
   157.40    5.060    4.425    0.595   -0.235
   157.50    5.060    4.425    0.595   -0.235
   157.60    5.060    4.425    0.595   -0.235
   157.70    5.060    4.430    0.595   -0.235
   157.80    5.060    4.430    0.595   -0.235
   157.90    5.060    4.430    0.595   -0.235
   158.00    5.060    4.430    0.595   -0.235
   158.10    5.060    4.430    0.595   -0.235
   158.20    5.060    4.430    0.595   -0.235
   158.30    5.060    4.430    0.595   -0.235
   158.40    5.060    4.430    0.595   -0.235
   158.50    5.060    4.435    0.595   -0.235
   158.60    5.060    4.430    0.595   -0.235
   158.70    5.060    4.430    0.595   -0.235
   158.80    5.060    4.430    0.595   -0.235
   158.90    5.060    4.430    0.595   -0.235
   159.00    5.060    4.430    0.595   -0.235
   159.10    5.060    4.430    0.595   -0.235
   159.20    5.060    4.430    0.595   -0.235
   159.30    5.060    4.430    0.595   -0.235
   159.40    5.060    4.430    0.595   -0.235
   159.50    5.060    4.435    0.595   -0.235
   159.60    5.060    4.435    0.595   -0.235
   159.70    5.060    4.435    0.595   -0.235
   159.80    5.060    4.435    0.595   -0.235
   159.90    5.060    4.435    0.595   -0.235
   160.00    5.060    4.430    0.595   -0.235
   160.10    5.060    4.430    0.595   -0.235
   160.20    5.060    4.430    0.590   -0.235
   160.30    5.060    4.430    0.595   -0.235
   160.40    5.060    4.430    0.595   -0.235
   160.50    5.060    4.430    0.595   -0.235
   160.60    5.060    4.430    0.590   -0.235
   160.70    5.060    4.430    0.595   -0.235
   160.80    5.060    4.430    0.595   -0.235
   160.90    5.060    4.430    0.595   -0.235
   161.00    5.060    4.430    0.595   -0.235
   161.10    5.060    4.430    0.595   -0.235
   161.20    5.060    4.430    0.595   -0.235
   161.30    5.060    4.430    0.595   -0.235
   161.40    5.060    4.425    0.595   -0.235
   161.50    5.060    4.425    0.595   -0.235
   161.60    5.060    4.425    0.595   -0.235
   161.70    5.060    4.425    0.595   -0.235
   161.80    5.060    4.430    0.595   -0.235
   161.90    5.060    4.430    0.595   -0.235
   162.00    5.060    4.430    0.595   -0.235
   162.10    5.060    4.430    0.595   -0.235
   162.20    5.060    4.430    0.590   -0.235
   162.30    5.060    4.430    0.590   -0.235
   162.40    5.060    4.430    0.595   -0.235
   162.50    5.060    4.425    0.595   -0.235
   162.60    5.060    4.430    0.595   -0.235
   162.70    5.060    4.430    0.590   -0.235
   162.80    5.060    4.425    0.595   -0.235
   162.90    5.060    4.430    0.595   -0.235
   163.00    5.060    4.430    0.595   -0.235
   163.10    5.060    4.430    0.595   -0.235
   163.20    5.060    4.430    0.595   -0.235
   163.30    5.060    4.435    0.595   -0.235
   163.40    5.060    4.435    0.595   -0.235
   163.50    5.060    4.430    0.595   -0.235
   163.60    5.060    4.430    0.595   -0.235
   163.70    5.060    4.430    0.595   -0.235
   163.80    5.060    4.430    0.590   -0.235
   163.90    5.060    4.430    0.590   -0.235
   164.00    5.060    4.430    0.595   -0.235
   164.10    5.060    4.430    0.595   -0.235
   164.20    5.060    4.430    0.595   -0.235
   164.30    5.060    4.430    0.595   -0.235
   164.40    5.060    4.430    0.590   -0.235
   164.50    5.060    4.430    0.595   -0.235
   164.60    5.060    4.425    0.595   -0.235
   164.70    5.060    4.425    0.595   -0.235
   164.80    5.060    4.425    0.595   -0.235
   164.90    5.060    4.425    0.595   -0.235
   165.00    5.060    4.430    0.590   -0.235
   165.10    5.060    4.430    0.595   -0.235
   165.20    5.060    4.430    0.595   -0.235
   165.30    0.000    0.000    0.000    0.000

