Data export from TecQuipment CE2000

Data series 1

    Time   ref_inp     lev2     lev1      err 
     0.00    4.065    3.015    0.410   -0.270
     0.10    4.065    3.015    0.410   -0.270
     0.20    4.070    3.015    0.410   -0.270
     0.30    4.065    3.015    0.410   -0.270
     0.40    4.070    3.020    0.410   -0.270
     0.50    4.065    3.020    0.410   -0.270
     0.60    4.065    3.020    0.410   -0.270
     0.70    4.065    3.020    0.410   -0.270
     0.80    4.065    3.020    0.410   -0.270
     0.90    4.065    3.020    0.410   -0.270
     1.00    4.065    3.020    0.410   -0.270
     1.10    4.070    3.020    0.410   -0.270
     1.20    4.070    3.020    0.410   -0.270
     1.30    4.065    3.020    0.410   -0.270
     1.40    4.065    3.015    0.410   -0.270
     1.50    4.065    3.020    0.410   -0.270
     1.60    4.070    3.015    0.410   -0.270
     1.70    4.070    3.015    0.410   -0.270
     1.80    4.065    3.020    0.410   -0.270
     1.90    4.065    3.020    0.410   -0.270
     2.00    4.065    3.020    0.410   -0.270
     2.10    4.070    3.020    0.410   -0.270
     2.20    4.070    3.020    0.410   -0.270
     2.30    4.065    3.015    0.410   -0.270
     2.40    4.065    3.015    0.410   -0.270
     2.50    4.070    3.015    0.410   -0.270
     2.60    4.070    3.015    0.410   -0.270
     2.70    4.070    3.020    0.410   -0.270
     2.80    4.070    3.020    0.410   -0.270
     2.90    4.070    3.020    0.410   -0.270
     3.00    4.070    3.020    0.410   -0.270
     3.10    4.070    3.020    0.410   -0.270
     3.20    4.070    3.020    0.410   -0.270
     3.30    4.065    3.020    0.410   -0.270
     3.40    4.065    3.020    0.410   -0.270
     3.50    4.065    3.020    0.410   -0.270
     3.60    4.065    3.020    0.410   -0.270
     3.70    4.065    3.015    0.410   -0.270
     3.80    4.065    3.015    0.410   -0.270
     3.90    4.065    3.015    0.410   -0.270
     4.00    4.065    3.015    0.410   -0.270
     4.10    4.070    3.020    0.410   -0.270
     4.20    4.070    3.020    0.410   -0.270
     4.30    4.070    3.020    0.410   -0.270
     4.40    4.070    3.020    0.410   -0.270
     4.50    4.065    3.020    0.410   -0.270
     4.60    4.070    3.015    0.410   -0.270
     4.70    4.070    3.015    0.410   -0.270
     4.80    4.065    3.015    0.410   -0.270
     4.90    4.065    3.015    0.410   -0.270
     5.00    4.065    3.015    0.410   -0.270
     5.10    4.065    3.015    0.410   -0.270
     5.20    4.065    3.015    0.410   -0.270
     5.30    4.065    3.015    0.410   -0.270
     5.40    4.065    3.015    0.410   -0.270
     5.50    4.070    3.015    0.410   -0.270
     5.60    4.065    3.015    0.410   -0.270
     5.70    4.065    3.015    0.410   -0.270
     5.80    4.070    3.015    0.410   -0.270
     5.90    4.065    3.015    0.410   -0.270
     6.00    4.070    3.015    0.410   -0.270
     6.10    4.065    3.015    0.410   -0.270
     6.20    4.065    3.015    0.410   -0.270
     6.30    4.065    3.015    0.410   -0.270
     6.40    4.065    3.015    0.410   -0.270
     6.50    4.065    3.015    0.410   -0.270
     6.60    4.070    3.015    0.410   -0.270
     6.70    4.065    3.015    0.410   -0.270
     6.80    4.070    3.015    0.410   -0.270
     6.90    4.070    3.015    0.410   -0.270
     7.00    4.070    3.015    0.410   -0.270
     7.10    4.070    3.015    0.410   -0.270
     7.20    4.070    3.015    0.410   -0.270
     7.30    4.070    3.015    0.410   -0.270
     7.40    4.070    3.015    0.410   -0.270
     7.50    4.065    3.015    0.410   -0.270
     7.60    4.070    3.015    0.410   -0.270
     7.70    4.065    3.015    0.410   -0.270
     7.80    4.065    3.015    0.410   -0.270
     7.90    4.065    3.015    0.410   -0.270
     8.00    4.070    3.015    0.410   -0.270
     8.10    4.065    3.015    0.410   -0.270
     8.20    4.065    3.015    0.410   -0.270
     8.30    4.070    3.010    0.410   -0.270
     8.40    4.070    3.015    0.410   -0.270
     8.50    4.070    3.015    0.410   -0.270
     8.60    4.070    3.015    0.410   -0.270
     8.70    4.070    3.015    0.410   -0.270
     8.80    4.065    3.015    0.410   -0.270
     8.90    4.065    3.015    0.410   -0.270
     9.00    4.065    3.015    0.410   -0.270
     9.10    4.065    3.015    0.410   -0.270
     9.20    4.065    3.015    0.410   -0.270
     9.30    4.070    3.015    0.410   -0.270
     9.40    4.070    3.015    0.410   -0.270
     9.50    4.065    3.015    0.410   -0.270
     9.60    4.065    3.015    0.410   -0.270
     9.70    4.065    3.015    0.410   -0.270
     9.80    4.065    3.015    0.410   -0.270
     9.90    4.065    3.015    0.410   -0.270
    10.00    4.065    3.015    0.410   -0.270
    10.10    4.065    3.015    0.410   -0.270
    10.20    4.070    3.015    0.410   -0.270
    10.30    4.070    3.015    0.410   -0.270
    10.40    4.065    3.020    0.410   -0.270
    10.50    4.070    3.020    0.410   -0.270
    10.60    4.065    3.020    0.410   -0.270
    10.70    4.070    3.015    0.410   -0.270
    10.80    4.070    3.020    0.410   -0.270
    10.90    4.070    3.015    0.410   -0.270
    11.00    4.070    3.015    0.410   -0.270
    11.10    4.065    3.015    0.410   -0.270
    11.20    4.070    3.015    0.410   -0.270
    11.30    4.070    3.015    0.410   -0.270
    11.40    4.070    3.015    0.410   -0.270
    11.50    4.070    3.015    0.410   -0.270
    11.60    4.070    3.015    0.410   -0.270
    11.70    4.070    3.015    0.410   -0.270
    11.80    4.070    3.015    0.410   -0.270
    11.90    4.065    3.010    0.410   -0.270
    12.00    4.070    3.010    0.410   -0.270
    12.10    4.065    3.015    0.410   -0.270
    12.20    4.065    3.015    0.410   -0.270
    12.30    4.065    3.015    0.410   -0.270
    12.40    4.065    3.015    0.410   -0.270
    12.50    4.070    3.015    0.410   -0.270
    12.60    4.065    3.015    0.410   -0.270
    12.70    4.070    3.015    0.410   -0.270
    12.80    4.070    3.015    0.410   -0.270
    12.90    4.065    3.015    0.410   -0.270
    13.00    4.065    3.015    0.410   -0.270
    13.10    4.065    3.015    0.410   -0.270
    13.20    4.065    3.015    0.410   -0.270
    13.30    4.065    3.015    0.410   -0.270
    13.40    4.065    3.015    0.410   -0.270
    13.50    4.070    3.015    0.410   -0.270
    13.60    4.065    3.015    0.410   -0.270
    13.70    4.070    3.015    0.410   -0.270
    13.80    4.065    3.015    0.410   -0.270
    13.90    4.065    3.015    0.410   -0.270
    14.00    4.070    3.015    0.410   -0.270
    14.10    4.065    3.015    0.410   -0.270
    14.20    4.065    3.015    0.410   -0.270
    14.30    4.065    3.015    0.410   -0.270
    14.40    4.065    3.015    0.410   -0.270
    14.50    4.070    3.015    0.410   -0.270
    14.60    4.065    3.015    0.410   -0.270
    14.70    4.065    3.015    0.410   -0.270
    14.80    4.065    3.015    0.410   -0.270
    14.90    4.070    3.015    0.410   -0.270
    15.00    4.070    3.015    0.410   -0.270
    15.10    4.065    3.015    0.410   -0.270
    15.20    4.065    3.015    0.410   -0.270
    15.30    4.065    3.015    0.410   -0.270
    15.40    4.070    3.015    0.410   -0.270
    15.50    4.065    3.015    0.410   -0.270
    15.60    4.065    3.015    0.410   -0.270
    15.70    4.070    3.015    0.410   -0.270
    15.80    4.065    3.015    0.410   -0.270
    15.90    4.070    3.015    0.410   -0.270
    16.00    4.065    3.015    0.410   -0.270
    16.10    4.070    3.015    0.410   -0.270
    16.20    4.070    3.010    0.410   -0.270
    16.30    4.070    3.010    0.410   -0.270
    16.40    4.065    3.010    0.410   -0.270
    16.50    4.065    3.010    0.410   -0.270
    16.60    4.070    3.010    0.410   -0.270
    16.70    4.070    3.015    0.410   -0.270
    16.80    4.065    3.010    0.410   -0.270
    16.90    4.065    3.010    0.410   -0.270
    17.00    4.070    3.010    0.410   -0.270
    17.10    4.070    3.010    0.410   -0.270
    17.20    4.070    3.010    0.410   -0.270
    17.30    4.070    3.010    0.410   -0.270
    17.40    4.065    3.010    0.410   -0.270
    17.50    4.070    3.010    0.410   -0.270
    17.60    4.065    3.010    0.410   -0.270
    17.70    4.070    3.010    0.410   -0.270
    17.80    4.065    3.010    0.410   -0.270
    17.90    4.070    3.010    0.410   -0.270
    18.00    4.065    3.010    0.410   -0.270
    18.10    4.065    3.010    0.410   -0.270
    18.20    4.065    3.010    0.410   -0.270
    18.30    4.065    3.010    0.410   -0.270
    18.40    4.065    3.010    0.410   -0.270
    18.50    4.070    3.010    0.410   -0.270
    18.60    4.070    3.010    0.410   -0.270
    18.70    4.065    3.010    0.410   -0.270
    18.80    4.065    3.015    0.410   -0.270
    18.90    4.070    3.015    0.410   -0.270
    19.00    4.065    3.015    0.410   -0.270
    19.10    4.070    3.010    0.410   -0.270
    19.20    4.070    3.015    0.410   -0.270
    19.30    4.070    3.010    0.410   -0.270
    19.40    4.065    3.015    0.410   -0.270
    19.50    4.065    3.015    0.410   -0.270
    19.60    4.070    3.015    0.410   -0.270
    19.70    4.065    3.015    0.410   -0.270
    19.80    4.070    3.015    0.410   -0.270
    19.90    4.065    3.015    0.410   -0.270
    20.00    4.065    3.015    0.410   -0.270
    20.10    4.070    3.010    0.410   -0.270
    20.20    4.065    3.010    0.410   -0.270
    20.30    4.065    3.010    0.410   -0.270
    20.40    4.070    3.010    0.410   -0.270
    20.50    4.065    3.010    0.410   -0.270
    20.60    4.065    3.010    0.410   -0.270
    20.70    4.065    3.010    0.410   -0.270
    20.80    4.065    3.010    0.410   -0.270
    20.90    4.070    3.010    0.410   -0.270
    21.00    4.065    3.010    0.410   -0.270
    21.10    4.070    3.010    0.410   -0.270
    21.20    4.065    3.010    0.410   -0.270
    21.30    4.065    3.010    0.410   -0.270
    21.40    4.070    3.015    0.410   -0.270
    21.50    4.070    3.015    0.410   -0.270
    21.60    4.070    3.015    0.410   -0.270
    21.70    4.065    3.010    0.410   -0.270
    21.80    4.065    3.015    0.410   -0.270
    21.90    4.070    3.015    0.410   -0.270
    22.00    4.065    3.015    0.410   -0.270
    22.10    4.065    3.015    0.410   -0.270
    22.20    4.070    3.015    0.410   -0.270
    22.30    4.065    3.015    0.410   -0.270
    22.40    4.065    3.015    0.410   -0.270
    22.50    4.065    3.015    0.410   -0.270
    22.60    4.070    3.015    0.410   -0.270
    22.70    4.070    3.015    0.410   -0.270
    22.80    4.070    3.010    0.410   -0.270
    22.90    4.065    3.010    0.410   -0.270
    23.00    4.065    3.010    0.410   -0.270
    23.10    4.065    3.010    0.410   -0.270
    23.20    4.065    3.010    0.410   -0.270
    23.30    4.065    3.010    0.410   -0.270
    23.40    4.070    3.010    0.410   -0.270
    23.50    4.065    3.010    0.410   -0.270
    23.60    4.065    3.015    0.410   -0.270
    23.70    4.065    3.015    0.410   -0.270
    23.80    4.070    3.015    0.410   -0.270
    23.90    4.065    3.010    0.410   -0.270
    24.00    4.065    3.015    0.410   -0.270
    24.10    4.065    3.015    0.410   -0.270
    24.20    4.065    3.015    0.410   -0.270
    24.30    4.065    3.015    0.410   -0.270
    24.40    4.065    3.015    0.410   -0.270
    24.50    4.070    3.015    0.410   -0.270
    24.60    4.070    3.015    0.410   -0.270
    24.70    4.065    3.015    0.410   -0.270
    24.80    4.065    3.015    0.410   -0.270
    24.90    4.070    3.015    0.410   -0.270
    25.00    4.065    3.015    0.410   -0.270
    25.10    4.070    3.015    0.410   -0.270
    25.20    4.065    3.015    0.410   -0.270
    25.30    4.070    3.015    0.410   -0.270
    25.40    4.070    3.015    0.410   -0.270
    25.50    4.070    3.015    0.410   -0.270
    25.60    4.065    3.020    0.410   -0.270
    25.70    4.070    3.020    0.410   -0.270
    25.80    4.065    3.020    0.410   -0.270
    25.90    4.070    3.020    0.410   -0.270
    26.00    4.065    3.020    0.410   -0.270
    26.10    4.070    3.015    0.410   -0.270
    26.20    4.065    3.015    0.410   -0.270
    26.30    4.065    3.015    0.410   -0.270
    26.40    4.065    3.015    0.410   -0.270
    26.50    4.070    3.015    0.410   -0.270
    26.60    4.065    3.015    0.410   -0.270
    26.70    4.065    3.015    0.410   -0.270
    26.80    4.070    3.015    0.410   -0.270
    26.90    4.070    3.015    0.410   -0.270
    27.00    4.070    3.015    0.410   -0.270
    27.10    4.070    3.015    0.410   -0.270
    27.20    4.065    3.015    0.410   -0.270
    27.30    4.070    3.015    0.410   -0.270
    27.40    4.070    3.015    0.410   -0.270
    27.50    4.065    3.015    0.410   -0.270
    27.60    4.070    3.015    0.410   -0.270
    27.70    4.070    3.015    0.410   -0.270
    27.80    4.070    3.015    0.410   -0.270
    27.90    4.065    3.015    0.410   -0.270
    28.00    4.065    3.015    0.410   -0.270
    28.10    4.070    3.015    0.410   -0.270
    28.20    4.070    3.015    0.410   -0.270
    28.30    4.070    3.015    0.410   -0.270
    28.40    4.065    3.015    0.410   -0.270
    28.50    4.070    3.015    0.410   -0.270
    28.60    4.065    3.010    0.410   -0.270
    28.70    4.070    3.010    0.410   -0.270
    28.80    4.065    3.010    0.410   -0.270
    28.90    4.065    3.010    0.410   -0.270
    29.00    4.065    3.015    0.410   -0.270
    29.10    4.070    3.015    0.410   -0.270
    29.20    4.070    3.015    0.410   -0.270
    29.30    4.065    3.015    0.410   -0.270
    29.40    4.070    3.015    0.410   -0.270
    29.50    4.065    3.015    0.410   -0.270
    29.60    4.065    3.015    0.410   -0.270
    29.70    4.070    3.015    0.410   -0.270
    29.80    4.065    3.015    0.410   -0.270
    29.90    4.065    3.015    0.410   -0.270
    30.00    4.070    3.015    0.410   -0.270
    30.10    4.065    3.015    0.410   -0.270
    30.20    4.065    3.015    0.410   -0.270
    30.30    4.065    3.015    0.410   -0.270
    30.40    4.065    3.015    0.410   -0.270
    30.50    4.070    3.015    0.410   -0.270
    30.60    4.070    3.015    0.410   -0.270
    30.70    4.065    3.020    0.410   -0.270
    30.80    4.065    3.015    0.410   -0.270
    30.90    4.070    3.015    0.410   -0.270
    31.00    4.070    3.015    0.410   -0.270
    31.10    4.065    3.015    0.410   -0.270
    31.20    4.065    3.015    0.410   -0.270
    31.30    4.065    3.015    0.410   -0.270
    31.40    4.070    3.015    0.410   -0.270
    31.50    4.070    3.015    0.410   -0.270
    31.60    4.065    3.015    0.410   -0.270
    31.70    4.070    3.015    0.410   -0.270
    31.80    4.065    3.015    0.410   -0.270
    31.90    4.065    3.015    0.410   -0.270
    32.00    4.250    3.015    0.410   -0.270
    32.10    4.190    3.015    0.425   -0.270
    32.20    4.385    3.015    0.430   -0.270
    32.30    4.175    3.020    0.435   -0.265
    32.40    4.415    3.020    0.440   -0.265
    32.50    4.070    3.020    0.440   -0.265
    32.60    4.065    3.020    0.430   -0.265
    32.70    4.110    3.020    0.425   -0.265
    32.80    4.715    3.020    0.440   -0.265
    32.90    4.800    3.020    0.465   -0.265
    33.00    5.060    3.020    0.500   -0.260
    33.10    5.060    3.020    0.525   -0.260
    33.20    5.060    3.020    0.545   -0.255
    33.30    5.060    3.020    0.555   -0.250
    33.40    5.060    3.020    0.565   -0.250
    33.50    5.060    3.020    0.570   -0.245
    33.60    5.060    3.015    0.575   -0.245
    33.70    5.060    3.015    0.575   -0.240
    33.80    5.060    3.015    0.575   -0.240
    33.90    5.060    3.015    0.580   -0.240
    34.00    5.060    3.015    0.580   -0.240
    34.10    5.060    3.020    0.580   -0.240
    34.20    5.060    3.020    0.580   -0.240
    34.30    5.060    3.020    0.580   -0.235
    34.40    5.060    3.020    0.580   -0.235
    34.50    5.060    3.025    0.580   -0.235
    34.60    5.060    3.025    0.580   -0.235
    34.70    5.060    3.030    0.580   -0.235
    34.80    5.060    3.030    0.580   -0.235
    34.90    5.060    3.030    0.580   -0.235
    35.00    5.060    3.030    0.580   -0.235
    35.10    5.060    3.035    0.585   -0.235
    35.20    5.060    3.035    0.580   -0.235
    35.30    5.060    3.035    0.580   -0.235
    35.40    5.060    3.040    0.585   -0.235
    35.50    5.060    3.040    0.585   -0.235
    35.60    5.060    3.040    0.585   -0.235
    35.70    5.060    3.045    0.585   -0.235
    35.80    5.060    3.045    0.585   -0.235
    35.90    5.060    3.050    0.580   -0.235
    36.00    5.060    3.050    0.585   -0.235
    36.10    5.060    3.050    0.585   -0.235
    36.20    5.060    3.050    0.585   -0.235
    36.30    5.060    3.055    0.585   -0.235
    36.40    5.060    3.055    0.585   -0.235
    36.50    5.060    3.055    0.580   -0.235
    36.60    5.060    3.060    0.585   -0.235
    36.70    5.060    3.065    0.585   -0.235
    36.80    5.060    3.065    0.585   -0.235
    36.90    5.060    3.070    0.585   -0.235
    37.00    5.060    3.070    0.585   -0.235
    37.10    5.060    3.075    0.585   -0.235
    37.20    5.060    3.075    0.580   -0.235
    37.30    5.060    3.080    0.585   -0.235
    37.40    5.060    3.080    0.580   -0.235
    37.50    5.060    3.085    0.585   -0.235
    37.60    5.060    3.085    0.585   -0.235
    37.70    5.060    3.090    0.585   -0.235
    37.80    5.060    3.090    0.585   -0.235
    37.90    5.060    3.095    0.585   -0.235
    38.00    5.060    3.095    0.585   -0.235
    38.10    5.060    3.100    0.585   -0.235
    38.20    5.060    3.105    0.585   -0.235
    38.30    5.060    3.105    0.585   -0.235
    38.40    5.060    3.105    0.585   -0.235
    38.50    5.060    3.110    0.585   -0.235
    38.60    5.060    3.110    0.585   -0.235
    38.70    5.060    3.115    0.585   -0.235
    38.80    5.060    3.115    0.585   -0.235
    38.90    5.060    3.120    0.585   -0.235
    39.00    5.060    3.120    0.585   -0.235
    39.10    5.060    3.125    0.585   -0.235
    39.20    5.060    3.130    0.585   -0.235
    39.30    5.060    3.135    0.585   -0.235
    39.40    5.060    3.135    0.585   -0.235
    39.50    5.060    3.140    0.585   -0.235
    39.60    5.060    3.140    0.585   -0.235
    39.70    5.060    3.145    0.585   -0.235
    39.80    5.060    3.145    0.585   -0.235
    39.90    5.060    3.145    0.585   -0.235
    40.00    5.060    3.150    0.585   -0.235
    40.10    5.060    3.155    0.585   -0.235
    40.20    5.060    3.155    0.585   -0.235
    40.30    5.060    3.160    0.585   -0.235
    40.40    5.060    3.165    0.585   -0.235
    40.50    5.060    3.170    0.585   -0.235
    40.60    5.060    3.175    0.585   -0.235
    40.70    5.060    3.175    0.585   -0.235
    40.80    5.060    3.180    0.585   -0.235
    40.90    5.060    3.185    0.585   -0.235
    41.00    5.060    3.185    0.585   -0.235
    41.10    5.060    3.190    0.585   -0.235
    41.20    5.060    3.190    0.585   -0.235
    41.30    5.060    3.195    0.585   -0.235
    41.40    5.060    3.195    0.585   -0.235
    41.50    5.060    3.195    0.585   -0.235
    41.60    5.060    3.200    0.585   -0.235
    41.70    5.060    3.200    0.585   -0.235
    41.80    5.060    3.205    0.585   -0.235
    41.90    5.060    3.205    0.585   -0.235
    42.00    5.060    3.210    0.585   -0.235
    42.10    5.060    3.215    0.585   -0.235
    42.20    5.060    3.220    0.585   -0.235
    42.30    5.060    3.220    0.585   -0.235
    42.40    5.060    3.225    0.585   -0.235
    42.50    5.060    3.225    0.585   -0.235
    42.60    5.060    3.230    0.585   -0.235
    42.70    5.060    3.235    0.585   -0.235
    42.80    5.060    3.240    0.585   -0.235
    42.90    5.060    3.245    0.585   -0.235
    43.00    5.060    3.245    0.585   -0.235
    43.10    5.060    3.250    0.585   -0.235
    43.20    5.060    3.255    0.585   -0.235
    43.30    5.060    3.255    0.585   -0.235
    43.40    5.060    3.260    0.585   -0.235
    43.50    5.060    3.265    0.585   -0.235
    43.60    5.060    3.270    0.585   -0.235
    43.70    5.060    3.270    0.585   -0.235
    43.80    5.060    3.275    0.585   -0.235
    43.90    5.060    3.275    0.585   -0.235
    44.00    5.060    3.280    0.585   -0.235
    44.10    5.060    3.285    0.585   -0.235
    44.20    5.060    3.285    0.585   -0.235
    44.30    5.060    3.290    0.585   -0.235
    44.40    5.060    3.290    0.585   -0.235
    44.50    5.060    3.295    0.585   -0.235
    44.60    5.060    3.300    0.585   -0.235
    44.70    5.060    3.305    0.585   -0.235
    44.80    5.060    3.310    0.585   -0.235
    44.90    5.060    3.310    0.585   -0.235
    45.00    5.060    3.315    0.585   -0.235
    45.10    5.060    3.315    0.585   -0.235
    45.20    5.060    3.315    0.585   -0.235
    45.30    5.060    3.320    0.585   -0.235
    45.40    5.060    3.320    0.585   -0.235
    45.50    5.060    3.325    0.585   -0.235
    45.60    5.060    3.330    0.585   -0.235
    45.70    5.060    3.330    0.585   -0.235
    45.80    5.060    3.335    0.585   -0.235
    45.90    5.060    3.340    0.585   -0.235
    46.00    5.060    3.340    0.585   -0.235
    46.10    5.060    3.345    0.585   -0.235
    46.20    5.060    3.345    0.585   -0.235
    46.30    5.060    3.350    0.585   -0.235
    46.40    5.060    3.355    0.585   -0.235
    46.50    5.060    3.360    0.585   -0.235
    46.60    5.060    3.360    0.585   -0.235
    46.70    5.060    3.365    0.585   -0.235
    46.80    5.060    3.370    0.585   -0.235
    46.90    5.060    3.375    0.585   -0.235
    47.00    5.060    3.380    0.585   -0.235
    47.10    5.060    3.385    0.585   -0.235
    47.20    5.060    3.385    0.585   -0.235
    47.30    5.060    3.390    0.585   -0.235
    47.40    5.060    3.395    0.585   -0.235
    47.50    5.060    3.395    0.585   -0.235
    47.60    5.060    3.400    0.585   -0.235
    47.70    5.060    3.400    0.585   -0.235
    47.80    5.060    3.405    0.585   -0.235
    47.90    5.060    3.405    0.585   -0.235
    48.00    5.060    3.410    0.585   -0.235
    48.10    5.060    3.410    0.585   -0.235
    48.20    5.060    3.415    0.585   -0.235
    48.30    5.060    3.415    0.585   -0.235
    48.40    5.060    3.420    0.585   -0.235
    48.50    5.060    3.425    0.585   -0.235
    48.60    5.060    3.430    0.585   -0.235
    48.70    5.060    3.435    0.585   -0.235
    48.80    5.060    3.435    0.585   -0.235
    48.90    5.060    3.440    0.585   -0.235
    49.00    5.060    3.445    0.585   -0.235
    49.10    5.060    3.445    0.585   -0.235
    49.20    5.060    3.450    0.585   -0.235
    49.30    5.060    3.450    0.585   -0.235
    49.40    5.060    3.455    0.585   -0.235
    49.50    5.060    3.455    0.585   -0.235
    49.60    5.060    3.460    0.585   -0.235
    49.70    5.060    3.460    0.585   -0.235
    49.80    5.060    3.465    0.585   -0.235
    49.90    5.060    3.470    0.585   -0.235
    50.00    5.060    3.470    0.585   -0.235
    50.10    5.060    3.475    0.585   -0.235
    50.20    5.060    3.480    0.585   -0.235
    50.30    5.060    3.485    0.585   -0.235
    50.40    5.060    3.490    0.585   -0.235
    50.50    5.060    3.490    0.585   -0.235
    50.60    5.060    3.495    0.585   -0.235
    50.70    5.060    3.495    0.585   -0.235
    50.80    5.060    3.500    0.585   -0.235
    50.90    5.060    3.500    0.585   -0.235
    51.00    5.060    3.505    0.585   -0.235
    51.10    5.060    3.505    0.585   -0.235
    51.20    5.060    3.510    0.585   -0.235
    51.30    5.060    3.515    0.585   -0.235
    51.40    5.060    3.520    0.585   -0.235
    51.50    5.060    3.520    0.585   -0.235
    51.60    5.060    3.525    0.585   -0.235
    51.70    5.060    3.530    0.585   -0.235
    51.80    5.060    3.530    0.585   -0.235
    51.90    5.060    3.530    0.585   -0.235
    52.00    5.060    3.535    0.585   -0.235
    52.10    5.060    3.535    0.585   -0.235
    52.20    5.060    3.540    0.585   -0.235
    52.30    5.060    3.545    0.585   -0.235
    52.40    5.060    3.545    0.585   -0.235
    52.50    5.060    3.550    0.585   -0.235
    52.60    5.060    3.550    0.585   -0.235
    52.70    5.060    3.555    0.585   -0.235
    52.80    5.060    3.555    0.585   -0.235
    52.90    5.060    3.560    0.585   -0.235
    53.00    5.060    3.560    0.585   -0.235
    53.10    5.060    3.565    0.585   -0.235
    53.20    5.060    3.565    0.585   -0.235
    53.30    5.060    3.570    0.585   -0.235
    53.40    5.060    3.575    0.585   -0.235
    53.50    5.060    3.575    0.585   -0.235
    53.60    5.060    3.580    0.585   -0.235
    53.70    5.060    3.580    0.585   -0.235
    53.80    5.060    3.585    0.585   -0.235
    53.90    5.060    3.590    0.585   -0.235
    54.00    5.060    3.590    0.585   -0.235
    54.10    5.060    3.595    0.585   -0.235
    54.20    5.060    3.595    0.585   -0.235
    54.30    5.060    3.595    0.585   -0.235
    54.40    5.060    3.600    0.585   -0.235
    54.50    5.060    3.600    0.585   -0.235
    54.60    5.060    3.600    0.585   -0.235
    54.70    5.060    3.605    0.585   -0.235
    54.80    5.060    3.605    0.585   -0.235
    54.90    5.060    3.610    0.585   -0.235
    55.00    5.060    3.615    0.585   -0.235
    55.10    5.060    3.615    0.590   -0.235
    55.20    5.060    3.620    0.585   -0.235
    55.30    5.060    3.625    0.585   -0.235
    55.40    5.060    3.630    0.585   -0.235
    55.50    5.060    3.635    0.585   -0.235
    55.60    5.060    3.640    0.585   -0.235
    55.70    5.060    3.640    0.585   -0.235
    55.80    5.060    3.645    0.585   -0.235
    55.90    5.060    3.650    0.585   -0.235
    56.00    5.060    3.655    0.585   -0.235
    56.10    5.060    3.660    0.585   -0.235
    56.20    5.060    3.660    0.585   -0.235
    56.30    5.060    3.660    0.585   -0.235
    56.40    5.060    3.660    0.585   -0.235
    56.50    5.060    3.665    0.585   -0.235
    56.60    5.060    3.665    0.585   -0.235
    56.70    5.060    3.670    0.585   -0.235
    56.80    5.060    3.675    0.585   -0.235
    56.90    5.060    3.680    0.585   -0.235
    57.00    5.060    3.680    0.585   -0.235
    57.10    5.060    3.680    0.590   -0.235
    57.20    5.060    3.680    0.585   -0.235
    57.30    5.060    3.680    0.590   -0.235
    57.40    5.060    3.685    0.590   -0.235
    57.50    5.060    3.685    0.585   -0.235
    57.60    5.060    3.690    0.585   -0.235
    57.70    5.060    3.690    0.585   -0.235
    57.80    5.060    3.695    0.585   -0.235
    57.90    5.060    3.695    0.590   -0.235
    58.00    5.060    3.700    0.590   -0.235
    58.10    5.060    3.700    0.585   -0.235
    58.20    5.060    3.705    0.590   -0.235
    58.30    5.060    3.705    0.590   -0.235
    58.40    5.060    3.710    0.585   -0.235
    58.50    5.060    3.710    0.585   -0.235
    58.60    5.060    3.715    0.590   -0.235
    58.70    5.060    3.715    0.590   -0.235
    58.80    5.060    3.715    0.590   -0.235
    58.90    5.060    3.720    0.590   -0.235
    59.00    5.060    3.720    0.590   -0.235
    59.10    5.060    3.725    0.590   -0.235
    59.20    5.060    3.725    0.590   -0.235
    59.30    5.060    3.725    0.590   -0.235
    59.40    5.060    3.730    0.590   -0.235
    59.50    5.060    3.730    0.590   -0.235
    59.60    5.060    3.735    0.590   -0.235
    59.70    5.060    3.735    0.590   -0.235
    59.80    5.060    3.740    0.590   -0.235
    59.90    5.060    3.740    0.590   -0.235
    60.00    5.060    3.745    0.590   -0.235
    60.10    5.060    3.750    0.590   -0.235
    60.20    5.060    3.750    0.590   -0.235
    60.30    5.060    3.750    0.590   -0.235
    60.40    5.060    3.750    0.590   -0.235
    60.50    5.060    3.755    0.590   -0.235
    60.60    5.060    3.755    0.590   -0.235
    60.70    5.060    3.755    0.590   -0.235
    60.80    5.060    3.760    0.590   -0.235
    60.90    5.060    3.760    0.590   -0.235
    61.00    5.060    3.765    0.590   -0.235
    61.10    5.060    3.765    0.590   -0.235
    61.20    5.060    3.765    0.590   -0.235
    61.30    5.060    3.770    0.590   -0.235
    61.40    5.060    3.770    0.590   -0.235
    61.50    5.060    3.775    0.590   -0.235
    61.60    5.060    3.780    0.590   -0.235
    61.70    5.060    3.780    0.590   -0.235
    61.80    5.060    3.780    0.590   -0.235
    61.90    5.060    3.785    0.590   -0.235
    62.00    5.060    3.785    0.590   -0.235
    62.10    5.060    3.785    0.590   -0.235
    62.20    5.060    3.790    0.590   -0.235
    62.30    5.060    3.795    0.590   -0.235
    62.40    5.060    3.795    0.590   -0.235
    62.50    5.060    3.800    0.590   -0.235
    62.60    5.060    3.800    0.590   -0.235
    62.70    5.060    3.800    0.590   -0.235
    62.80    5.060    3.805    0.590   -0.235
    62.90    5.060    3.805    0.590   -0.235
    63.00    5.060    3.805    0.590   -0.235
    63.10    5.060    3.805    0.590   -0.235
    63.20    5.060    3.805    0.590   -0.235
    63.30    5.060    3.810    0.590   -0.235
    63.40    5.060    3.810    0.590   -0.235
    63.50    5.060    3.810    0.590   -0.235
    63.60    5.060    3.815    0.590   -0.235
    63.70    5.060    3.815    0.590   -0.235
    63.80    5.060    3.815    0.590   -0.235
    63.90    5.060    3.815    0.590   -0.235
    64.00    5.060    3.820    0.590   -0.235
    64.10    5.060    3.820    0.590   -0.235
    64.20    5.060    3.820    0.590   -0.235
    64.30    5.060    3.820    0.590   -0.235
    64.40    5.060    3.825    0.590   -0.235
    64.50    5.060    3.825    0.590   -0.235
    64.60    5.060    3.830    0.590   -0.235
    64.70    5.060    3.830    0.590   -0.235
    64.80    5.060    3.830    0.590   -0.235
    64.90    5.060    3.835    0.590   -0.235
    65.00    5.060    3.835    0.590   -0.235
    65.10    5.060    3.840    0.590   -0.235
    65.20    5.060    3.840    0.590   -0.235
    65.30    5.060    3.840    0.590   -0.235
    65.40    5.060    3.840    0.590   -0.235
    65.50    5.060    3.840    0.590   -0.235
    65.60    5.060    3.840    0.590   -0.235
    65.70    5.060    3.845    0.590   -0.235
    65.80    5.060    3.845    0.590   -0.235
    65.90    5.060    3.845    0.590   -0.235
    66.00    5.060    3.850    0.590   -0.235
    66.10    5.060    3.850    0.590   -0.235
    66.20    5.060    3.850    0.590   -0.235
    66.30    5.060    3.855    0.590   -0.235
    66.40    5.060    3.855    0.590   -0.235
    66.50    5.060    3.855    0.590   -0.235
    66.60    5.060    3.860    0.590   -0.235
    66.70    5.060    3.860    0.590   -0.235
    66.80    5.060    3.860    0.590   -0.235
    66.90    5.060    3.860    0.590   -0.235
    67.00    5.060    3.860    0.590   -0.235
    67.10    5.060    3.860    0.590   -0.235
    67.20    5.060    3.865    0.590   -0.235
    67.30    5.060    3.865    0.590   -0.235
    67.40    5.060    3.865    0.590   -0.235
    67.50    5.060    3.865    0.590   -0.235
    67.60    5.060    3.865    0.590   -0.235
    67.70    5.060    3.870    0.590   -0.235
    67.80    5.060    3.870    0.590   -0.235
    67.90    5.060    3.870    0.590   -0.235
    68.00    5.060    3.870    0.590   -0.235
    68.10    5.060    3.875    0.590   -0.235
    68.20    5.060    3.875    0.590   -0.235
    68.30    5.060    3.880    0.590   -0.235
    68.40    5.060    3.880    0.590   -0.235
    68.50    5.060    3.880    0.590   -0.235
    68.60    5.060    3.880    0.590   -0.235
    68.70    5.060    3.880    0.590   -0.235
    68.80    5.060    3.885    0.590   -0.235
    68.90    5.060    3.885    0.590   -0.235
    69.00    5.060    3.885    0.590   -0.235
    69.10    5.060    3.890    0.590   -0.235
    69.20    5.060    3.890    0.590   -0.235
    69.30    5.060    3.890    0.590   -0.235
    69.40    5.060    3.895    0.590   -0.235
    69.50    5.060    3.895    0.590   -0.235
    69.60    5.060    3.895    0.590   -0.235
    69.70    5.060    3.895    0.590   -0.235
    69.80    5.060    3.895    0.590   -0.235
    69.90    5.060    3.895    0.590   -0.235
    70.00    5.060    3.895    0.590   -0.235
    70.10    5.060    3.895    0.590   -0.235
    70.20    5.060    3.895    0.590   -0.235
    70.30    5.060    3.900    0.590   -0.235
    70.40    5.060    3.900    0.590   -0.235
    70.50    5.060    3.900    0.590   -0.235
    70.60    5.060    3.900    0.590   -0.235
    70.70    5.060    3.905    0.590   -0.235
    70.80    5.060    3.905    0.590   -0.235
    70.90    5.060    3.905    0.590   -0.235
    71.00    5.060    3.905    0.590   -0.235
    71.10    5.060    3.905    0.590   -0.235
    71.20    5.060    3.905    0.590   -0.235
    71.30    5.060    3.905    0.590   -0.235
    71.40    5.060    3.905    0.590   -0.235
    71.50    5.060    3.905    0.590   -0.235
    71.60    5.060    3.905    0.590   -0.235
    71.70    5.060    3.910    0.590   -0.235
    71.80    5.060    3.910    0.590   -0.235
    71.90    5.060    3.910    0.590   -0.235
    72.00    5.060    3.910    0.590   -0.235
    72.10    5.060    3.910    0.590   -0.235
    72.20    5.060    3.915    0.590   -0.235
    72.30    5.060    3.915    0.590   -0.235
    72.40    5.060    3.915    0.590   -0.235
    72.50    5.060    3.915    0.590   -0.235
    72.60    5.060    3.915    0.590   -0.235
    72.70    5.060    3.915    0.590   -0.235
    72.80    5.060    3.915    0.590   -0.235
    72.90    5.060    3.915    0.590   -0.235
    73.00    5.060    3.915    0.590   -0.235
    73.10    5.060    3.915    0.590   -0.235
    73.20    5.060    3.915    0.590   -0.235
    73.30    5.060    3.920    0.590   -0.235
    73.40    5.060    3.920    0.590   -0.235
    73.50    5.060    3.920    0.590   -0.235
    73.60    5.060    3.925    0.590   -0.235
    73.70    5.060    3.925    0.590   -0.235
    73.80    5.060    3.925    0.590   -0.235
    73.90    5.060    3.925    0.590   -0.235
    74.00    5.060    3.930    0.590   -0.235
    74.10    5.060    3.930    0.590   -0.235
    74.20    5.060    3.930    0.590   -0.235
    74.30    5.060    3.930    0.590   -0.235
    74.40    5.060    3.930    0.590   -0.235
    74.50    5.060    3.930    0.590   -0.235
    74.60    5.060    3.930    0.590   -0.235
    74.70    5.060    3.930    0.590   -0.235
    74.80    5.060    3.930    0.590   -0.235
    74.90    5.060    3.930    0.590   -0.235
    75.00    5.060    3.930    0.590   -0.235
    75.10    5.060    3.935    0.590   -0.235
    75.20    5.060    3.935    0.590   -0.235
    75.30    5.060    3.935    0.590   -0.235
    75.40    5.060    3.935    0.590   -0.235
    75.50    5.060    3.935    0.590   -0.235
    75.60    5.060    3.935    0.590   -0.235
    75.70    5.060    3.935    0.590   -0.235
    75.80    5.060    3.940    0.590   -0.235
    75.90    5.060    3.940    0.590   -0.235
    76.00    5.060    3.945    0.590   -0.235
    76.10    5.060    3.950    0.590   -0.235
    76.20    5.060    3.950    0.590   -0.235
    76.30    5.060    3.950    0.590   -0.235
    76.40    5.060    3.950    0.590   -0.235
    76.50    5.060    3.950    0.590   -0.235
    76.60    5.060    3.950    0.590   -0.235
    76.70    5.060    3.950    0.590   -0.235
    76.80    5.060    3.950    0.590   -0.235
    76.90    5.060    3.950    0.590   -0.235
    77.00    5.060    3.950    0.590   -0.235
    77.10    5.060    3.945    0.590   -0.235
    77.20    5.060    3.945    0.590   -0.235
    77.30    5.060    3.945    0.590   -0.235
    77.40    5.060    3.950    0.590   -0.235
    77.50    5.060    3.950    0.590   -0.235
    77.60    5.060    3.950    0.590   -0.235
    77.70    5.060    3.950    0.590   -0.235
    77.80    5.060    3.950    0.590   -0.235
    77.90    5.060    3.950    0.590   -0.235
    78.00    5.060    3.950    0.590   -0.235
    78.10    5.060    3.950    0.590   -0.235
    78.20    5.060    3.950    0.590   -0.235
    78.30    5.060    3.950    0.590   -0.235
    78.40    5.060    3.950    0.590   -0.235
    78.50    5.060    3.950    0.590   -0.235
    78.60    5.060    3.950    0.590   -0.235
    78.70    5.060    3.950    0.590   -0.235
    78.80    5.060    3.950    0.590   -0.235
    78.90    5.060    3.950    0.590   -0.235
    79.00    5.060    3.950    0.590   -0.235
    79.10    5.060    3.955    0.590   -0.235
    79.20    5.060    3.955    0.590   -0.235
    79.30    5.060    3.950    0.590   -0.235
    79.40    5.060    3.950    0.590   -0.235
    79.50    5.060    3.950    0.590   -0.235
    79.60    5.060    3.950    0.590   -0.235
    79.70    5.060    3.955    0.590   -0.235
    79.80    5.060    3.955    0.590   -0.235
    79.90    5.060    3.955    0.590   -0.235
    80.00    5.060    3.955    0.590   -0.235
    80.10    5.060    3.955    0.590   -0.235
    80.20    5.060    3.955    0.590   -0.235
    80.30    5.060    3.955    0.590   -0.235
    80.40    5.060    3.955    0.590   -0.235
    80.50    5.060    3.960    0.590   -0.235
    80.60    5.060    3.960    0.590   -0.235
    80.70    5.060    3.960    0.590   -0.235
    80.80    5.060    3.960    0.590   -0.235
    80.90    5.060    3.960    0.590   -0.235
    81.00    5.060    3.960    0.590   -0.235
    81.10    5.060    3.960    0.590   -0.235
    81.20    5.060    3.955    0.590   -0.235
    81.30    5.060    3.955    0.590   -0.235
    81.40    5.060    3.955    0.590   -0.235
    81.50    5.060    3.955    0.590   -0.235
    81.60    5.060    3.955    0.590   -0.235
    81.70    5.060    3.955    0.590   -0.235
    81.80    5.060    3.955    0.590   -0.235
    81.90    5.060    3.955    0.590   -0.235
    82.00    5.060    3.955    0.590   -0.235
    82.10    5.060    3.955    0.590   -0.235
    82.20    5.060    3.960    0.590   -0.235
    82.30    5.060    3.960    0.590   -0.235
    82.40    5.060    3.960    0.590   -0.235
    82.50    5.060    3.960    0.590   -0.235
    82.60    5.060    3.960    0.590   -0.235
    82.70    5.060    3.960    0.590   -0.235
    82.80    5.060    3.960    0.590   -0.235
    82.90    5.060    3.960    0.590   -0.235
    83.00    5.060    3.960    0.590   -0.235
    83.10    5.060    3.960    0.590   -0.235
    83.20    5.060    3.960    0.590   -0.235
    83.30    5.060    3.960    0.590   -0.235
    83.40    5.060    3.960    0.590   -0.235
    83.50    5.060    3.960    0.590   -0.235
    83.60    5.060    3.960    0.590   -0.235
    83.70    5.060    3.960    0.590   -0.235
    83.80    5.060    3.960    0.590   -0.235
    83.90    5.060    3.960    0.590   -0.235
    84.00    5.060    3.960    0.590   -0.235
    84.10    5.060    3.960    0.590   -0.235
    84.20    5.060    3.960    0.590   -0.235
    84.30    5.060    3.960    0.590   -0.235
    84.40    5.060    3.960    0.590   -0.235
    84.50    5.060    3.960    0.590   -0.235
    84.60    5.060    3.960    0.590   -0.235
    84.70    5.060    3.960    0.590   -0.235
    84.80    5.060    3.960    0.590   -0.235
    84.90    5.060    3.960    0.590   -0.235
    85.00    5.060    3.960    0.590   -0.235
    85.10    5.060    3.960    0.590   -0.235
    85.20    5.060    3.960    0.590   -0.235
    85.30    5.060    3.960    0.590   -0.235
    85.40    5.060    3.960    0.590   -0.235
    85.50    5.060    3.960    0.590   -0.235
    85.60    5.060    3.965    0.590   -0.235
    85.70    5.060    3.965    0.590   -0.235
    85.80    5.060    3.965    0.590   -0.235
    85.90    5.060    3.965    0.590   -0.235
    86.00    5.060    3.965    0.590   -0.235
    86.10    5.060    3.965    0.590   -0.235
    86.20    5.060    3.970    0.590   -0.235
    86.30    5.060    3.970    0.590   -0.235
    86.40    5.060    3.970    0.590   -0.235
    86.50    5.060    3.965    0.590   -0.235
    86.60    5.060    3.965    0.590   -0.235
    86.70    5.060    3.965    0.590   -0.235
    86.80    5.060    3.965    0.590   -0.235
    86.90    5.060    3.965    0.590   -0.235
    87.00    5.060    3.965    0.590   -0.235
    87.10    5.060    3.965    0.590   -0.235
    87.20    5.060    3.965    0.590   -0.235
    87.30    5.060    3.965    0.590   -0.235
    87.40    5.060    3.970    0.590   -0.235
    87.50    5.060    3.970    0.590   -0.235
    87.60    5.060    3.965    0.590   -0.235
    87.70    5.060    3.965    0.590   -0.235
    87.80    5.060    3.965    0.590   -0.235
    87.90    5.060    3.965    0.590   -0.235
    88.00    5.060    3.965    0.590   -0.235
    88.10    5.060    3.965    0.590   -0.235
    88.20    5.060    3.960    0.590   -0.235
    88.30    5.060    3.960    0.590   -0.235
    88.40    5.060    3.960    0.590   -0.235
    88.50    5.060    3.960    0.590   -0.235
    88.60    5.060    3.960    0.590   -0.235
    88.70    5.060    3.960    0.590   -0.235
    88.80    5.060    3.960    0.590   -0.235
    88.90    5.060    3.965    0.590   -0.235
    89.00    5.060    3.965    0.590   -0.235
    89.10    5.060    3.965    0.590   -0.235
    89.20    5.060    3.965    0.590   -0.235
    89.30    5.060    3.965    0.590   -0.235
    89.40    5.060    3.965    0.590   -0.235
    89.50    5.060    3.965    0.590   -0.235
    89.60    5.060    3.965    0.590   -0.235
    89.70    5.060    3.965    0.590   -0.235
    89.80    5.060    3.970    0.590   -0.235
    89.90    5.060    3.970    0.590   -0.235
    90.00    5.060    3.970    0.590   -0.235
    90.10    5.060    3.970    0.590   -0.235
    90.20    5.060    3.970    0.590   -0.235
    90.30    5.060    3.970    0.590   -0.235
    90.40    5.060    3.970    0.590   -0.235
    90.50    5.060    3.970    0.590   -0.235
    90.60    5.060    3.970    0.590   -0.235
    90.70    5.060    3.970    0.590   -0.235
    90.80    5.060    3.970    0.590   -0.235
    90.90    5.060    3.970    0.590   -0.235
    91.00    5.060    3.970    0.590   -0.235
    91.10    5.060    3.970    0.590   -0.235
    91.20    5.060    3.965    0.590   -0.235
    91.30    5.060    3.965    0.590   -0.235
    91.40    5.060    3.965    0.590   -0.235
    91.50    5.060    3.970    0.590   -0.235
    91.60    5.060    3.970    0.590   -0.235
    91.70    5.060    3.970    0.590   -0.235
    91.80    5.060    3.970    0.590   -0.235
    91.90    5.060    3.970    0.590   -0.235
    92.00    5.060    3.970    0.590   -0.235
    92.10    5.060    3.970    0.590   -0.235
    92.20    5.060    3.970    0.590   -0.235
    92.30    5.060    3.970    0.590   -0.235
    92.40    5.060    3.970    0.590   -0.235
    92.50    5.060    3.970    0.590   -0.235
    92.60    5.060    3.970    0.590   -0.235
    92.70    5.060    3.970    0.590   -0.235
    92.80    5.060    3.970    0.590   -0.235
    92.90    5.060    3.970    0.590   -0.235
    93.00    5.060    3.970    0.590   -0.235
    93.10    5.060    3.970    0.590   -0.235
    93.20    5.060    3.965    0.590   -0.235
    93.30    5.060    3.965    0.590   -0.235
    93.40    5.060    3.965    0.590   -0.235
    93.50    5.060    3.965    0.590   -0.235
    93.60    5.060    3.965    0.590   -0.235
    93.70    5.060    3.965    0.590   -0.235
    93.80    5.060    3.965    0.590   -0.235
    93.90    5.060    3.965    0.590   -0.235
    94.00    5.060    3.965    0.590   -0.235
    94.10    5.060    3.965    0.590   -0.235
    94.20    5.060    3.965    0.590   -0.235
    94.30    5.060    3.965    0.590   -0.235
    94.40    5.060    3.965    0.590   -0.235
    94.50    5.060    3.965    0.590   -0.235
    94.60    5.060    3.965    0.590   -0.235
    94.70    5.060    3.965    0.590   -0.235
    94.80    5.060    3.965    0.590   -0.235
    94.90    5.060    3.965    0.590   -0.235
    95.00    5.060    3.965    0.590   -0.235
    95.10    5.060    3.965    0.590   -0.235
    95.20    5.060    3.965    0.590   -0.235
    95.30    5.060    3.965    0.590   -0.235
    95.40    5.060    3.965    0.590   -0.235
    95.50    5.060    3.965    0.590   -0.235
    95.60    5.060    3.960    0.590   -0.235
    95.70    5.060    3.965    0.590   -0.235
    95.80    5.060    3.965    0.590   -0.235
    95.90    5.060    3.965    0.590   -0.235
    96.00    5.060    3.965    0.590   -0.235
    96.10    5.060    3.965    0.590   -0.235
    96.20    5.060    3.965    0.590   -0.235
    96.30    5.060    3.965    0.590   -0.235
    96.40    5.060    3.965    0.590   -0.235
    96.50    5.060    3.965    0.590   -0.235
    96.60    5.060    3.965    0.590   -0.235
    96.70    5.060    3.965    0.590   -0.235
    96.80    5.060    3.965    0.590   -0.235
    96.90    5.060    3.965    0.590   -0.235
    97.00    5.060    3.965    0.590   -0.235
    97.10    5.060    3.965    0.590   -0.235
    97.20    5.060    3.965    0.590   -0.235
    97.30    5.060    3.965    0.590   -0.235
    97.40    5.060    3.965    0.590   -0.235
    97.50    5.060    3.965    0.590   -0.235
    97.60    5.060    3.965    0.590   -0.235
    97.70    5.060    3.965    0.590   -0.235
    97.80    5.060    3.965    0.590   -0.235
    97.90    5.060    3.965    0.590   -0.235
    98.00    5.060    3.965    0.590   -0.235
    98.10    5.060    3.965    0.590   -0.235
    98.20    5.060    3.965    0.590   -0.235
    98.30    5.060    3.965    0.590   -0.235
    98.40    5.060    3.965    0.590   -0.235
    98.50    5.060    3.965    0.590   -0.235
    98.60    5.060    3.965    0.590   -0.235
    98.70    5.060    3.965    0.590   -0.235
    98.80    5.060    3.965    0.590   -0.235
    98.90    5.060    3.965    0.590   -0.235
    99.00    5.060    3.965    0.590   -0.235
    99.10    5.060    3.965    0.590   -0.235
    99.20    5.060    3.965    0.590   -0.235
    99.30    5.060    3.965    0.590   -0.235
    99.40    5.060    3.965    0.590   -0.235
    99.50    5.060    3.965    0.590   -0.235
    99.60    5.060    3.965    0.590   -0.235
    99.70    5.060    3.965    0.590   -0.235
    99.80    5.060    3.965    0.590   -0.235
    99.90    5.060    3.965    0.590   -0.235
   100.00    5.060    3.965    0.590   -0.235
   100.10    5.060    3.965    0.590   -0.235
   100.20    5.060    3.965    0.590   -0.235
   100.30    5.060    3.965    0.590   -0.235
   100.40    5.060    3.965    0.590   -0.235
   100.50    5.060    3.965    0.590   -0.235
   100.60    5.060    3.965    0.590   -0.235
   100.70    5.060    3.965    0.590   -0.235
   100.80    5.060    3.965    0.590   -0.235
   100.90    5.060    3.965    0.590   -0.235
   101.00    5.060    3.965    0.590   -0.235
   101.10    5.060    3.965    0.590   -0.235
   101.20    5.060    3.965    0.590   -0.235
   101.30    5.060    3.965    0.590   -0.235
   101.40    5.060    3.965    0.590   -0.235
   101.50    5.060    3.965    0.590   -0.235
   101.60    5.060    3.965    0.590   -0.235
   101.70    5.060    3.965    0.590   -0.235
   101.80    5.060    3.965    0.590   -0.235
   101.90    5.060    3.965    0.590   -0.235
   102.00    5.060    3.965    0.590   -0.235
   102.10    5.060    3.965    0.590   -0.235
   102.20    5.060    3.965    0.590   -0.235
   102.30    5.060    3.965    0.590   -0.235
   102.40    5.060    3.965    0.590   -0.235
   102.50    5.060    3.965    0.590   -0.235
   102.60    5.060    3.965    0.590   -0.235
   102.70    5.060    3.965    0.590   -0.235
   102.80    5.060    3.965    0.590   -0.235
   102.90    5.060    3.965    0.590   -0.235
   103.00    5.060    3.965    0.590   -0.235
   103.10    5.060    3.965    0.590   -0.235
   103.20    5.060    3.965    0.590   -0.235
   103.30    5.060    3.965    0.590   -0.235
   103.40    5.060    3.965    0.590   -0.235
   103.50    5.060    3.965    0.590   -0.235
   103.60    5.060    3.965    0.590   -0.235
   103.70    5.060    3.965    0.590   -0.235
   103.80    5.060    3.965    0.590   -0.235
   103.90    5.060    3.965    0.590   -0.235
   104.00    5.060    3.965    0.590   -0.235
   104.10    5.060    3.965    0.590   -0.235
   104.20    5.060    3.965    0.590   -0.235
   104.30    5.060    3.965    0.590   -0.235
   104.40    5.060    3.965    0.590   -0.235
   104.50    5.060    3.965    0.590   -0.235
   104.60    5.060    3.965    0.590   -0.235
   104.70    5.060    3.965    0.590   -0.235
   104.80    5.060    3.965    0.590   -0.235
   104.90    5.060    3.965    0.590   -0.235
   105.00    5.060    3.965    0.590   -0.235
   105.10    5.060    3.960    0.590   -0.235
   105.20    5.060    3.965    0.590   -0.235
   105.30    5.060    3.965    0.590   -0.235
   105.40    5.060    3.965    0.590   -0.235
   105.50    5.060    3.965    0.590   -0.235
   105.60    5.060    3.965    0.590   -0.235
   105.70    5.060    3.965    0.590   -0.235
   105.80    5.060    3.965    0.590   -0.235
   105.90    5.060    3.965    0.590   -0.235
   106.00    5.060    3.965    0.590   -0.235
   106.10    5.060    3.965    0.590   -0.235
   106.20    5.060    3.965    0.590   -0.235
   106.30    5.060    3.965    0.590   -0.235
   106.40    5.060    3.965    0.590   -0.235
   106.50    5.060    3.965    0.590   -0.235
   106.60    5.060    3.965    0.590   -0.235
   106.70    5.060    3.965    0.590   -0.235
   106.80    5.060    3.965    0.590   -0.235
   106.90    5.060    3.965    0.590   -0.235
   107.00    5.060    3.965    0.590   -0.235
   107.10    5.060    3.965    0.590   -0.235
   107.20    5.060    3.965    0.590   -0.235
   107.30    5.060    3.965    0.590   -0.235
   107.40    5.060    3.965    0.590   -0.235
   107.50    5.060    3.965    0.590   -0.235
   107.60    5.060    3.965    0.590   -0.235
   107.70    5.060    3.965    0.590   -0.235
   107.80    5.060    3.965    0.590   -0.235
   107.90    5.060    3.965    0.590   -0.235
   108.00    5.060    3.965    0.590   -0.235
   108.10    5.060    3.960    0.590   -0.235
   108.20    5.060    3.960    0.590   -0.235
   108.30    5.060    3.960    0.590   -0.235
   108.40    5.060    3.960    0.590   -0.235
   108.50    5.060    3.960    0.590   -0.235
   108.60    5.060    3.965    0.590   -0.235
   108.70    5.060    3.960    0.590   -0.235
   108.80    5.060    3.960    0.590   -0.235
   108.90    5.060    3.965    0.590   -0.235
   109.00    5.060    3.960    0.590   -0.235
   109.10    5.060    3.960    0.590   -0.235
   109.20    5.060    3.965    0.590   -0.235
   109.30    5.060    3.965    0.590   -0.235
   109.40    5.060    3.965    0.590   -0.235
   109.50    5.060    3.965    0.590   -0.235
   109.60    5.060    3.960    0.590   -0.235
   109.70    5.060    3.960    0.590   -0.235
   109.80    5.060    3.960    0.590   -0.235
   109.90    5.060    3.960    0.590   -0.235
   110.00    5.060    3.960    0.590   -0.235
   110.10    5.060    3.960    0.590   -0.235
   110.20    5.060    3.960    0.590   -0.235
   110.30    5.060    3.960    0.590   -0.235
   110.40    5.060    3.960    0.590   -0.235
   110.50    5.060    3.960    0.590   -0.235
   110.60    5.060    3.960    0.590   -0.235
   110.70    5.060    3.960    0.590   -0.235
   110.80    5.060    3.960    0.590   -0.235
   110.90    5.060    3.960    0.590   -0.235
   111.00    5.060    3.960    0.590   -0.235
   111.10    5.060    3.960    0.590   -0.235
   111.20    5.060    3.960    0.590   -0.235
   111.30    5.060    3.960    0.590   -0.235
   111.40    5.060    3.960    0.590   -0.235
   111.50    5.060    3.965    0.590   -0.235
   111.60    5.060    3.960    0.590   -0.235
   111.70    5.060    3.965    0.590   -0.235
   111.80    5.060    3.960    0.590   -0.235
   111.90    5.060    3.965    0.590   -0.235
   112.00    5.060    3.960    0.590   -0.235
   112.10    5.060    3.965    0.590   -0.235
   112.20    5.060    3.960    0.590   -0.235
   112.30    5.060    3.960    0.590   -0.235
   112.40    5.060    3.960    0.590   -0.235
   112.50    5.060    3.960    0.590   -0.235
   112.60    5.060    3.960    0.590   -0.235
   112.70    5.060    3.960    0.590   -0.235
   112.80    5.060    3.960    0.590   -0.235
   112.90    5.060    3.960    0.590   -0.235
   113.00    5.060    3.960    0.590   -0.235
   113.10    5.060    3.960    0.590   -0.235
   113.20    5.060    3.960    0.590   -0.235
   113.30    5.060    3.960    0.590   -0.235
   113.40    5.060    3.960    0.590   -0.235
   113.50    5.060    3.960    0.590   -0.235
   113.60    5.060    3.960    0.590   -0.235
   113.70    5.060    3.960    0.590   -0.235
   113.80    5.060    3.960    0.590   -0.235
   113.90    5.060    3.960    0.590   -0.235
   114.00    5.060    3.960    0.590   -0.235
   114.10    5.060    3.960    0.590   -0.235
   114.20    5.060    3.960    0.590   -0.235
   114.30    5.060    3.960    0.590   -0.235
   114.40    5.060    3.960    0.590   -0.235
   114.50    5.060    3.960    0.590   -0.235
   114.60    5.060    3.965    0.590   -0.235
   114.70    5.060    3.965    0.590   -0.235
   114.80    5.060    3.965    0.590   -0.235
   114.90    5.060    3.965    0.590   -0.235
   115.00    5.060    3.965    0.590   -0.235
   115.10    5.060    3.960    0.590   -0.235
   115.20    5.060    3.960    0.590   -0.235
   115.30    5.060    3.960    0.590   -0.235
   115.40    5.060    3.960    0.590   -0.235
   115.50    5.060    3.960    0.590   -0.235
   115.60    5.060    3.960    0.590   -0.235
   115.70    5.060    3.960    0.590   -0.235
   115.80    5.060    3.960    0.590   -0.235
   115.90    5.060    3.960    0.590   -0.235
   116.00    5.060    3.960    0.590   -0.235
   116.10    5.060    3.960    0.590   -0.235
   116.20    5.060    3.960    0.590   -0.235
   116.30    5.060    3.960    0.590   -0.235
   116.40    5.060    3.960    0.590   -0.235
   116.50    5.060    3.960    0.590   -0.235
   116.60    5.060    3.960    0.590   -0.235
   116.70    5.060    3.960    0.590   -0.235
   116.80    5.060    3.960    0.590   -0.235
   116.90    5.060    3.960    0.590   -0.235
   117.00    5.060    3.960    0.590   -0.235
   117.10    5.060    3.960    0.590   -0.235
   117.20    5.060    3.960    0.590   -0.235
   117.30    5.060    3.960    0.590   -0.235
   117.40    5.060    3.960    0.590   -0.235
   117.50    5.060    3.960    0.590   -0.235
   117.60    5.060    3.960    0.590   -0.235
   117.70    5.060    3.960    0.590   -0.235
   117.80    5.060    3.960    0.590   -0.235
   117.90    5.060    3.960    0.590   -0.235
   118.00    5.060    3.960    0.590   -0.235
   118.10    5.060    3.960    0.590   -0.235
   118.20    5.060    3.960    0.590   -0.235
   118.30    5.060    3.960    0.590   -0.235
   118.40    5.060    3.960    0.590   -0.235
   118.50    5.060    3.960    0.590   -0.235
   118.60    5.060    3.960    0.590   -0.235
   118.70    5.060    3.960    0.590   -0.235
   118.80    5.060    3.960    0.590   -0.235
   118.90    5.060    3.960    0.590   -0.235
   119.00    5.060    3.960    0.590   -0.235
   119.10    5.060    3.960    0.590   -0.235
   119.20    5.060    3.960    0.590   -0.235
   119.30    5.060    3.955    0.590   -0.235
   119.40    5.060    3.955    0.590   -0.235
   119.50    5.060    3.955    0.590   -0.235
   119.60    5.060    3.955    0.590   -0.235
   119.70    5.060    3.955    0.590   -0.235
   119.80    5.060    3.960    0.590   -0.235
   119.90    5.060    3.960    0.590   -0.235
   120.00    5.060    3.960    0.590   -0.235
   120.10    5.060    3.960    0.590   -0.235
   120.20    5.060    3.960    0.590   -0.235
   120.30    5.060    3.960    0.590   -0.235
   120.40    5.060    3.960    0.590   -0.235
   120.50    5.060    3.960    0.590   -0.235
   120.60    5.060    3.960    0.590   -0.235
   120.70    5.060    3.960    0.590   -0.235
   120.80    5.060    3.960    0.590   -0.235
   120.90    5.060    3.960    0.590   -0.235
   121.00    5.060    3.960    0.590   -0.235
   121.10    5.060    3.960    0.590   -0.235
   121.20    5.060    3.960    0.590   -0.235
   121.30    5.060    3.960    0.590   -0.235
   121.40    5.060    3.955    0.590   -0.235
   121.50    5.060    3.960    0.590   -0.235
   121.60    5.060    3.960    0.590   -0.235
   121.70    5.060    3.960    0.590   -0.235
   121.80    5.060    3.960    0.590   -0.235
   121.90    5.060    3.960    0.590   -0.235
   122.00    5.060    3.960    0.590   -0.235
   122.10    5.060    3.960    0.590   -0.235
   122.20    5.060    3.960    0.590   -0.235
   122.30    5.060    3.960    0.590   -0.235
   122.40    5.060    3.960    0.590   -0.235
   122.50    5.060    3.960    0.590   -0.235
   122.60    5.060    3.960    0.590   -0.235
   122.70    5.060    3.960    0.590   -0.235
   122.80    5.060    3.960    0.590   -0.235
   122.90    5.060    3.960    0.590   -0.235
   123.00    5.060    3.960    0.590   -0.235
   123.10    5.060    3.960    0.590   -0.235
   123.20    5.060    3.960    0.590   -0.235
   123.30    5.060    3.960    0.590   -0.235
   123.40    5.060    3.960    0.590   -0.235
   123.50    5.060    3.965    0.590   -0.235
   123.60    5.060    3.965    0.590   -0.235
   123.70    5.060    3.965    0.590   -0.235
   123.80    5.060    3.960    0.590   -0.235
   123.90    5.060    3.960    0.590   -0.235
   124.00    5.060    3.960    0.590   -0.235
   124.10    5.060    3.960    0.590   -0.235
   124.20    5.060    3.955    0.590   -0.235
   124.30    5.060    3.955    0.590   -0.235
   124.40    5.060    3.955    0.590   -0.235
   124.50    5.060    3.955    0.590   -0.235
   124.60    5.060    3.955    0.590   -0.235
   124.70    5.060    3.955    0.590   -0.235
   124.80    5.060    3.955    0.590   -0.235
   124.90    5.060    3.955    0.590   -0.235
   125.00    5.060    3.955    0.590   -0.235
   125.10    5.060    3.960    0.590   -0.235
   125.20    5.060    3.960    0.590   -0.235
   125.30    5.060    3.960    0.590   -0.235
   125.40    5.060    3.960    0.590   -0.235
   125.50    5.060    3.960    0.590   -0.235
   125.60    5.060    3.955    0.590   -0.235
   125.70    5.060    3.955    0.590   -0.235
   125.80    5.060    3.955    0.590   -0.235
   125.90    5.060    3.955    0.590   -0.235
   126.00    5.060    3.960    0.590   -0.235
   126.10    5.060    3.960    0.590   -0.235
   126.20    5.060    3.960    0.590   -0.235
   126.30    5.060    3.960    0.590   -0.235
   126.40    5.060    3.960    0.590   -0.235
   126.50    5.060    3.960    0.590   -0.235
   126.60    5.060    3.960    0.590   -0.235
   126.70    5.060    3.960    0.590   -0.235
   126.80    5.060    3.960    0.590   -0.235
   126.90    5.060    3.960    0.590   -0.235
   127.00    5.060    3.960    0.590   -0.235
   127.10    5.060    3.960    0.590   -0.235
   127.20    5.060    3.960    0.590   -0.235
   127.30    5.060    3.960    0.590   -0.235
   127.40    5.060    3.960    0.590   -0.235
   127.50    5.060    3.960    0.590   -0.235
   127.60    5.060    3.960    0.590   -0.235
   127.70    5.060    3.960    0.590   -0.235
   127.80    5.060    3.960    0.590   -0.235
   127.90    5.060    3.960    0.590   -0.235
   128.00    5.060    3.960    0.590   -0.235
   128.10    5.060    3.960    0.590   -0.235
   128.20    5.060    3.955    0.590   -0.235
   128.30    5.060    3.960    0.590   -0.235
   128.40    5.060    3.960    0.590   -0.235
   128.50    5.060    3.960    0.590   -0.235
   128.60    5.060    3.960    0.590   -0.235
   128.70    5.060    3.960    0.590   -0.235
   128.80    5.060    3.960    0.590   -0.235
   128.90    5.060    3.960    0.590   -0.235
   129.00    5.060    3.960    0.590   -0.235
   129.10    5.060    3.960    0.590   -0.235
   129.20    5.060    3.960    0.590   -0.235
   129.30    5.060    3.960    0.590   -0.235
   129.40    5.060    3.960    0.590   -0.235
   129.50    5.060    3.960    0.590   -0.235
   129.60    5.060    3.960    0.590   -0.235
   129.70    5.060    3.960    0.590   -0.235
   129.80    5.060    3.960    0.590   -0.235
   129.90    5.060    3.960    0.590   -0.235
   130.00    5.060    3.960    0.590   -0.235
   130.10    5.060    3.960    0.590   -0.235
   130.20    5.060    3.960    0.590   -0.235
   130.30    5.060    3.960    0.590   -0.235
   130.40    5.060    3.960    0.590   -0.235
   130.50    5.060    3.960    0.590   -0.235
   130.60    5.060    3.960    0.590   -0.235
   130.70    5.060    3.960    0.590   -0.235
   130.80    5.060    3.960    0.590   -0.235
   130.90    5.060    3.960    0.590   -0.235
   131.00    5.060    3.960    0.590   -0.235
   131.10    5.060    3.960    0.590   -0.235
   131.20    5.060    3.960    0.590   -0.235
   131.30    5.060    3.960    0.590   -0.235
   131.40    5.060    3.960    0.590   -0.235
   131.50    5.060    3.960    0.590   -0.235
   131.60    5.060    3.960    0.590   -0.235
   131.70    5.060    3.960    0.590   -0.235
   131.80    5.060    3.960    0.590   -0.235
   131.90    5.060    3.960    0.590   -0.235
   132.00    5.060    3.960    0.590   -0.235
   132.10    5.060    3.960    0.590   -0.235
   132.20    5.060    3.960    0.590   -0.235
   132.30    5.060    3.960    0.590   -0.235
   132.40    5.060    3.965    0.590   -0.235
   132.50    5.060    3.965    0.590   -0.235
   132.60    5.060    3.965    0.590   -0.235
   132.70    5.060    3.965    0.590   -0.235
   132.80    5.060    3.960    0.590   -0.235
   132.90    5.060    3.965    0.590   -0.235
   133.00    5.060    3.965    0.590   -0.235
   133.10    5.060    3.965    0.590   -0.235
   133.20    5.060    3.965    0.590   -0.235
   133.30    5.060    3.965    0.590   -0.235
   133.40    5.060    3.960    0.590   -0.235
   133.50    5.060    3.960    0.590   -0.235
   133.60    5.060    3.960    0.590   -0.235
   133.70    5.060    3.955    0.590   -0.235
   133.80    5.060    3.955    0.590   -0.235
   133.90    5.060    3.955    0.590   -0.235
   134.00    5.060    3.955    0.590   -0.235
   134.10    5.060    3.960    0.590   -0.235
   134.20    5.060    3.960    0.590   -0.235
   134.30    5.060    3.960    0.590   -0.235
   134.40    5.060    3.955    0.590   -0.235
   134.50    5.060    3.955    0.590   -0.235
   134.60    5.060    3.955    0.590   -0.235
   134.70    5.060    3.955    0.590   -0.235
   134.80    5.060    3.955    0.590   -0.235
   134.90    5.060    3.955    0.590   -0.235
   135.00    5.060    3.955    0.590   -0.235
   135.10    5.060    3.955    0.590   -0.235
   135.20    5.060    3.955    0.590   -0.235
   135.30    5.060    3.955    0.590   -0.235
   135.40    5.060    3.955    0.590   -0.235
   135.50    5.060    3.955    0.590   -0.235
   135.60    5.060    3.955    0.590   -0.235
   135.70    5.060    3.960    0.590   -0.235
   135.80    5.060    3.960    0.590   -0.235
   135.90    5.060    3.960    0.590   -0.235
   136.00    5.060    3.960    0.590   -0.235
   136.10    5.060    3.960    0.590   -0.235
   136.20    5.060    3.960    0.590   -0.235
   136.30    5.060    3.960    0.590   -0.235
   136.40    5.060    3.955    0.590   -0.235
   136.50    5.060    3.960    0.590   -0.235
   136.60    5.060    3.960    0.590   -0.235
   136.70    5.060    3.960    0.590   -0.235
   136.80    5.060    3.960    0.590   -0.235
   136.90    5.060    3.960    0.590   -0.235
   137.00    5.060    3.960    0.590   -0.235
   137.10    5.060    3.960    0.590   -0.235
   137.20    5.060    3.960    0.590   -0.235
   137.30    5.060    3.960    0.590   -0.235
   137.40    5.060    3.960    0.590   -0.235
   137.50    5.060    3.960    0.590   -0.235
   137.60    5.060    3.960    0.590   -0.235
   137.70    5.060    3.960    0.590   -0.235
   137.80    5.060    3.960    0.590   -0.235
   137.90    5.060    3.960    0.590   -0.235
   138.00    5.060    3.955    0.590   -0.235
   138.10    5.060    3.955    0.590   -0.235
   138.20    5.060    3.955    0.590   -0.235
   138.30    5.060    3.955    0.590   -0.235
   138.40    5.060    3.955    0.590   -0.235
   138.50    5.060    3.955    0.590   -0.235
   138.60    5.060    3.955    0.590   -0.235
   138.70    5.060    3.955    0.590   -0.235
   138.80    5.060    3.955    0.590   -0.235
   138.90    5.060    3.955    0.590   -0.235
   139.00    5.060    3.955    0.590   -0.235
   139.10    5.060    3.955    0.590   -0.235
   139.20    5.060    3.955    0.590   -0.235
   139.30    5.060    3.955    0.590   -0.235
   139.40    5.060    3.955    0.590   -0.235
   139.50    5.060    3.955    0.590   -0.235
   139.60    5.060    3.955    0.590   -0.235
   139.70    5.060    3.955    0.590   -0.235
   139.80    5.060    3.955    0.590   -0.235
   139.90    5.060    3.955    0.590   -0.235
   140.00    5.060    3.955    0.590   -0.235
   140.10    5.060    3.955    0.590   -0.235
   140.20    5.060    3.955    0.590   -0.235
   140.30    5.060    3.955    0.590   -0.235
   140.40    5.060    3.955    0.590   -0.235
   140.50    5.060    3.955    0.590   -0.235
   140.60    5.060    3.955    0.590   -0.235
   140.70    5.060    3.955    0.590   -0.235
   140.80    5.060    3.955    0.590   -0.235
   140.90    5.060    3.955    0.590   -0.235
   141.00    5.060    3.955    0.590   -0.235
   141.10    5.060    3.955    0.590   -0.235
   141.20    5.060    3.955    0.590   -0.235
   141.30    5.060    3.955    0.590   -0.235
   141.40    5.060    3.955    0.590   -0.235
   141.50    5.060    3.955    0.590   -0.235
   141.60    5.060    3.955    0.590   -0.235
   141.70    5.060    3.955    0.590   -0.235
   141.80    5.060    3.955    0.590   -0.235
   141.90    5.060    3.955    0.590   -0.235
   142.00    5.060    3.955    0.590   -0.235
   142.10    5.060    3.955    0.590   -0.235
   142.20    5.060    3.955    0.590   -0.235
   142.30    5.060    3.955    0.590   -0.235
   142.40    5.060    3.955    0.590   -0.235
   142.50    5.060    3.955    0.590   -0.235
   142.60    5.060    3.955    0.590   -0.235
   142.70    5.060    3.955    0.590   -0.235
   142.80    5.060    3.955    0.590   -0.235
   142.90    5.060    3.955    0.590   -0.235
   143.00    5.060    3.955    0.590   -0.235
   143.10    5.060    3.955    0.590   -0.235
   143.20    5.060    3.955    0.590   -0.235
   143.30    5.060    3.955    0.590   -0.235
   143.40    5.060    3.955    0.590   -0.235
   143.50    5.060    3.955    0.590   -0.235
   143.60    5.060    3.955    0.590   -0.235
   143.70    5.060    3.955    0.590   -0.235
   143.80    5.060    3.955    0.590   -0.235
   143.90    5.060    3.955    0.590   -0.235
   144.00    5.060    3.955    0.590   -0.235
   144.10    5.060    3.955    0.590   -0.235
   144.20    5.060    3.955    0.590   -0.235
   144.30    5.060    3.955    0.590   -0.235
   144.40    5.060    3.950    0.590   -0.235
   144.50    5.060    3.950    0.590   -0.235
   144.60    5.060    3.950    0.590   -0.235
   144.70    5.060    3.950    0.590   -0.235
   144.80    5.060    3.950    0.590   -0.235
   144.90    5.060    3.950    0.590   -0.235
   145.00    5.060    3.950    0.590   -0.235
   145.10    5.060    3.950    0.590   -0.235
   145.20    5.060    3.955    0.590   -0.235
   145.30    5.060    3.950    0.590   -0.235
   145.40    5.060    3.955    0.590   -0.235
   145.50    5.060    3.955    0.590   -0.235
   145.60    5.060    3.955    0.590   -0.235
   145.70    5.060    3.955    0.590   -0.235
   145.80    5.060    3.955    0.590   -0.235
   145.90    5.060    3.955    0.590   -0.235
   146.00    5.060    3.955    0.590   -0.235
   146.10    5.060    3.955    0.590   -0.235
   146.20    5.060    3.955    0.590   -0.235
   146.30    5.060    3.955    0.590   -0.235
   146.40    5.060    3.955    0.590   -0.235
   146.50    5.060    3.955    0.590   -0.235
   146.60    5.060    3.955    0.590   -0.235
   146.70    5.060    3.955    0.590   -0.235
   146.80    5.060    3.955    0.590   -0.235
   146.90    5.060    3.955    0.590   -0.235
   147.00    5.060    3.955    0.590   -0.235
   147.10    5.060    3.955    0.590   -0.235
   147.20    5.060    3.955    0.590   -0.235
   147.30    5.060    3.955    0.590   -0.235
   147.40    5.060    3.955    0.590   -0.235
   147.50    5.060    3.955    0.590   -0.235
   147.60    5.060    3.955    0.590   -0.235
   147.70    5.060    3.955    0.590   -0.235
   147.80    5.060    3.960    0.590   -0.235
   147.90    5.060    3.960    0.590   -0.235
   148.00    5.060    3.960    0.590   -0.235
   148.10    5.060    3.960    0.590   -0.235
   148.20    5.060    3.960    0.590   -0.235
   148.30    5.060    3.960    0.590   -0.235
   148.40    5.060    3.960    0.590   -0.235
   148.50    5.060    3.960    0.590   -0.235
   148.60    5.060    3.960    0.590   -0.235
   148.70    5.060    3.960    0.590   -0.235
   148.80    5.060    3.960    0.590   -0.235
   148.90    5.060    3.960    0.590   -0.235
   149.00    5.060    3.960    0.590   -0.235
   149.10    5.060    3.960    0.590   -0.235
   149.20    5.060    3.960    0.590   -0.235
   149.30    5.060    3.960    0.590   -0.235
   149.40    5.060    3.960    0.590   -0.235
   149.50    5.060    3.960    0.590   -0.235
   149.60    5.060    3.960    0.590   -0.235
   149.70    5.060    3.960    0.590   -0.235
   149.80    5.060    3.960    0.590   -0.235
   149.90    5.060    3.960    0.590   -0.235
   150.00    5.060    3.960    0.590   -0.235
   150.10    5.060    3.960    0.590   -0.235
   150.20    5.060    3.965    0.590   -0.235
   150.30    5.060    3.965    0.590   -0.235
   150.40    5.060    3.960    0.590   -0.235
   150.50    5.060    3.960    0.590   -0.235
   150.60    5.060    3.960    0.590   -0.235
   150.70    5.060    3.960    0.590   -0.235
   150.80    5.060    3.960    0.590   -0.235
   150.90    5.060    3.960    0.590   -0.235
   151.00    5.060    3.960    0.590   -0.235
   151.10    5.060    3.960    0.590   -0.235
   151.20    5.060    3.960    0.590   -0.235
   151.30    5.060    3.960    0.590   -0.235
   151.40    5.060    3.965    0.590   -0.235
   151.50    5.060    3.965    0.590   -0.235
   151.60    5.060    3.965    0.590   -0.235
   151.70    5.060    3.965    0.590   -0.235
   151.80    5.060    3.965    0.590   -0.235
   151.90    5.060    3.965    0.590   -0.235
   152.00    5.060    3.965    0.590   -0.235
   152.10    5.060    3.965    0.590   -0.235
   152.20    5.060    3.965    0.590   -0.235
   152.30    5.060    3.965    0.590   -0.235
   152.40    5.060    3.965    0.590   -0.235
   152.50    5.060    3.965    0.590   -0.235
   152.60    5.060    3.965    0.590   -0.235
   152.70    5.060    3.960    0.590   -0.235
   152.80    5.060    3.960    0.590   -0.235
   152.90    5.060    3.960    0.590   -0.235
   153.00    5.060    3.960    0.590   -0.235
   153.10    5.060    3.960    0.590   -0.235
   153.20    5.060    3.960    0.590   -0.235
   153.30    5.060    3.960    0.590   -0.235
   153.40    5.060    3.960    0.590   -0.235
   153.50    5.060    3.960    0.590   -0.235
   153.60    5.060    3.960    0.590   -0.235
   153.70    5.060    3.960    0.590   -0.235
   153.80    5.060    3.960    0.590   -0.235
   153.90    5.060    3.960    0.590   -0.235
   154.00    5.060    3.960    0.590   -0.235
   154.10    5.060    3.960    0.590   -0.235
   154.20    5.060    3.960    0.590   -0.235
   154.30    5.060    3.960    0.590   -0.235
   154.40    5.060    3.960    0.590   -0.235
   154.50    5.060    3.960    0.590   -0.235
   154.60    5.060    3.960    0.590   -0.235
   154.70    5.060    3.960    0.590   -0.235
   154.80    5.060    3.960    0.590   -0.235
   154.90    5.060    3.960    0.590   -0.235
   155.00    5.060    3.960    0.590   -0.235
   155.10    5.060    3.960    0.590   -0.235
   155.20    5.060    3.955    0.590   -0.235
   155.30    5.060    3.960    0.590   -0.235
   155.40    5.060    3.960    0.590   -0.235
   155.50    5.060    3.960    0.590   -0.235
   155.60    5.060    3.960    0.590   -0.235
   155.70    5.060    3.960    0.590   -0.235
   155.80    5.060    3.960    0.590   -0.235
   155.90    5.060    3.960    0.590   -0.235
   156.00    5.060    3.960    0.590   -0.235
   156.10    5.060    3.960    0.590   -0.235
   156.20    5.060    3.960    0.590   -0.235
   156.30    5.060    3.960    0.590   -0.235
   156.40    5.060    3.955    0.590   -0.235
   156.50    5.060    3.955    0.590   -0.235
   156.60    5.060    3.960    0.590   -0.235
   156.70    5.060    3.960    0.590   -0.235
   156.80    5.060    3.955    0.590   -0.235
   156.90    5.060    3.955    0.590   -0.235
   157.00    5.060    3.960    0.590   -0.235
   157.10    5.060    3.960    0.590   -0.235
   157.20    5.060    3.960    0.590   -0.235
   157.30    5.060    3.960    0.590   -0.235
   157.40    5.060    3.960    0.590   -0.235
   157.50    5.060    3.960    0.590   -0.235
   157.60    5.060    3.960    0.590   -0.235
   157.70    5.060    3.960    0.590   -0.235
   157.80    5.060    3.960    0.590   -0.235
   157.90    5.060    3.960    0.590   -0.235
   158.00    5.060    3.960    0.590   -0.235
   158.10    5.060    3.960    0.590   -0.235
   158.20    5.060    3.960    0.590   -0.235
   158.30    5.060    3.960    0.590   -0.235
   158.40    5.060    3.960    0.590   -0.235
   158.50    5.060    3.960    0.590   -0.235
   158.60    5.060    3.960    0.590   -0.235
   158.70    5.060    3.960    0.590   -0.235
   158.80    5.060    3.960    0.590   -0.235
   158.90    5.060    3.960    0.590   -0.235
   159.00    5.060    3.960    0.590   -0.235
   159.10    5.060    3.960    0.590   -0.235
   159.20    5.060    3.960    0.590   -0.235
   159.30    5.060    3.960    0.590   -0.235
   159.40    5.060    3.960    0.590   -0.235
   159.50    5.060    3.960    0.590   -0.235
   159.60    5.060    3.965    0.590   -0.235
   159.70    5.060    3.965    0.590   -0.235
   159.80    5.060    3.965    0.590   -0.235
   159.90    5.060    3.965    0.590   -0.235
   160.00    5.060    3.965    0.590   -0.235
   160.10    5.060    3.965    0.590   -0.235
   160.20    5.060    3.965    0.590   -0.235
   160.30    5.060    3.965    0.590   -0.235
   160.40    5.060    3.965    0.590   -0.235
   160.50    5.060    3.965    0.590   -0.235
   160.60    5.060    3.965    0.590   -0.235
   160.70    5.060    3.960    0.590   -0.235
   160.80    5.060    3.960    0.590   -0.235
   160.90    5.060    3.960    0.590   -0.235
   161.00    5.060    3.960    0.590   -0.235
   161.10    5.060    3.960    0.590   -0.235
   161.20    5.060    3.960    0.590   -0.235
   161.30    5.060    3.960    0.590   -0.235
   161.40    5.060    3.960    0.590   -0.235
   161.50    5.060    3.960    0.590   -0.235
   161.60    5.060    3.960    0.590   -0.235
   161.70    5.060    3.960    0.590   -0.235
   161.80    5.060    3.960    0.590   -0.235
   161.90    5.060    3.960    0.590   -0.235
   162.00    5.060    3.960    0.590   -0.235
   162.10    5.060    3.955    0.590   -0.235
   162.20    5.060    3.955    0.590   -0.235
   162.30    5.060    3.955    0.590   -0.235
   162.40    5.060    3.955    0.590   -0.235
   162.50    5.060    3.955    0.590   -0.235
   162.60    5.060    3.955    0.590   -0.235
   162.70    5.060    3.960    0.590   -0.235
   162.80    5.060    3.960    0.590   -0.235
   162.90    5.060    3.960    0.590   -0.235
   163.00    5.060    3.960    0.590   -0.235
   163.10    5.060    3.960    0.590   -0.235
   163.20    5.060    3.960    0.590   -0.235
   163.30    5.060    3.960    0.590   -0.235
   163.40    5.060    3.960    0.590   -0.235
   163.50    5.060    3.965    0.590   -0.235
   163.60    5.060    3.965    0.590   -0.235
   163.70    5.060    3.965    0.590   -0.235
   163.80    5.060    3.965    0.590   -0.235
   163.90    5.060    3.965    0.590   -0.235
   164.00    5.060    3.965    0.590   -0.235
   164.10    5.060    3.960    0.590   -0.235
   164.20    5.060    3.960    0.590   -0.235
   164.30    5.060    3.960    0.590   -0.235
   164.40    5.060    3.960    0.590   -0.235
   164.50    5.060    3.960    0.590   -0.235
   164.60    5.060    3.960    0.590   -0.235
   164.70    5.060    3.960    0.590   -0.235
   164.80    5.060    3.960    0.590   -0.235
   164.90    5.060    3.960    0.590   -0.235
   165.00    5.060    3.960    0.590   -0.235
   165.10    5.060    3.960    0.590   -0.235
   165.20    5.060    3.960    0.590   -0.235
   165.30    5.060    3.960    0.590   -0.235
   165.40    5.060    3.960    0.590   -0.235
   165.50    5.060    3.960    0.590   -0.235
   165.60    5.060    3.960    0.590   -0.235
   165.70    5.060    3.960    0.590   -0.235
   165.80    5.060    3.960    0.590   -0.235
   165.90    5.060    3.955    0.590   -0.235
   166.00    5.060    3.960    0.590   -0.235
   166.10    5.060    3.960    0.590   -0.235
   166.20    5.060    3.960    0.590   -0.235
   166.30    5.060    3.960    0.590   -0.235
   166.40    5.060    3.965    0.590   -0.235
   166.50    5.060    3.965    0.590   -0.235
   166.60    5.060    3.965    0.590   -0.235
   166.70    5.060    3.965    0.590   -0.235
   166.80    5.060    3.965    0.590   -0.235
   166.90    5.060    3.965    0.590   -0.235
   167.00    5.060    3.965    0.590   -0.235
   167.10    5.060    3.965    0.590   -0.235
   167.20    5.060    3.965    0.590   -0.235
   167.30    5.060    3.965    0.590   -0.235
   167.40    5.060    3.960    0.590   -0.235
   167.50    5.060    3.960    0.590   -0.235
   167.60    5.060    3.960    0.590   -0.235
   167.70    5.060    3.960    0.590   -0.235
   167.80    5.060    3.960    0.590   -0.235
   167.90    5.060    3.960    0.590   -0.235
   168.00    5.060    3.960    0.590   -0.235
   168.10    5.060    3.960    0.590   -0.235
   168.20    5.060    3.965    0.590   -0.235
   168.30    5.060    3.960    0.590   -0.235
   168.40    5.060    3.960    0.590   -0.235
   168.50    5.060    3.960    0.590   -0.235
   168.60    5.060    3.960    0.590   -0.235
   168.70    5.060    3.960    0.590   -0.235
   168.80    5.060    3.965    0.590   -0.235
   168.90    5.060    3.965    0.590   -0.235
   169.00    5.060    3.960    0.590   -0.235
   169.10    5.060    3.960    0.590   -0.235
   169.20    5.060    3.960    0.590   -0.235
   169.30    5.060    3.960    0.590   -0.235
   169.40    5.060    3.960    0.590   -0.235
   169.50    5.060    3.960    0.590   -0.235
   169.60    5.060    3.960    0.590   -0.235
   169.70    5.060    3.960    0.590   -0.235
   169.80    5.060    3.965    0.590   -0.235
   169.90    5.060    3.965    0.590   -0.235
   170.00    5.060    3.965    0.590   -0.235
   170.10    5.060    3.965    0.590   -0.235
   170.20    5.060    3.965    0.590   -0.235
   170.30    5.060    3.965    0.590   -0.235
   170.40    5.060    3.960    0.590   -0.235
   170.50    5.060    3.960    0.590   -0.235
   170.60    5.060    3.960    0.590   -0.235
   170.70    5.060    3.960    0.590   -0.235
   170.80    5.060    3.960    0.590   -0.235
   170.90    5.060    3.960    0.590   -0.235
   171.00    5.060    3.960    0.590   -0.235
   171.10    5.060    3.960    0.590   -0.235
   171.20    5.060    3.960    0.590   -0.235
   171.30    5.060    3.960    0.590   -0.235
   171.40    5.060    3.960    0.590   -0.235
   171.50    5.060    3.955    0.590   -0.235
   171.60    5.060    3.955    0.590   -0.235
   171.70    5.060    3.955    0.590   -0.235
   171.80    5.060    3.955    0.590   -0.235
   171.90    5.060    3.955    0.590   -0.235
   172.00    5.060    3.955    0.590   -0.235
   172.10    5.060    3.955    0.590   -0.235
   172.20    5.060    3.955    0.590   -0.235
   172.30    5.060    3.955    0.590   -0.235
   172.40    5.060    3.955    0.590   -0.235
   172.50    5.060    3.960    0.590   -0.235
   172.60    5.060    3.960    0.590   -0.235
   172.70    5.060    3.960    0.590   -0.235
   172.80    5.060    3.960    0.590   -0.235
   172.90    5.060    3.960    0.590   -0.235
   173.00    5.060    3.960    0.590   -0.235
   173.10    5.060    3.960    0.590   -0.235
   173.20    5.060    3.960    0.590   -0.235
   173.30    5.060    3.960    0.590   -0.235
   173.40    5.060    3.960    0.590   -0.235
   173.50    5.060    3.960    0.590   -0.235
   173.60    5.060    3.960    0.590   -0.235
   173.70    5.060    3.960    0.590   -0.235
   173.80    5.060    3.960    0.590   -0.235
   173.90    5.060    3.960    0.590   -0.235
   174.00    5.060    3.960    0.590   -0.235
   174.10    5.060    3.955    0.590   -0.235
   174.20    5.060    3.955    0.590   -0.235
   174.30    5.060    3.960    0.590   -0.235
   174.40    5.060    3.960    0.590   -0.235
   174.50    5.060    3.960    0.590   -0.235
   174.60    5.060    3.960    0.590   -0.235
   174.70    5.060    3.965    0.590   -0.235
   174.80    5.060    3.965    0.590   -0.235
   174.90    5.060    3.965    0.590   -0.235
   175.00    5.060    3.960    0.590   -0.235
   175.10    5.060    3.960    0.590   -0.235
   175.20    5.060    3.960    0.590   -0.235
   175.30    5.060    3.955    0.590   -0.235
   175.40    5.060    3.955    0.590   -0.235
   175.50    5.060    3.955    0.590   -0.235
   175.60    5.060    3.955    0.590   -0.235
   175.70    5.060    3.955    0.590   -0.235
   175.80    5.060    3.955    0.590   -0.235
   175.90    5.060    3.955    0.590   -0.235
   176.00    5.060    3.955    0.590   -0.235
   176.10    5.060    3.955    0.590   -0.235
   176.20    5.060    3.960    0.590   -0.235
   176.30    5.060    3.960    0.590   -0.235
   176.40    5.060    3.960    0.590   -0.235
   176.50    5.060    3.960    0.590   -0.235
   176.60    5.060    3.960    0.590   -0.235
   176.70    5.060    3.960    0.590   -0.235
   176.80    5.060    3.955    0.590   -0.235
   176.90    5.060    3.955    0.590   -0.235
   177.00    5.060    3.955    0.590   -0.235
   177.10    5.060    3.955    0.590   -0.235
   177.20    5.060    3.955    0.590   -0.235
   177.30    5.060    3.955    0.590   -0.235
   177.40    5.060    3.955    0.590   -0.235
   177.50    5.060    3.955    0.590   -0.235
   177.60    5.060    3.955    0.590   -0.235
   177.70    5.060    3.955    0.590   -0.235
   177.80    5.060    3.955    0.590   -0.235
   177.90    5.060    3.955    0.590   -0.235
   178.00    5.060    3.960    0.590   -0.235
   178.10    5.060    3.960    0.590   -0.235
   178.20    5.060    3.960    0.590   -0.235
   178.30    5.060    3.960    0.590   -0.235
   178.40    5.060    3.960    0.590   -0.235
   178.50    5.060    3.960    0.590   -0.235
   178.60    5.060    3.960    0.590   -0.235
   178.70    5.060    3.955    0.590   -0.235
   178.80    5.060    3.955    0.590   -0.235
   178.90    5.060    3.960    0.590   -0.235
   179.00    5.060    3.955    0.590   -0.235
   179.10    5.060    3.960    0.590   -0.235
   179.20    5.060    3.955    0.590   -0.235
   179.30    5.060    3.960    0.590   -0.235
   179.40    5.060    3.955    0.590   -0.235
   179.50    5.060    3.955    0.590   -0.235
   179.60    5.060    3.955    0.590   -0.235
   179.70    5.060    3.955    0.590   -0.235
   179.80    5.060    3.955    0.590   -0.235
   179.90    5.060    3.955    0.590   -0.235
   180.00    5.060    3.955    0.590   -0.235
   180.10    5.060    3.955    0.590   -0.235
   180.20    5.060    3.955    0.590   -0.235
   180.30    5.060    3.955    0.590   -0.235
   180.40    5.060    3.955    0.590   -0.235
   180.50    5.060    3.955    0.590   -0.235
   180.60    5.060    3.955    0.590   -0.235
   180.70    5.060    3.955    0.590   -0.235
   180.80    5.060    3.955    0.590   -0.235
   180.90    5.060    3.955    0.590   -0.235
   181.00    5.060    3.960    0.590   -0.235
   181.10    5.060    3.960    0.590   -0.235
   181.20    5.060    3.960    0.590   -0.235
   181.30    5.060    3.960    0.590   -0.235
   181.40    5.060    3.960    0.590   -0.235
   181.50    5.060    3.960    0.590   -0.235
   181.60    5.060    3.960    0.590   -0.235
   181.70    5.060    3.960    0.590   -0.235
   181.80    5.060    3.960    0.590   -0.235
   181.90    5.060    3.960    0.590   -0.235
   182.00    5.060    3.960    0.590   -0.235
   182.10    5.060    3.960    0.590   -0.235
   182.20    5.060    3.955    0.590   -0.235
   182.30    5.060    3.960    0.590   -0.235
   182.40    5.060    3.955    0.590   -0.235
   182.50    5.060    3.955    0.590   -0.235
   182.60    5.060    3.955    0.590   -0.235
   182.70    5.060    3.955    0.590   -0.235
   182.80    5.060    3.955    0.590   -0.235
   182.90    5.060    3.955    0.590   -0.235
   183.00    5.060    3.955    0.590   -0.235
   183.10    5.060    3.955    0.590   -0.235
   183.20    5.060    3.955    0.590   -0.235
   183.30    5.060    3.955    0.590   -0.235
   183.40    5.060    3.955    0.590   -0.235
   183.50    5.060    3.960    0.590   -0.235
   183.60    5.060    3.960    0.590   -0.235
   183.70    5.060    3.960    0.590   -0.235
   183.80    5.060    3.960    0.590   -0.235
   183.90    5.060    3.960    0.590   -0.235
   184.00    5.060    3.960    0.590   -0.235
   184.10    5.060    3.960    0.590   -0.235
   184.20    5.060    3.955    0.590   -0.235
   184.30    5.060    3.960    0.590   -0.235
   184.40    5.060    3.960    0.590   -0.235
   184.50    5.060    3.960    0.590   -0.235
   184.60    5.060    3.960    0.590   -0.235
   184.70    5.060    3.960    0.590   -0.235
   184.80    5.060    3.960    0.590   -0.235
   184.90    5.060    3.960    0.590   -0.235
   185.00    5.060    3.965    0.590   -0.235
   185.10    5.060    3.965    0.590   -0.235
   185.20    5.060    3.965    0.590   -0.235
   185.30    5.060    3.965    0.590   -0.235
   185.40    5.060    3.965    0.590   -0.235
   185.50    5.060    3.965    0.590   -0.235
   185.60    5.060    3.965    0.590   -0.235
   185.70    5.060    3.965    0.590   -0.235
   185.80    5.060    3.965    0.590   -0.235
   185.90    5.060    3.965    0.590   -0.235
   186.00    5.060    3.965    0.590   -0.235
   186.10    5.060    3.965    0.590   -0.235
   186.20    5.060    3.965    0.590   -0.235
   186.30    5.060    3.965    0.590   -0.235
   186.40    5.060    3.965    0.590   -0.235
   186.50    5.060    3.960    0.590   -0.235
   186.60    5.060    3.960    0.590   -0.235
   186.70    5.060    3.960    0.590   -0.235
   186.80    5.060    3.960    0.590   -0.235
   186.90    5.060    3.960    0.590   -0.235
   187.00    5.060    3.960    0.590   -0.235
   187.10    5.060    3.960    0.590   -0.235
   187.20    5.060    3.960    0.590   -0.235
   187.30    5.060    3.960    0.590   -0.235
   187.40    5.060    3.960    0.590   -0.235
   187.50    5.060    3.960    0.590   -0.235
   187.60    5.060    3.960    0.590   -0.235
   187.70    5.060    3.960    0.590   -0.235
   187.80    5.060    3.960    0.590   -0.235
   187.90    5.060    3.960    0.590   -0.235
   188.00    5.060    3.960    0.590   -0.235
   188.10    5.060    3.960    0.590   -0.235
   188.20    5.060    3.960    0.590   -0.235
   188.30    5.060    3.960    0.590   -0.235
   188.40    5.060    3.955    0.590   -0.235
   188.50    5.060    3.955    0.590   -0.235
   188.60    5.060    3.955    0.590   -0.235
   188.70    5.060    3.955    0.590   -0.235
   188.80    5.060    3.960    0.590   -0.235
   188.90    5.060    3.960    0.590   -0.235
   189.00    5.060    3.960    0.590   -0.235
   189.10    5.060    3.960    0.590   -0.235
   189.20    5.060    3.960    0.590   -0.235
   189.30    5.060    3.960    0.590   -0.235
   189.40    5.060    3.960    0.590   -0.235
   189.50    5.060    3.960    0.590   -0.235
   189.60    5.060    3.960    0.590   -0.235
   189.70    5.060    3.960    0.590   -0.235
   189.80    5.060    3.960    0.590   -0.235
   189.90    5.060    3.955    0.590   -0.235
   190.00    5.060    3.955    0.590   -0.235
   190.10    5.060    3.955    0.590   -0.235
   190.20    5.060    3.955    0.590   -0.235
   190.30    5.060    3.955    0.590   -0.235
   190.40    5.060    3.955    0.590   -0.235
   190.50    5.060    3.955    0.590   -0.235
   190.60    5.060    3.955    0.590   -0.235
   190.70    5.060    3.955    0.590   -0.235
   190.80    5.060    3.955    0.590   -0.235
   190.90    5.060    3.955    0.590   -0.235
   191.00    5.060    3.955    0.590   -0.235
   191.10    5.060    3.955    0.590   -0.235
   191.20    5.060    3.955    0.590   -0.235
   191.30    5.060    3.960    0.590   -0.235
   191.40    5.060    3.960    0.590   -0.235
   191.50    5.060    3.960    0.590   -0.235
   191.60    5.060    3.960    0.590   -0.235
   191.70    5.060    3.960    0.590   -0.235
   191.80    5.060    3.960    0.590   -0.235
   191.90    5.060    3.960    0.590   -0.235
   192.00    5.060    3.960    0.590   -0.235
   192.10    5.060    3.955    0.590   -0.235
   192.20    5.060    3.955    0.590   -0.235
   192.30    5.060    3.955    0.590   -0.235
   192.40    5.060    3.960    0.590   -0.235
   192.50    5.060    3.960    0.590   -0.235
   192.60    5.060    3.960    0.590   -0.235
   192.70    5.060    3.960    0.590   -0.235
   192.80    5.060    3.960    0.590   -0.235
   192.90    5.060    3.960    0.590   -0.235
   193.00    5.060    3.960    0.590   -0.235
   193.10    5.060    3.960    0.590   -0.235
   193.20    5.060    3.960    0.590   -0.235
   193.30    5.060    3.960    0.590   -0.235
   193.40    5.060    3.955    0.590   -0.235
   193.50    5.060    3.955    0.590   -0.235
   193.60    5.060    3.955    0.590   -0.235
   193.70    5.060    3.960    0.590   -0.235
   193.80    5.060    3.960    0.590   -0.235
   193.90    5.060    3.960    0.590   -0.235
   194.00    5.060    3.960    0.590   -0.235
   194.10    5.060    3.960    0.590   -0.235
   194.20    5.060    3.960    0.590   -0.235
   194.30    5.060    3.960    0.590   -0.235
   194.40    5.060    3.960    0.590   -0.235
   194.50    5.060    3.960    0.590   -0.235
   194.60    5.060    3.960    0.590   -0.235
   194.70    5.060    3.960    0.590   -0.235
   194.80    5.060    3.960    0.590   -0.235
   194.90    5.060    3.960    0.590   -0.235
   195.00    5.060    3.960    0.590   -0.235
   195.10    5.060    3.960    0.590   -0.235
   195.20    5.060    3.960    0.590   -0.235
   195.30    5.060    3.960    0.590   -0.235
   195.40    5.060    3.960    0.590   -0.235
   195.50    5.060    3.960    0.590   -0.235
   195.60    5.060    3.960    0.590   -0.235
   195.70    5.060    3.955    0.590   -0.235
   195.80    5.060    3.955    0.590   -0.235
   195.90    5.060    3.955    0.590   -0.235
   196.00    5.060    3.955    0.590   -0.235
   196.10    5.060    3.955    0.590   -0.235
   196.20    5.060    3.955    0.590   -0.235
   196.30    5.060    3.960    0.590   -0.235
   196.40    5.060    3.960    0.590   -0.235
   196.50    5.060    3.960    0.590   -0.235
   196.60    5.060    3.960    0.590   -0.235
   196.70    5.060    3.960    0.590   -0.235
   196.80    5.060    3.960    0.590   -0.235
   196.90    5.060    3.955    0.590   -0.235
   197.00    5.060    3.955    0.590   -0.235
   197.10    5.060    3.955    0.590   -0.235
   197.20    5.060    3.955    0.590   -0.235
   197.30    5.060    3.955    0.590   -0.235
   197.40    5.060    3.960    0.590   -0.235
   197.50    5.060    3.960    0.590   -0.235
   197.60    5.060    3.960    0.590   -0.235
   197.70    5.060    3.960    0.590   -0.235
   197.80    5.060    3.960    0.590   -0.235
   197.90    5.060    3.960    0.590   -0.235
   198.00    5.060    3.955    0.590   -0.235
   198.10    5.060    3.955    0.590   -0.235
   198.20    5.060    3.955    0.590   -0.235
   198.30    5.060    3.955    0.590   -0.235
   198.40    5.060    3.955    0.590   -0.235
   198.50    5.060    3.955    0.590   -0.235
   198.60    5.060    3.955    0.590   -0.235
   198.70    5.060    3.955    0.590   -0.235
   198.80    5.060    3.955    0.590   -0.235
   198.90    5.060    3.955    0.590   -0.235
   199.00    5.060    3.955    0.590   -0.235
   199.10    5.060    3.955    0.590   -0.235
   199.20    5.060    3.955    0.590   -0.235
   199.30    5.060    3.955    0.590   -0.235
   199.40    5.060    3.955    0.590   -0.235
   199.50    5.060    3.955    0.590   -0.235
   199.60    5.060    3.955    0.590   -0.235
   199.70    5.060    3.955    0.590   -0.235
   199.80    5.060    3.955    0.590   -0.235
   199.90    5.060    3.955    0.590   -0.235
   200.00    5.060    3.955    0.590   -0.235
   200.10    5.060    3.955    0.590   -0.235
   200.20    5.060    3.955    0.590   -0.235
   200.30    5.060    3.955    0.590   -0.235
   200.40    5.060    3.955    0.590   -0.235
   200.50    5.060    3.955    0.590   -0.235
   200.60    5.060    3.955    0.590   -0.235
   200.70    5.060    3.955    0.590   -0.235
   200.80    5.060    3.960    0.590   -0.235
   200.90    5.060    3.960    0.590   -0.235
   201.00    5.060    3.960    0.590   -0.235
   201.10    5.060    3.960    0.590   -0.235
   201.20    5.060    3.960    0.590   -0.235
   201.30    5.060    3.960    0.590   -0.235
   201.40    5.060    3.960    0.590   -0.235
   201.50    5.060    3.960    0.590   -0.235
   201.60    5.060    3.960    0.590   -0.235
   201.70    5.060    3.960    0.590   -0.235
   201.80    5.060    3.960    0.590   -0.235
   201.90    5.060    3.960    0.590   -0.235
   202.00    5.060    3.960    0.590   -0.235
   202.10    5.060    3.960    0.590   -0.235
   202.20    5.060    3.960    0.590   -0.235
   202.30    5.060    3.960    0.590   -0.235
   202.40    5.060    3.960    0.590   -0.235
   202.50    5.060    3.960    0.590   -0.235
   202.60    5.060    3.960    0.590   -0.235
   202.70    5.060    3.955    0.590   -0.235
   202.80    5.060    3.955    0.590   -0.235
   202.90    5.060    3.955    0.590   -0.235
   203.00    5.060    3.955    0.590   -0.235
   203.10    5.060    3.955    0.590   -0.235
   203.20    5.060    3.955    0.590   -0.235
   203.30    5.060    3.955    0.590   -0.235
   203.40    5.060    3.955    0.590   -0.235
   203.50    5.060    3.955    0.590   -0.235
   203.60    5.060    3.955    0.590   -0.235
   203.70    5.060    3.955    0.590   -0.235
   203.80    5.060    3.955    0.590   -0.235
   203.90    5.060    3.955    0.590   -0.235
   204.00    5.060    3.955    0.590   -0.235
   204.10    5.060    3.955    0.590   -0.235
   204.20    5.060    3.955    0.590   -0.235
   204.30    5.060    3.955    0.590   -0.235
   204.40    5.060    3.955    0.590   -0.235
   204.50    5.060    3.955    0.590   -0.235
   204.60    5.060    3.955    0.590   -0.235
   204.70    5.060    3.955    0.590   -0.235
   204.80    5.060    3.955    0.590   -0.235
   204.90    5.060    3.955    0.590   -0.235
   205.00    5.060    3.955    0.590   -0.235
   205.10    5.060    3.960    0.590   -0.235
   205.20    5.060    3.960    0.590   -0.235
   205.30    5.060    3.960    0.590   -0.235
   205.40    5.060    3.960    0.590   -0.235
   205.50    5.060    3.955    0.590   -0.235
   205.60    5.060    3.960    0.590   -0.235
   205.70    5.060    3.955    0.590   -0.235
   205.80    5.060    3.955    0.590   -0.235
   205.90    5.060    3.955    0.590   -0.235
   206.00    5.060    3.955    0.590   -0.235
   206.10    5.060    3.955    0.590   -0.235
   206.20    5.060    3.955    0.590   -0.235
   206.30    5.060    3.955    0.590   -0.235
   206.40    5.060    3.955    0.590   -0.235
   206.50    5.060    3.960    0.590   -0.235
   206.60    5.060    3.960    0.590   -0.235
   206.70    5.060    3.960    0.590   -0.235
   206.80    5.060    3.960    0.590   -0.235
   206.90    5.060    3.960    0.590   -0.235
   207.00    5.060    3.960    0.590   -0.235
   207.10    5.060    3.960    0.590   -0.235
   207.20    5.060    3.960    0.590   -0.235
   207.30    5.060    3.960    0.590   -0.235
   207.40    5.060    3.960    0.590   -0.235
   207.50    5.060    3.960    0.590   -0.235
   207.60    5.060    3.960    0.590   -0.235
   207.70    5.060    3.955    0.590   -0.235
   207.80    5.060    3.955    0.590   -0.235
   207.90    5.060    3.955    0.590   -0.235
   208.00    5.060    3.955    0.590   -0.235
   208.10    5.060    3.955    0.590   -0.235
   208.20    5.060    3.955    0.590   -0.235
   208.30    5.060    3.955    0.590   -0.235
   208.40    5.060    3.955    0.590   -0.235
   208.50    5.060    3.960    0.590   -0.235
   208.60    5.060    3.960    0.590   -0.235
   208.70    5.060    3.960    0.590   -0.235
   208.80    5.060    3.960    0.590   -0.235
   208.90    5.060    3.960    0.590   -0.235
   209.00    5.060    3.960    0.590   -0.235
   209.10    5.060    3.960    0.590   -0.235
   209.20    5.060    3.960    0.590   -0.235
   209.30    5.060    3.960    0.590   -0.235
   209.40    5.060    3.960    0.590   -0.235
   209.50    5.060    3.960    0.590   -0.235
   209.60    5.060    3.960    0.590   -0.235
   209.70    5.060    3.960    0.590   -0.235
   209.80    5.060    3.960    0.590   -0.235
   209.90    5.060    3.960    0.590   -0.235
   210.00    5.060    3.955    0.590   -0.235
   210.10    5.060    3.955    0.590   -0.235
   210.20    5.060    3.960    0.590   -0.235
   210.30    5.060    3.960    0.590   -0.235
   210.40    5.060    3.960    0.590   -0.235
   210.50    5.060    3.960    0.590   -0.235
   210.60    5.060    3.960    0.590   -0.235
   210.70    5.060    3.960    0.590   -0.235
   210.80    5.060    3.960    0.590   -0.235
   210.90    5.060    3.965    0.590   -0.235
   211.00    5.060    3.960    0.590   -0.235
   211.10    5.060    3.960    0.590   -0.235
   211.20    5.060    3.960    0.590   -0.235
   211.30    5.060    3.960    0.590   -0.235
   211.40    5.060    3.960    0.590   -0.235
   211.50    5.060    3.960    0.590   -0.235
   211.60    5.060    3.960    0.590   -0.235
   211.70    5.060    3.960    0.590   -0.235
   211.80    5.060    3.965    0.590   -0.235
   211.90    5.060    3.965    0.590   -0.235
   212.00    5.060    3.965    0.590   -0.235
   212.10    5.060    3.965    0.590   -0.235
   212.20    5.060    3.965    0.590   -0.235
   212.30    5.060    3.965    0.590   -0.235
   212.40    5.060    3.965    0.590   -0.235
   212.50    5.060    3.965    0.590   -0.235
   212.60    5.060    3.965    0.590   -0.235
   212.70    5.060    3.960    0.590   -0.235
   212.80    5.060    3.960    0.590   -0.235
   212.90    5.060    3.960    0.590   -0.235
   213.00    5.060    3.960    0.590   -0.235
   213.10    5.060    3.960    0.590   -0.235
   213.20    5.060    3.960    0.590   -0.235
   213.30    5.060    3.960    0.590   -0.235
   213.40    5.060    3.960    0.590   -0.235
   213.50    5.060    3.960    0.590   -0.235
   213.60    5.060    3.960    0.590   -0.235
   213.70    5.060    3.960    0.590   -0.235
   213.80    5.060    3.960    0.590   -0.235
   213.90    5.060    3.960    0.590   -0.235
   214.00    5.060    3.960    0.590   -0.235
   214.10    5.060    3.960    0.590   -0.235
   214.20    5.060    3.960    0.590   -0.235
   214.30    5.060    3.965    0.590   -0.235
   214.40    5.060    3.965    0.590   -0.235
   214.50    5.060    3.965    0.590   -0.235
   214.60    5.060    3.960    0.590   -0.235
   214.70    5.060    3.960    0.590   -0.235
   214.80    5.060    3.965    0.590   -0.235
   214.90    5.060    3.965    0.590   -0.235
   215.00    5.060    3.965    0.590   -0.235
   215.10    5.060    3.965    0.590   -0.235
   215.20    5.060    3.965    0.590   -0.235
   215.30    5.060    3.965    0.590   -0.235
   215.40    5.060    3.970    0.590   -0.235
   215.50    5.060    3.965    0.590   -0.235
   215.60    5.060    3.965    0.590   -0.235
   215.70    5.060    3.965    0.590   -0.235
   215.80    5.060    3.965    0.590   -0.235
   215.90    5.060    3.965    0.590   -0.235
   216.00    5.060    3.965    0.590   -0.235
   216.10    5.060    3.965    0.590   -0.235
   216.20    5.060    3.965    0.590   -0.235
   216.30    5.060    3.965    0.590   -0.235
   216.40    5.060    3.965    0.590   -0.235
   216.50    5.060    3.965    0.590   -0.235
   216.60    5.060    3.965    0.590   -0.235
   216.70    5.060    3.965    0.590   -0.235
   216.80    0.000    0.000    0.000    0.000

