Data export from TecQuipment CE2000

Data series 1

    Time Func. Gen. position  pos ref motor i/p 
     0.00    5.000    0.150    0.195   -0.010
     0.10    5.000    0.160    0.195    3.775
     0.20    5.000    0.205    0.195    4.000
     0.30    5.000    0.295    0.195    4.005
     0.40    5.000    0.425    0.195    4.000
     0.50    5.000    0.590    0.195    4.005
     0.60    5.000    0.800    0.195    4.005
     0.70    5.000    1.040    0.195    4.005
     0.80    5.000    1.315    0.195    4.005
     0.90    5.000    1.615    0.195    4.005
     1.00    5.000    1.950    0.195    4.000
     1.10    5.000    2.310    0.195    4.005
     1.20    5.000    2.690    0.195    4.005
     1.30    5.000    3.095    0.195    4.005
     1.40    5.000    3.525    0.195    4.000
     1.50    5.000    3.970    0.195    4.005
     1.60    5.000    4.440    0.200    4.005
     1.70    5.000    4.925    0.200    3.635
     1.80    5.000    5.410    0.200    1.365
     1.90    5.000    5.880    0.200   -0.980
     2.00    5.000    6.295    0.200   -3.230
     2.10    5.000    6.625    0.195   -4.020
     2.20    5.000    6.865    0.195   -4.050
     2.30    5.000    7.020    0.195   -4.055
     2.40    5.000    7.090    0.195   -4.055
     2.50    5.000    7.085    0.195   -4.050
     2.60    5.000    7.030    0.195   -4.050
     2.70    5.000    6.930    0.195   -4.050
     2.80    5.000    6.780    0.195   -4.050
     2.90    5.000    6.595    0.195   -4.050
     3.00    5.000    6.375    0.195   -4.050
     3.10    5.000    6.120    0.190   -4.050
     3.20    5.000    5.835    0.195   -4.050
     3.30    5.000    5.520    0.190   -3.120
     3.40    5.000    5.195    0.190   -1.635
     3.50    5.000    4.880    0.190   -0.070
     3.60    5.000    4.590    0.190    1.455
     3.70    5.000    4.350    0.190    2.860
     3.80    5.000    4.175    0.195    3.955
     3.90    5.000    4.085    0.195    4.000
     4.00    5.000    4.065    0.195    4.005
     4.10    5.000    4.100    0.195    4.000
     4.20    5.000    4.185    0.195    4.005
     4.30    5.000    4.310    0.195    4.005
     4.40    5.000    4.470    0.195    4.000
     4.50    5.000    4.675    0.195    3.500
     4.60    5.000    4.900    0.195    2.525
     4.70    5.000    5.135    0.195    1.440
     4.80    5.000    5.365    0.195    0.305
     4.90    5.000    5.580    0.195   -0.810
     5.00    5.000    5.755    0.195   -1.840
     5.10    5.000    5.875    0.195   -2.695
     5.20    5.000    5.945    0.195   -3.280
     5.30    5.000    5.965    0.195   -3.620
     5.40    5.000    5.935    0.195   -3.720
     5.50    5.000    5.860    0.195   -3.580
     5.60    5.000    5.745    0.195   -3.230
     5.70    5.000    5.605    0.195   -2.680
     5.80    5.000    5.445    0.195   -2.000
     5.90    5.000    5.275    0.195   -1.230
     6.00    5.000    5.115    0.195   -0.410
     6.10    5.000    4.965    0.190    0.365
     6.20    5.000    4.840    0.195    1.055
     6.30    5.000    4.750    0.195    1.685
     6.40    5.000    4.705    0.195    2.125
     6.50    5.000    4.695    0.195    2.355
     6.60    5.000    4.700    0.195    2.405
     6.70    5.000    4.750    0.195    2.380
     6.80    5.000    4.820    0.195    2.145
     6.90    5.000    4.905    0.195    1.810
     7.00    5.000    4.995    0.195    1.400
     7.10    5.000    5.085    0.195    0.965
     7.20    5.000    5.175    0.195    0.530
     7.30    5.000    5.255    0.195    0.095
     7.40    5.000    5.325    0.195   -0.285
     7.50    5.000    5.375    0.195   -0.625
     7.60    5.000    5.405    0.195   -0.875
     7.70    5.000    5.410    0.195   -1.015
     7.80    5.000    5.405    0.195   -1.045
     7.90    5.000    5.400    0.195   -1.025
     8.00    5.000    5.390    0.195   -1.000
     8.10    5.000    5.375    0.195   -0.950
     8.20    5.000    5.365    0.195   -0.880
     8.30    5.000    5.355    0.195   -0.830
     8.40    5.000    5.345    0.195   -0.785
     8.50    5.000    5.335    0.195   -0.735
     8.60    5.000    5.330    0.195   -0.685
     8.70    5.000    5.330    0.195   -0.660
     8.80    5.000    5.330    0.195   -0.660
     8.90    5.000    5.330    0.195   -0.660
     9.00    5.000    5.330    0.195   -0.660
     9.10    5.000    5.330    0.195   -0.660
     9.20    5.000    5.330    0.195   -0.660
     9.30    5.000    5.330    0.195   -0.660
     9.40    5.000    5.330    0.195   -0.660
     9.50    5.000    5.330    0.195   -0.660
     9.60    5.000    5.330    0.195   -0.660
     9.70    5.000    5.330    0.195   -0.660
     9.80    5.000    5.330    0.195   -0.660
     9.90    5.000    5.330    0.195   -0.660
    10.00   -5.000    5.330    0.195   -0.660
    10.10   -5.000    5.320    0.195   -3.910
    10.20   -5.000    5.275    0.195   -4.050
    10.30   -5.000    5.190    0.195   -4.050
    10.40   -5.000    5.065    0.195   -4.055
    10.50   -5.000    4.895    0.190   -4.050
    10.60   -5.000    4.685    0.190   -4.055
    10.70   -5.000    4.445    0.190   -4.050
    10.80   -5.000    4.170    0.190   -4.055
    10.90   -5.000    3.865    0.190   -4.050
    11.00   -5.000    3.530    0.190   -4.050
    11.10   -5.000    3.170    0.190   -4.050
    11.20   -5.000    2.785    0.190   -4.055
    11.30   -5.000    2.380    0.190   -4.050
    11.40   -5.000    1.945    0.190   -4.050
    11.50   -5.000    1.495    0.190   -4.055
    11.60   -5.000    1.025    0.190   -4.055
    11.70   -5.000    0.535    0.190   -4.050
    11.80   -5.000    0.035    0.190   -4.055
    11.90   -5.000   -0.485    0.190   -4.050
    12.00   -5.000   -1.020    0.190   -4.055
    12.10   -5.000   -1.565    0.190   -4.050
    12.20   -5.000   -2.125    0.190   -4.055
    12.30   -5.000   -2.695    0.190   -4.050
    12.40   -5.000   -3.280    0.190   -4.055
    12.50   -5.000   -3.870    0.190   -4.055
    12.60   -5.000   -4.465    0.190   -4.055
    12.70   -5.000   -5.070    0.190   -1.715
    12.80   -5.000   -5.645    0.190    1.190
    12.90   -5.000   -6.155    0.190    3.880
    13.00   -5.000   -6.570    0.190    4.000
    13.10   -5.000   -6.890    0.195    4.000
    13.20   -5.000   -7.115    0.195    4.005
    13.30   -5.000   -7.255    0.195    4.005
    13.40   -5.000   -7.315    0.195    4.000
    13.50   -5.000   -7.320    0.195    4.005
    13.60   -5.000   -7.265    0.195    4.000
    13.70   -5.000   -7.160    0.195    4.000
    13.80   -5.000   -7.015    0.195    4.000
    13.90   -5.000   -6.835    0.200    4.005
    14.00   -5.000   -6.615    0.195    4.005
    14.10   -5.000   -6.360    0.200    4.005
    14.20   -5.000   -6.075    0.200    4.005
    14.30   -5.000   -5.765    0.200    4.005
    14.40   -5.000   -5.420    0.200    4.005
    14.50   -5.000   -5.055    0.200    3.000
    14.60   -5.000   -4.685    0.200    1.255
    14.70   -5.000   -4.325    0.200   -0.530
    14.80   -5.000   -4.010    0.200   -2.255
    14.90   -5.000   -3.755    0.195   -3.785
    15.00   -5.000   -3.585    0.195   -4.045
    15.10   -5.000   -3.495    0.195   -4.050
    15.20   -5.000   -3.480    0.195   -4.055
    15.30   -5.000   -3.520    0.195   -4.055
    15.40   -5.000   -3.605    0.195   -4.055
    15.50   -5.000   -3.735    0.195   -4.055
    15.60   -5.000   -3.910    0.195   -4.050
    15.70   -5.000   -4.115    0.195   -4.055
    15.80   -5.000   -4.355    0.195   -3.350
    15.90   -5.000   -4.615    0.195   -2.205
    16.00   -5.000   -4.880    0.195   -0.960
    16.10   -5.000   -5.130    0.195    0.320
    16.20   -5.000   -5.350    0.195    1.530
    16.30   -5.000   -5.520    0.195    2.600
    16.40   -5.000   -5.635    0.195    3.425
    16.50   -5.000   -5.680    0.195    3.985
    16.60   -5.000   -5.665    0.195    4.005
    16.70   -5.000   -5.595    0.195    4.000
    16.80   -5.000   -5.485    0.195    3.805
    16.90   -5.000   -5.340    0.200    3.285
    17.00   -5.000   -5.160    0.195    2.610
    17.10   -5.000   -4.970    0.200    1.720
    17.20   -5.000   -4.780    0.195    0.835
    17.30   -5.000   -4.595    0.200   -0.105
    17.40   -5.000   -4.435    0.195   -0.975
    17.50   -5.000   -4.315    0.195   -1.775
    17.60   -5.000   -4.235    0.195   -2.365
    17.70   -5.000   -4.210    0.195   -2.755
    17.80   -5.000   -4.225    0.195   -2.880
    17.90   -5.000   -4.270    0.195   -2.815
    18.00   -5.000   -4.345    0.195   -2.600
    18.10   -5.000   -4.445    0.195   -2.240
    18.20   -5.000   -4.560    0.195   -1.755
    18.30   -5.000   -4.675    0.195   -1.200
    18.40   -5.000   -4.795    0.195   -0.650
    18.50   -5.000   -4.900    0.195   -0.070
    18.60   -5.000   -4.995    0.195    0.440
    18.70   -5.000   -5.065    0.195    0.900
    18.80   -5.000   -5.105    0.195    1.240
    18.90   -5.000   -5.125    0.195    1.440
    19.00   -5.000   -5.115    0.195    1.535
    19.10   -5.000   -5.095    0.195    1.490
    19.20   -5.000   -5.075    0.195    1.395
    19.30   -5.000   -5.045    0.195    1.300
    19.40   -5.000   -5.010    0.195    1.150
    19.50   -5.000   -4.975    0.195    0.985
    19.60   -5.000   -4.940    0.195    0.815
    19.70   -5.000   -4.905    0.195    0.645
    19.80   -5.000   -4.875    0.195    0.475
    19.90   -5.000   -4.850    0.195    0.330
    20.00    5.000   -4.830    0.195    0.210
    20.10    5.000   -4.810    0.195    3.860
    20.20    5.000   -4.755    0.195    4.005
    20.30    5.000   -4.650    0.195    4.005
    20.40    5.000   -4.510    0.200    4.005
    20.50    5.000   -4.325    0.195    4.005
    20.60    5.000   -4.110    0.200    4.000
    20.70    5.000   -3.855    0.200    4.005
    20.80    5.000   -3.570    0.200    4.005
    20.90    5.000   -3.255    0.200    4.005
    21.00    5.000   -2.915    0.200    4.005
    21.10    5.000   -2.545    0.200    4.005
    21.20    5.000   -2.155    0.195    4.005
    21.30    5.000   -1.740    0.195    4.005
    21.40    5.000   -1.305    0.195    4.005
    21.50    5.000   -0.850    0.195    4.005
    21.60    5.000   -0.375    0.195    4.005
    21.70    5.000    0.110    0.195    4.005
    21.80    5.000    0.620    0.195    4.005
    21.90    5.000    1.140    0.195    4.005
    22.00    5.000    1.680    0.195    4.005
    22.10    5.000    2.230    0.195    4.005
    22.20    5.000    2.790    0.195    4.005
    22.30    5.000    3.360    0.195    4.005
    22.40    5.000    3.945    0.200    4.005
    22.50    5.000    4.540    0.200    4.005
    22.60    5.000    5.140    0.200    3.155
    22.70    5.000    5.735    0.200    0.360
    22.80    5.000    6.285    0.200   -2.520
    22.90    5.000    6.755    0.200   -3.995
    23.00    5.000    7.125    0.200   -4.055
    23.10    5.000    7.400    0.195   -4.055
    23.20    5.000    7.585    0.195   -4.050
    23.30    5.000    7.685    0.195   -4.055
    23.40    5.000    7.715    0.195   -4.055
    23.50    5.000    7.690    0.195   -4.055
    23.60    5.000    7.600    0.195   -4.055
    23.70    5.000    7.470    0.195   -4.055
    23.80    5.000    7.300    0.195   -4.055
    23.90    5.000    7.095    0.195   -4.055
    24.00    5.000    6.850    0.190   -4.055
    24.10    5.000    6.575    0.195   -4.055
    24.20    5.000    6.270    0.190   -4.055
    24.30    5.000    5.935    0.190   -4.055
    24.40    5.000    5.580    0.190   -3.595
    24.50    5.000    5.205    0.190   -1.940
    24.60    5.000    4.835    0.190   -0.125
    24.70    5.000    4.500    0.190    1.655
    24.80    5.000    4.220    0.190    3.285
    24.90    5.000    4.010    0.190    3.980
    25.00    5.000    3.885    0.195    4.005
    25.10    5.000    3.835    0.195    4.005
    25.20    5.000    3.835    0.195    4.005
    25.30    5.000    3.900    0.195    4.005
    25.40    5.000    4.015    0.195    4.005
    25.50    5.000    4.170    0.195    4.005
    25.60    5.000    4.360    0.195    4.005
    25.70    5.000    4.590    0.195    4.000
    25.80    5.000    4.850    0.195    2.940
    25.90    5.000    5.120    0.195    1.685
    26.00    5.000    5.390    0.195    0.380
    26.10    5.000    5.640    0.195   -0.925
    26.20    5.000    5.845    0.195   -2.135
    26.30    5.000    6.000    0.195   -3.120
    26.40    5.000    6.090    0.195   -3.875
    26.50    5.000    6.105    0.195   -4.045
    26.60    5.000    6.065    0.195   -4.055
    26.70    5.000    5.980    0.195   -4.055
    26.80    5.000    5.850    0.195   -3.800
    26.90    5.000    5.690    0.195   -3.190
    27.00    5.000    5.500    0.195   -2.420
    27.10    5.000    5.300    0.190   -1.505
    27.20    5.000    5.105    0.190   -0.560
    27.30    5.000    4.925    0.195    0.380
    27.40    5.000    4.765    0.195    1.280
    27.50    5.000    4.650    0.195    2.045
    27.60    5.000    4.580    0.195    2.610
    27.70    5.000    4.555    0.195    2.955
    27.80    5.000    4.560    0.195    3.075
    27.90    5.000    4.620    0.195    3.055
    28.00    5.000    4.710    0.195    2.775
    28.10    5.000    4.825    0.195    2.340
    28.20    5.000    4.950    0.195    1.790
    28.30    5.000    5.085    0.195    1.190
    28.40    5.000    5.215    0.195    0.540
    28.50    5.000    5.335    0.195   -0.090
    28.60    5.000    5.440    0.195   -0.670
    28.70    5.000    5.515    0.195   -1.180
    28.80    5.000    5.555    0.195   -1.540
    28.90    5.000    5.560    0.195   -1.745
    29.00    5.000    5.550    0.195   -1.770
    29.10    5.000    5.515    0.195   -1.725
    29.20    5.000    5.475    0.195   -1.555
    29.30    5.000    5.425    0.195   -1.360
    29.40    5.000    5.370    0.195   -1.125
    29.50    5.000    5.310    0.195   -0.860
    29.60    5.000    5.255    0.195   -0.570
    29.70    5.000    5.205    0.195   -0.305
    29.80    5.000    5.165    0.195   -0.060
    29.90    5.000    5.140    0.195    0.135
    30.00   -5.000    5.130    0.195    0.250
    30.10   -5.000    5.115    0.195   -3.865
    30.20   -5.000    5.075    0.195   -4.055
    30.30   -5.000    4.985    0.195   -4.055
    30.40   -5.000    4.850    0.195   -4.055
    30.50   -5.000    4.680    0.190   -4.055
    30.60   -5.000    4.465    0.190   -4.055
    30.70   -5.000    4.220    0.190   -4.055
    30.80   -5.000    3.945    0.190   -4.055
    30.90   -5.000    3.635    0.190   -4.055
    31.00   -5.000    3.300    0.190   -4.055
    31.10   -5.000    2.935    0.190   -4.055
    31.20   -5.000    2.545    0.190   -4.055
    31.30   -5.000    2.135    0.190   -4.055
    31.40   -5.000    1.700    0.190   -4.055
    31.50   -5.000    1.245    0.190   -4.055
    31.60   -5.000    0.775    0.190   -4.055
    31.70   -5.000    0.280    0.190   -4.055
    31.80   -5.000   -0.225    0.190   -4.055
    31.90   -5.000   -0.750    0.190   -4.055
    32.00   -5.000   -1.285    0.190   -4.055
    32.10   -5.000   -1.835    0.190   -4.055
    32.20   -5.000   -2.395    0.190   -4.055
    32.30   -5.000   -2.970    0.190   -4.055
    32.40   -5.000   -3.550    0.190   -4.055
    32.50   -5.000   -4.145    0.190   -4.055
    32.60   -5.000   -4.745    0.190   -3.205
    32.70   -5.000   -5.335    0.190   -0.390
    32.80   -5.000   -5.885    0.190    2.460
    32.90   -5.000   -6.355    0.190    3.950
    33.00   -5.000   -6.730    0.195    4.005
    33.10   -5.000   -7.005    0.195    4.005
    33.20   -5.000   -7.195    0.195    4.005
    33.30   -5.000   -7.305    0.195    4.005
    33.40   -5.000   -7.340    0.195    4.005
    33.50   -5.000   -7.325    0.195    4.005
    33.60   -5.000   -7.250    0.195    4.005
    33.70   -5.000   -7.130    0.195    4.005
    33.80   -5.000   -6.975    0.195    4.005
    33.90   -5.000   -6.780    0.200    4.005
    34.00   -5.000   -6.550    0.200    4.005
    34.10   -5.000   -6.285    0.200    4.005
    34.20   -5.000   -5.990    0.200    4.005
    34.30   -5.000   -5.665    0.200    4.005
    34.40   -5.000   -5.315    0.200    4.005
    34.50   -5.000   -4.945    0.200    2.515
    34.60   -5.000   -4.570    0.200    0.730
    34.70   -5.000   -4.220    0.200   -1.085
    34.80   -5.000   -3.915    0.200   -2.785
    34.90   -5.000   -3.685    0.195   -4.000
    35.00   -5.000   -3.535    0.195   -4.055
    35.10   -5.000   -3.465    0.195   -4.055
    35.20   -5.000   -3.465    0.195   -4.055
    35.30   -5.000   -3.520    0.195   -4.055
    35.40   -5.000   -3.620    0.195   -4.055
    35.50   -5.000   -3.760    0.195   -4.055
    35.60   -5.000   -3.940    0.195   -4.055
    35.70   -5.000   -4.155    0.195   -4.055
    35.80   -5.000   -4.405    0.195   -3.165
    35.90   -5.000   -4.670    0.195   -1.965
    36.00   -5.000   -4.935    0.195   -0.680
    36.10   -5.000   -5.180    0.195    0.585
    36.20   -5.000   -5.395    0.195    1.770
    36.30   -5.000   -5.560    0.195    2.820
    36.40   -5.000   -5.660    0.195    3.615
    36.50   -5.000   -5.695    0.195    3.990
    36.60   -5.000   -5.690    0.195    4.005
    36.70   -5.000   -5.620    0.195    4.005
    36.80   -5.000   -5.500    0.195    3.920
    36.90   -5.000   -5.345    0.195    3.360
    37.00   -5.000   -5.165    0.195    2.615
    37.10   -5.000   -4.965    0.200    1.745
    37.20   -5.000   -4.765    0.200    0.805
    37.30   -5.000   -4.580    0.200   -0.155
    37.40   -5.000   -4.415    0.195   -1.045
    37.50   -5.000   -4.285    0.195   -1.870
    37.60   -5.000   -4.205    0.195   -2.510
    37.70   -5.000   -4.170    0.195   -2.900
    37.80   -5.000   -4.170    0.195   -3.070
    37.90   -5.000   -4.210    0.195   -3.075
    38.00   -5.000   -4.285    0.195   -2.890
    38.10   -5.000   -4.390    0.195   -2.535
    38.20   -5.000   -4.510    0.195   -2.025
    38.30   -5.000   -4.645    0.195   -1.445
    38.40   -5.000   -4.775    0.195   -0.795
    38.50   -5.000   -4.900    0.195   -0.175
    38.60   -5.000   -5.010    0.195    0.435
    38.70   -5.000   -5.095    0.195    0.970
    38.80   -5.000   -5.150    0.195    1.380
    38.90   -5.000   -5.175    0.195    1.650
    39.00   -5.000   -5.180    0.195    1.770
    39.10   -5.000   -5.175    0.195    1.800
    39.20   -5.000   -5.140    0.195    1.775
    39.30   -5.000   -5.095    0.195    1.610
    39.40   -5.000   -5.045    0.195    1.395
    39.50   -5.000   -4.990    0.195    1.155
    39.60   -5.000   -4.930    0.195    0.890
    39.70   -5.000   -4.870    0.195    0.605
    39.80   -5.000   -4.815    0.195    0.310
    39.90   -5.000   -4.770    0.195    0.045
    40.00    5.000   -4.735    0.195   -0.175
    40.10    5.000   -4.705    0.195    3.835
    40.20    5.000   -4.640    0.200    4.005
    40.30    5.000   -4.530    0.200    4.005
    40.40    5.000   -4.385    0.195    4.005
    40.50    5.000   -4.200    0.195    4.005
    40.60    5.000   -3.975    0.200    4.005
    40.70    5.000   -3.720    0.195    4.005
    40.80    5.000   -3.430    0.200    4.005
    40.90    5.000   -3.110    0.195    4.005
    41.00    5.000   -2.765    0.195    4.005
    41.10    5.000   -2.395    0.195    4.005
    41.20    5.000   -2.000    0.200    4.005
    41.30    5.000   -1.585    0.195    4.005
    41.40    5.000   -1.145    0.195    4.005
    41.50    5.000   -0.685    0.195    4.005
    41.60    5.000   -0.205    0.195    4.005
    41.70    5.000    0.285    0.195    4.005
    41.80    5.000    0.795    0.195    4.005
    41.90    5.000    1.325    0.195    4.005
    42.00    5.000    1.865    0.195    4.005
    42.10    5.000    2.415    0.195    4.005
    42.20    5.000    2.980    0.195    4.005
    42.30    5.000    3.555    0.200    4.005
    42.40    5.000    4.145    0.200    4.005
    42.50    5.000    4.745    0.200    4.005
    42.60    5.000    5.345    0.200    2.210
    42.70    5.000    5.930    0.200   -0.655
    42.80    5.000    6.455    0.200   -3.455
    42.90    5.000    6.890    0.195   -4.035
    43.00    5.000    7.225    0.195   -4.055
    43.10    5.000    7.470    0.195   -4.055
    43.20    5.000    7.625    0.195   -4.055
    43.30    5.000    7.700    0.195   -4.055
    43.40    5.000    7.710    0.195   -4.055
    43.50    5.000    7.660    0.195   -4.055
    43.60    5.000    7.560    0.195   -4.055
    43.70    5.000    7.415    0.195   -4.055
    43.80    5.000    7.230    0.195   -4.055
    43.90    5.000    7.015    0.195   -4.055
    44.00    5.000    6.760    0.195   -4.055
    44.10    5.000    6.475    0.190   -4.055
    44.20    5.000    6.160    0.190   -4.055
    44.30    5.000    5.820    0.190   -4.055
    44.40    5.000    5.455    0.190   -3.065
    44.50    5.000    5.080    0.190   -1.325
    44.60    5.000    4.720    0.190    0.475
    44.70    5.000    4.400    0.190    2.215
    44.80    5.000    4.140    0.190    3.765
    44.90    5.000    3.960    0.190    3.995
    45.00    5.000    3.860    0.195    4.005
    45.10    5.000    3.830    0.195    4.005
    45.20    5.000    3.850    0.195    4.005
    45.30    5.000    3.935    0.195    4.005
    45.40    5.000    4.060    0.195    4.005
    45.50    5.000    4.230    0.195    4.005
    45.60    5.000    4.430    0.195    4.005
    45.70    5.000    4.670    0.195    3.675
    45.80    5.000    4.935    0.195    2.560
    45.90    5.000    5.205    0.195    1.280
    46.00    5.000    5.470    0.195   -0.025
    46.10    5.000    5.705    0.195   -1.305
    46.20    5.000    5.895    0.195   -2.450
    46.30    5.000    6.030    0.195   -3.370
    46.40    5.000    6.095    0.195   -4.020
    46.50    5.000    6.105    0.195   -4.055
    46.60    5.000    6.060    0.195   -4.055
    46.70    5.000    5.960    0.195   -4.055
    46.80    5.000    5.815    0.195   -3.705
    46.90    5.000    5.645    0.195   -3.015
    47.00    5.000    5.450    0.195   -2.205
    47.10    5.000    5.245    0.195   -1.265
    47.20    5.000    5.050    0.195   -0.270
    47.30    5.000    4.870    0.195    0.670
    47.40    5.000    4.720    0.195    1.540
    47.50    5.000    4.615    0.195    2.265
    47.60    5.000    4.555    0.195    2.785
    47.70    5.000    4.550    0.195    3.075
    47.80    5.000    4.585    0.195    3.105
    47.90    5.000    4.650    0.195    2.940
    48.00    5.000    4.750    0.195    2.630
    48.10    5.000    4.865    0.195    2.150
    48.20    5.000    4.990    0.195    1.595
    48.30    5.000    5.120    0.195    1.000
    48.40    5.000    5.250    0.195    0.370
    48.50    5.000    5.365    0.195   -0.255
    48.60    5.000    5.460    0.195   -0.820
    48.70    5.000    5.525    0.195   -1.280
    48.80    5.000    5.555    0.195   -1.595
    48.90    5.000    5.565    0.195   -1.740
    49.00    5.000    5.555    0.195   -1.790
    49.10    5.000    5.520    0.195   -1.750
    49.20    5.000    5.470    0.195   -1.580
    49.30    5.000    5.415    0.195   -1.340
    49.40    5.000    5.355    0.195   -1.075
    49.50    5.000    5.290    0.195   -0.790
    49.60    5.000    5.235    0.195   -0.475
    49.70    5.000    5.185    0.195   -0.210
    49.80    5.000    5.145    0.195    0.035
    49.90    5.000    5.120    0.195    0.230
    50.00   -5.000    5.110    0.195    0.350
    50.10   -5.000    5.100    0.195   -3.850
    50.20   -5.000    5.055    0.195   -4.055
    50.30   -5.000    4.970    0.195   -4.055
    50.40   -5.000    4.835    0.195   -4.055
    50.50   -5.000    4.660    0.195   -4.055
    50.60   -5.000    4.445    0.190   -4.055
    50.70   -5.000    4.200    0.190   -4.055
    50.80   -5.000    3.920    0.190   -4.055
    50.90   -5.000    3.615    0.190   -4.055
    51.00   -5.000    3.275    0.190   -4.055
    51.10   -5.000    2.910    0.190   -4.055
    51.20   -5.000    2.520    0.190   -4.055
    51.30   -5.000    2.110    0.190   -4.055
    51.40   -5.000    1.670    0.190   -4.055
    51.50   -5.000    1.215    0.190   -4.055
    51.60   -5.000    0.740    0.190   -4.055
    51.70   -5.000    0.250    0.190   -4.055
    51.80   -5.000   -0.260    0.190   -4.055
    51.90   -5.000   -0.785    0.190   -4.055
    52.00   -5.000   -1.320    0.190   -4.055
    52.10   -5.000   -1.875    0.190   -4.055
    52.20   -5.000   -2.435    0.190   -4.055
    52.30   -5.000   -3.010    0.190   -4.055
    52.40   -5.000   -3.595    0.190   -4.055
    52.50   -5.000   -4.190    0.190   -4.055
    52.60   -5.000   -4.795    0.190   -3.010
    52.70   -5.000   -5.385    0.190   -0.155
    52.80   -5.000   -5.930    0.190    2.695
    52.90   -5.000   -6.395    0.190    3.960
    53.00   -5.000   -6.760    0.195    4.005
    53.10   -5.000   -7.030    0.195    4.005
    53.20   -5.000   -7.215    0.195    4.005
    53.30   -5.000   -7.320    0.195    4.005
    53.40   -5.000   -7.345    0.195    4.005
    53.50   -5.000   -7.315    0.195    4.005
    53.60   -5.000   -7.235    0.195    4.005
    53.70   -5.000   -7.115    0.195    4.005
    53.80   -5.000   -6.955    0.195    4.005
    53.90   -5.000   -6.755    0.195    4.005
    54.00   -5.000   -6.525    0.200    4.005
    54.10   -5.000   -6.255    0.200    4.005
    54.20   -5.000   -5.960    0.200    4.005
    54.30   -5.000   -5.630    0.200    4.005
    54.40   -5.000   -5.280    0.200    3.970
    54.50   -5.000   -4.905    0.200    2.350
    54.60   -5.000   -4.530    0.200    0.540
    54.70   -5.000   -4.180    0.200   -1.275
    54.80   -5.000   -3.885    0.195   -2.970
    54.90   -5.000   -3.660    0.195   -4.020
    55.00   -5.000   -3.515    0.195   -4.055
    55.10   -5.000   -3.455    0.195   -4.055
    55.20   -5.000   -3.445    0.195   -4.055
    55.30   -5.000   -3.495    0.195   -4.055
    55.40   -5.000   -3.595    0.195   -4.055
    55.50   -5.000   -3.740    0.195   -4.055
    55.60   -5.000   -3.925    0.195   -4.055
    55.70   -5.000   -4.140    0.195   -4.055
    55.80   -5.000   -4.390    0.195   -3.235
    55.90   -5.000   -4.660    0.195   -2.040
    56.00   -5.000   -4.930    0.195   -0.735
    56.10   -5.000   -5.185    0.195    0.570
    56.20   -5.000   -5.400    0.195    1.790
    56.30   -5.000   -5.570    0.195    2.840
    56.40   -5.000   -5.675    0.195    3.660
    56.50   -5.000   -5.715    0.195    3.990
    56.60   -5.000   -5.705    0.195    4.005
    56.70   -5.000   -5.635    0.195    4.005
    56.80   -5.000   -5.515    0.195    3.990
    56.90   -5.000   -5.360    0.195    3.435
    57.00   -5.000   -5.175    0.200    2.690
    57.10   -5.000   -4.970    0.200    1.820
    57.20   -5.000   -4.765    0.200    0.830
    57.30   -5.000   -4.575    0.200   -0.160
    57.40   -5.000   -4.405    0.195   -1.065
    57.50   -5.000   -4.270    0.195   -1.920
    57.60   -5.000   -4.185    0.195   -2.580
    57.70   -5.000   -4.155    0.195   -2.995
    57.80   -5.000   -4.150    0.195   -3.140
    57.90   -5.000   -4.195    0.195   -3.170
    58.00   -5.000   -4.275    0.195   -2.965
    58.10   -5.000   -4.380    0.195   -2.580
    58.20   -5.000   -4.505    0.195   -2.075
    58.30   -5.000   -4.645    0.195   -1.470
    58.40   -5.000   -4.780    0.195   -0.800
    58.50   -5.000   -4.910    0.195   -0.145
    58.60   -5.000   -5.025    0.195    0.480
    58.70   -5.000   -5.115    0.195    1.040
    58.80   -5.000   -5.175    0.195    1.475
    58.90   -5.000   -5.195    0.195    1.770
    59.00   -5.000   -5.200    0.195    1.870
    59.10   -5.000   -5.185    0.195    1.895
    59.20   -5.000   -5.145    0.195    1.825
    59.30   -5.000   -5.095    0.195    1.635
    59.40   -5.000   -5.040    0.195    1.395
    59.50   -5.000   -4.975    0.195    1.135
    59.60   -5.000   -4.915    0.195    0.820
    59.70   -5.000   -4.855    0.195    0.530
    59.80   -5.000   -4.800    0.195    0.240
    59.90   -5.000   -4.750    0.195   -0.025
    60.00    5.000   -4.720    0.195   -0.270
    60.10    5.000   -4.690    0.195    3.820
    60.20    5.000   -4.625    0.195    4.005
    60.30    5.000   -4.520    0.200    4.005
    60.40    5.000   -4.370    0.195    4.005
    60.50    5.000   -4.185    0.195    4.005
    60.60    5.000   -3.965    0.200    4.005
    60.70    5.000   -3.710    0.200    4.005
    60.80    5.000   -3.420    0.200    4.005
    60.90    5.000   -3.105    0.195    4.005
    61.00    5.000   -2.760    0.200    4.005
    61.10    5.000   -2.390    0.195    4.005
    61.20    5.000   -1.995    0.200    4.005
    61.30    5.000   -1.580    0.195    4.005
    61.40    5.000   -1.140    0.195    4.005
    61.50    5.000   -0.680    0.195    4.005
    61.60    5.000   -0.205    0.195    4.005
    61.70    5.000    0.290    0.195    4.005
    61.80    5.000    0.800    0.195    4.005
    61.90    5.000    1.325    0.195    4.005
    62.00    5.000    1.865    0.200    4.005
    62.10    5.000    2.415    0.200    4.005
    62.20    5.000    2.980    0.195    4.005
    62.30    5.000    3.560    0.195    4.005
    62.40    5.000    4.145    0.200    4.005
    62.50    5.000    4.745    0.200    4.005
    62.60    5.000    5.345    0.200    2.210
    62.70    5.000    5.930    0.200   -0.650
    62.80    5.000    6.455    0.200   -3.475
    62.90    5.000    6.890    0.200   -4.035
    63.00    5.000    7.230    0.200   -4.055
    63.10    5.000    7.475    0.195   -4.055
    63.20    5.000    7.630    0.195   -4.055
    63.30    5.000    7.705    0.195   -4.055
    63.40    5.000    7.715    0.195   -4.055
    63.50    5.000    7.665    0.195   -4.055
    63.60    5.000    7.565    0.195   -4.055
    63.70    5.000    7.420    0.195   -4.055
    63.80    5.000    7.235    0.195   -4.055
    63.90    5.000    7.015    0.190   -4.055
    64.00    5.000    6.760    0.195   -4.055
    64.10    5.000    6.475    0.195   -4.055
    64.20    5.000    6.160    0.190   -4.055
    64.30    5.000    5.815    0.190   -4.055
    64.40    5.000    5.450    0.190   -3.045
    64.50    5.000    5.075    0.190   -1.300
    64.60    5.000    4.715    0.190    0.515
    64.70    5.000    4.390    0.190    2.235
    64.80    5.000    4.135    0.190    3.810
    64.90    5.000    3.955    0.195    4.000
    65.00    5.000    3.855    0.195    4.005
    65.10    5.000    3.835    0.195    4.005
    65.20    5.000    3.850    0.195    4.005
    65.30    5.000    3.935    0.195    4.005
    65.40    5.000    4.065    0.195    4.005
    65.50    5.000    4.230    0.195    4.005
    65.60    5.000    4.435    0.195    4.005
    65.70    5.000    4.675    0.195    3.650
    65.80    5.000    4.945    0.195    2.525
    65.90    5.000    5.215    0.195    1.235
    66.00    5.000    5.480    0.195   -0.075
    66.10    5.000    5.715    0.195   -1.355
    66.20    5.000    5.905    0.195   -2.495
    66.30    5.000    6.040    0.195   -3.415
    66.40    5.000    6.105    0.195   -4.030
    66.50    5.000    6.100    0.195   -4.055
    66.60    5.000    6.040    0.195   -4.055
    66.70    5.000    5.940    0.195   -4.055
    66.80    5.000    5.795    0.195   -3.615
    66.90    5.000    5.625    0.190   -2.925
    67.00    5.000    5.425    0.195   -2.125
    67.10    5.000    5.225    0.190   -1.140
    67.20    5.000    5.030    0.190   -0.200
    67.30    5.000    4.855    0.195    0.740
    67.40    5.000    4.710    0.195    1.610
    67.50    5.000    4.610    0.195    2.315
    67.60    5.000    4.555    0.195    2.810
    67.70    5.000    4.555    0.195    3.075
    67.80    5.000    4.595    0.195    3.080
    67.90    5.000    4.665    0.195    2.895
    68.00    5.000    4.765    0.195    2.560
    68.10    5.000    4.885    0.195    2.075
    68.20    5.000    5.010    0.195    1.500
    68.30    5.000    5.140    0.195    0.900
    68.40    5.000    5.265    0.195    0.275
    68.50    5.000    5.375    0.195   -0.330
    68.60    5.000    5.465    0.195   -0.865
    68.70    5.000    5.530    0.195   -1.305
    68.80    5.000    5.555    0.195   -1.615
    68.90    5.000    5.565    0.195   -1.740
    69.00    5.000    5.550    0.195   -1.790
    69.10    5.000    5.510    0.195   -1.725
    69.20    5.000    5.465    0.195   -1.530
    69.30    5.000    5.410    0.195   -1.315
    69.40    5.000    5.345    0.195   -1.050
    69.50    5.000    5.285    0.195   -0.740
    69.60    5.000    5.230    0.195   -0.450
    69.70    5.000    5.180    0.195   -0.185
    69.80    5.000    5.145    0.195    0.060
    69.90    5.000    5.120    0.195    0.230
    70.00   -5.000    5.110    0.195    0.350
    70.10   -5.000    5.105    0.195   -3.885
    70.20   -5.000    5.060    0.195   -4.055
    70.30   -5.000    4.970    0.195   -4.055
    70.40   -5.000    4.840    0.190   -4.055
    70.50   -5.000    4.665    0.190   -4.055
    70.60   -5.000    4.455    0.190   -4.055
    70.70   -5.000    4.210    0.190   -4.055
    70.80   -5.000    3.930    0.190   -4.055
    70.90   -5.000    3.620    0.190   -4.055
    71.00   -5.000    3.285    0.190   -4.055
    71.10   -5.000    2.920    0.190   -4.055
    71.20   -5.000    2.530    0.190   -4.055
    71.30   -5.000    2.120    0.190   -4.055
    71.40   -5.000    1.680    0.190   -4.055
    71.50   -5.000    1.225    0.190   -4.055
    71.60   -5.000    0.750    0.190   -4.055
    71.70   -5.000    0.260    0.190   -4.055
    71.80   -5.000   -0.250    0.190   -4.055
    71.90   -5.000   -0.775    0.190   -4.055
    72.00   -5.000   -1.315    0.190   -4.055
    72.10   -5.000   -1.865    0.190   -4.055
    72.20   -5.000   -2.430    0.190   -4.055
    72.30   -5.000   -3.005    0.190   -4.055
    72.40   -5.000   -3.590    0.190   -4.055
    72.50   -5.000   -4.185    0.190   -4.055
    72.60   -5.000   -4.790    0.195   -3.035
    72.70   -5.000   -5.380    0.190   -0.160
    72.80   -5.000   -5.925    0.190    2.670
    72.90   -5.000   -6.390    0.190    3.955
    73.00   -5.000   -6.760    0.195    4.005
    73.10   -5.000   -7.030    0.195    4.005
    73.20   -5.000   -7.220    0.195    4.005
    73.30   -5.000   -7.320    0.195    4.005
    73.40   -5.000   -7.350    0.195    4.005
    73.50   -5.000   -7.320    0.195    4.005
    73.60   -5.000   -7.240    0.195    4.005
    73.70   -5.000   -7.120    0.195    4.005
    73.80   -5.000   -6.960    0.195    4.005
    73.90   -5.000   -6.760    0.195    4.005
    74.00   -5.000   -6.530    0.200    4.005
    74.10   -5.000   -6.260    0.200    4.005
    74.20   -5.000   -5.965    0.200    4.005
    74.30   -5.000   -5.640    0.200    4.005
    74.40   -5.000   -5.285    0.200    4.005
    74.50   -5.000   -4.910    0.200    2.380
    74.60   -5.000   -4.535    0.200    0.565
    74.70   -5.000   -4.185    0.200   -1.245
    74.80   -5.000   -3.890    0.200   -2.940
    74.90   -5.000   -3.660    0.195   -4.015
    75.00   -5.000   -3.520    0.195   -4.055
    75.10   -5.000   -3.455    0.195   -4.055
    75.20   -5.000   -3.445    0.195   -4.055
    75.30   -5.000   -3.495    0.195   -4.055
    75.40   -5.000   -3.600    0.195   -4.055
    75.50   -5.000   -3.740    0.195   -4.055
    75.60   -5.000   -3.925    0.195   -4.055
    75.70   -5.000   -4.145    0.195   -4.055
    75.80   -5.000   -4.395    0.195   -3.210
    75.90   -5.000   -4.665    0.195   -2.020
    76.00   -5.000   -4.935    0.195   -0.710
    76.10   -5.000   -5.190    0.195    0.595
    76.20   -5.000   -5.405    0.195    1.825
    76.30   -5.000   -5.570    0.195    2.860
    76.40   -5.000   -5.675    0.195    3.660
    76.50   -5.000   -5.715    0.195    3.990
    76.60   -5.000   -5.705    0.195    4.005
    76.70   -5.000   -5.635    0.195    4.005
    76.80   -5.000   -5.520    0.195    3.990
    76.90   -5.000   -5.365    0.200    3.455
    77.00   -5.000   -5.180    0.200    2.735
    77.10   -5.000   -4.975    0.200    1.845
    77.20   -5.000   -4.775    0.200    0.855
    77.30   -5.000   -4.580    0.200   -0.110
    77.40   -5.000   -4.410    0.195   -1.050
    77.50   -5.000   -4.275    0.195   -1.890
    77.60   -5.000   -4.190    0.195   -2.555
    77.70   -5.000   -4.155    0.195   -2.970
    77.80   -5.000   -4.150    0.195   -3.140
    77.90   -5.000   -4.195    0.195   -3.170
    78.00   -5.000   -4.275    0.195   -2.960
    78.10   -5.000   -4.385    0.195   -2.580
    78.20   -5.000   -4.510    0.195   -2.050
    78.30   -5.000   -4.650    0.195   -1.445
    78.40   -5.000   -4.785    0.195   -0.775
    78.50   -5.000   -4.915    0.195   -0.120
    78.60   -5.000   -5.030    0.195    0.510
    78.70   -5.000   -5.120    0.195    1.065
    78.80   -5.000   -5.175    0.195    1.500
    78.90   -5.000   -5.195    0.195    1.770
    79.00   -5.000   -5.200    0.195    1.870
    79.10   -5.000   -5.185    0.195    1.895
    79.20   -5.000   -5.145    0.195    1.820
    79.30   -5.000   -5.095    0.195    1.635
    79.40   -5.000   -5.035    0.195    1.400
    79.50   -5.000   -4.975    0.195    1.110
    79.60   -5.000   -4.910    0.195    0.820
    79.70   -5.000   -4.850    0.195    0.505
    79.80   -5.000   -4.795    0.195    0.215
    79.90   -5.000   -4.750    0.195   -0.055
    80.00    5.000   -4.720    0.195   -0.270
    80.10    5.000   -4.690    0.195    3.820
    80.20    5.000   -4.625    0.195    4.005
    80.30    5.000   -4.520    0.200    4.005
    80.40    5.000   -4.370    0.195    4.005
    80.50    5.000   -4.185    0.195    4.005
    80.60    5.000   -3.965    0.200    4.005
    80.70    5.000   -3.705    0.200    4.005
    80.80    5.000   -3.420    0.200    4.005
    80.90    5.000   -3.100    0.195    4.005
    81.00    5.000   -2.755    0.200    4.005
    81.10    5.000   -2.385    0.195    4.005
    81.20    5.000   -1.990    0.200    4.005
    81.30    5.000   -1.570    0.195    4.005
    81.40    5.000   -1.135    0.195    4.005
    81.50    5.000   -0.675    0.195    4.005
    81.60    5.000   -0.195    0.195    4.005
    81.70    5.000    0.295    0.195    4.005
    81.80    5.000    0.810    0.195    4.005
    81.90    5.000    1.335    0.195    4.005
    82.00    5.000    1.875    0.195    4.005
    82.10    5.000    2.430    0.195    4.005
    82.20    5.000    2.995    0.195    4.005
    82.30    5.000    3.575    0.195    4.005
    82.40    5.000    4.160    0.200    4.005
    82.50    5.000    4.760    0.200    4.005
    82.60    5.000    5.365    0.200    2.145
    82.70    5.000    5.950    0.200   -0.740
    82.80    5.000    6.475    0.200   -3.570
    82.90    5.000    6.905    0.195   -4.040
    83.00    5.000    7.240    0.195   -4.055
    83.10    5.000    7.485    0.195   -4.055
    83.20    5.000    7.640    0.195   -4.055
    83.30    5.000    7.715    0.195   -4.055
    83.40    5.000    7.710    0.195   -4.055
    83.50    5.000    7.655    0.195   -4.055
    83.60    5.000    7.550    0.195   -4.055
    83.70    5.000    7.410    0.195   -4.055
    83.80    5.000    7.225    0.195   -4.055
    83.90    5.000    7.005    0.195   -4.055
    84.00    5.000    6.750    0.190   -4.055
    84.10    5.000    6.465    0.190   -4.055
    84.20    5.000    6.150    0.190   -4.055
    84.30    5.000    5.805    0.190   -4.055
    84.40    5.000    5.435    0.190   -3.000
    84.50    5.000    5.065    0.190   -1.230
    84.60    5.000    4.705    0.190    0.560
    84.70    5.000    4.385    0.190    2.295
    84.80    5.000    4.130    0.190    3.830
    84.90    5.000    3.955    0.190    4.000
    85.00    5.000    3.855    0.195    4.005
    85.10    5.000    3.830    0.195    4.005
    85.20    5.000    3.855    0.195    4.005
    85.30    5.000    3.940    0.195    4.005
    85.40    5.000    4.070    0.195    4.005
    85.50    5.000    4.240    0.195    4.005
    85.60    5.000    4.445    0.195    4.005
    85.70    5.000    4.690    0.195    3.610
    85.80    5.000    4.955    0.195    2.455
    85.90    5.000    5.225    0.195    1.175
    86.00    5.000    5.490    0.195   -0.120
    86.10    5.000    5.720    0.195   -1.400
    86.20    5.000    5.910    0.195   -2.520
    86.30    5.000    6.040    0.195   -3.435
    86.40    5.000    6.105    0.195   -4.030
    86.50    5.000    6.095    0.195   -4.055
    86.60    5.000    6.035    0.195   -4.055
    86.70    5.000    5.935    0.195   -4.055
    86.80    5.000    5.790    0.190   -3.590
    86.90    5.000    5.615    0.190   -2.925
    87.00    5.000    5.420    0.195   -2.080
    87.10    5.000    5.220    0.195   -1.115
    87.20    5.000    5.025    0.190   -0.145
    87.30    5.000    4.855    0.190    0.765
    87.40    5.000    4.710    0.195    1.590
    87.50    5.000    4.610    0.195    2.310
    87.60    5.000    4.560    0.195    2.810
    87.70    5.000    4.555    0.195    3.055
    87.80    5.000    4.595    0.195    3.080
    87.90    5.000    4.665    0.195    2.895
    88.00    5.000    4.765    0.195    2.560
    88.10    5.000    4.885    0.195    2.075
    88.20    5.000    5.010    0.195    1.500
    88.30    5.000    5.140    0.195    0.900
    88.40    5.000    5.265    0.195    0.270
    88.50    5.000    5.380    0.195   -0.330
    88.60    5.000    5.470    0.195   -0.890
    88.70    5.000    5.530    0.195   -1.325
    88.80    5.000    5.560    0.195   -1.615
    88.90    5.000    5.565    0.195   -1.765
    89.00    5.000    5.550    0.195   -1.795
    89.10    5.000    5.510    0.195   -1.725
    89.20    5.000    5.465    0.195   -1.530
    89.30    5.000    5.405    0.195   -1.315
    89.40    5.000    5.345    0.195   -1.030
    89.50    5.000    5.285    0.195   -0.740
    89.60    5.000    5.225    0.195   -0.450
    89.70    5.000    5.180    0.195   -0.160
    89.80    5.000    5.140    0.195    0.060
    89.90    5.000    5.115    0.195    0.255
    90.00   -5.000    5.110    0.195    0.370
    90.10   -5.000    5.100    0.195   -3.880
    90.20   -5.000    5.055    0.195   -4.055
    90.30   -5.000    4.965    0.195   -4.055
    90.40   -5.000    4.830    0.190   -4.055
    90.50   -5.000    4.660    0.190   -4.055
    90.60   -5.000    4.450    0.190   -4.055
    90.70   -5.000    4.205    0.190   -4.055
    90.80   -5.000    3.925    0.190   -4.055
    90.90   -5.000    3.620    0.190   -4.055
    91.00   -5.000    3.280    0.190   -4.055
    91.10   -5.000    2.920    0.190   -4.055
    91.20   -5.000    2.530    0.190   -4.055
    91.30   -5.000    2.115    0.190   -4.055
    91.40   -5.000    1.680    0.190   -4.055
    91.50   -5.000    1.225    0.190   -4.055
    91.60   -5.000    0.750    0.190   -4.055
    91.70   -5.000    0.260    0.190   -4.055
    91.80   -5.000   -0.245    0.190   -4.055
    91.90   -5.000   -0.770    0.190   -4.055
    92.00   -5.000   -1.310    0.190   -4.055
    92.10   -5.000   -1.860    0.190   -4.055
    92.20   -5.000   -2.425    0.190   -4.055
    92.30   -5.000   -3.000    0.190   -4.055
    92.40   -5.000   -3.585    0.190   -4.055
    92.50   -5.000   -4.180    0.190   -4.055
    92.60   -5.000   -4.785    0.190   -3.045
    92.70   -5.000   -5.375    0.190   -0.215
    92.80   -5.000   -5.920    0.190    2.640
    92.90   -5.000   -6.390    0.190    3.955
    93.00   -5.000   -6.760    0.195    4.005
    93.10   -5.000   -7.030    0.195    4.005
    93.20   -5.000   -7.220    0.195    4.005
    93.30   -5.000   -7.325    0.195    4.005
    93.40   -5.000   -7.360    0.195    4.005
    93.50   -5.000   -7.345    0.195    4.005
    93.60   -5.000   -7.270    0.195    4.005
    93.70   -5.000   -7.150    0.195    4.005
    93.80   -5.000   -6.990    0.195    4.005
    93.90   -5.000   -6.790    0.195    4.005
    94.00   -5.000   -6.560    0.200    4.005
    94.10   -5.000   -6.295    0.200    4.005
    94.20   -5.000   -5.995    0.200    4.005
    94.30   -5.000   -5.670    0.200    4.005
    94.40   -5.000   -5.315    0.200    4.005
    94.50   -5.000   -4.940    0.200    2.505
    94.60   -5.000   -4.565    0.200    0.715
    94.70   -5.000   -4.215    0.200   -1.100
    94.80   -5.000   -3.910    0.200   -2.795
    94.90   -5.000   -3.675    0.195   -4.005
    95.00   -5.000   -3.525    0.195   -4.055
    95.10   -5.000   -3.455    0.195   -4.055
    95.20   -5.000   -3.445    0.195   -4.055
    95.30   -5.000   -3.485    0.195   -4.055
    95.40   -5.000   -3.580    0.195   -4.055
    95.50   -5.000   -3.720    0.195   -4.055
    95.60   -5.000   -3.900    0.195   -4.055
    95.70   -5.000   -4.115    0.195   -4.055
    95.80   -5.000   -4.360    0.195   -3.355
    95.90   -5.000   -4.630    0.195   -2.190
    96.00   -5.000   -4.900    0.195   -0.885
    96.10   -5.000   -5.155    0.195    0.420
    96.20   -5.000   -5.380    0.195    1.650
    96.30   -5.000   -5.555    0.195    2.750
    96.40   -5.000   -5.665    0.195    3.585
    96.50   -5.000   -5.715    0.195    3.990
    96.60   -5.000   -5.710    0.195    4.005
    96.70   -5.000   -5.645    0.195    4.005
    96.80   -5.000   -5.535    0.195    4.005
    96.90   -5.000   -5.380    0.200    3.520
    97.00   -5.000   -5.200    0.200    2.810
    97.10   -5.000   -4.995    0.200    1.945
    97.20   -5.000   -4.795    0.200    0.955
    97.30   -5.000   -4.595    0.200   -0.015
    97.40   -5.000   -4.425    0.195   -0.975
    97.50   -5.000   -4.285    0.195   -1.825
    97.60   -5.000   -4.195    0.195   -2.500
    97.70   -5.000   -4.155    0.195   -2.945
    97.80   -5.000   -4.150    0.195   -3.140
    97.90   -5.000   -4.190    0.195   -3.165
    98.00   -5.000   -4.265    0.195   -2.985
    98.10   -5.000   -4.370    0.195   -2.630
    98.20   -5.000   -4.495    0.195   -2.125
    98.30   -5.000   -4.630    0.195   -1.520
    98.40   -5.000   -4.770    0.195   -0.870
    98.50   -5.000   -4.900    0.195   -0.195
    98.60    0.000    0.000    0.000    0.000

