Data export from TecQuipment CE2000

Data series 1

    Time Func. Gen. position  pos ref motor i/p 
     0.00    1.000   -0.140   -0.135   -0.010
     0.10    1.000   -0.135   -0.135    4.580
     0.20    1.000   -0.080   -0.135    4.840
     0.30    1.000    0.035   -0.135    4.840
     0.40    1.000    0.195   -0.135    4.840
     0.50    1.000    0.410   -0.135    4.840
     0.60    1.000    0.675   -0.135    4.840
     0.70    1.000    0.980   -0.135    4.840
     0.80    1.000    1.330   -0.135    4.840
     0.90    1.000    1.715   -0.135    4.840
     1.00    1.000    2.140   -0.135    4.840
     1.10    1.000    2.595   -0.135    4.840
     1.20    1.000    3.075   -0.135    4.840
     1.30    1.000    3.590   -0.135    1.290
     1.40    1.000    4.055   -0.135   -9.410
     1.50    1.000    4.375   -0.135   -9.410
     1.60    1.000    4.535   -0.135   -9.410
     1.70    1.000    4.545   -0.135   -9.410
     1.80    1.000    4.425   -0.135   -9.410
     1.90    1.000    4.195   -0.140   -9.410
     2.00    1.000    3.860   -0.140   -9.410
     2.10    1.000    3.430   -0.140   -9.410
     2.20    1.000    2.905   -0.140   -9.410
     2.30    1.000    2.295   -0.140   -9.410
     2.40    1.000    1.605   -0.145   -6.980
     2.50    1.000    0.870   -0.145   -3.710
     2.60    1.000    0.135   -0.145   -0.165
     2.70    1.000   -0.535   -0.140    3.385
     2.80    1.000   -1.105   -0.140    6.645
     2.90    1.000   -1.525   -0.140    9.210
     3.00    1.000   -1.790   -0.135    9.325
     3.10    1.000   -1.900   -0.135    9.325
     3.20    1.000   -1.870   -0.135    9.325
     3.30    1.000   -1.730   -0.135    9.325
     3.40    1.000   -1.485   -0.135    9.325
     3.50    1.000   -1.135   -0.135    9.325
     3.60    1.000   -0.695   -0.135    9.325
     3.70    1.000   -0.170   -0.135    7.545
     3.80    1.000    0.415   -0.130    5.045
     3.90    1.000    1.030   -0.135    2.245
     4.00    1.000    1.625   -0.135   -0.745
     4.10    1.000    2.155   -0.135   -3.595
     4.20    1.000    2.590   -0.135   -6.155
     4.30    1.000    2.890   -0.135   -8.260
     4.40    1.000    3.040   -0.135   -9.365
     4.50    1.000    3.065   -0.140   -9.410
     4.60    1.000    2.960   -0.140   -9.410
     4.70    1.000    2.740   -0.140   -9.410
     4.80    1.000    2.420   -0.140   -9.060
     4.90    1.000    2.005   -0.140   -7.550
     5.00    1.000    1.520   -0.140   -5.570
     5.10    1.000    1.000   -0.140   -3.240
     5.20    1.000    0.475   -0.140   -0.735
     5.30    1.000   -0.010   -0.140    1.800
     5.40    1.000   -0.425   -0.140    4.120
     5.50    1.000   -0.740   -0.140    6.130
     5.60    1.000   -0.930   -0.135    7.655
     5.70    1.000   -0.995   -0.135    8.615
     5.80    1.000   -0.935   -0.135    8.935
     5.90    1.000   -0.755   -0.135    8.660
     6.00    1.000   -0.470   -0.135    7.810
     6.10    1.000   -0.105   -0.135    6.455
     6.20    1.000    0.315   -0.135    4.710
     6.30    1.000    0.770   -0.135    2.690
     6.40    1.000    1.225   -0.135    0.495
     6.50    1.000    1.645   -0.135   -1.705
     6.60    1.000    2.000   -0.135   -3.720
     6.70    1.000    2.265   -0.135   -5.435
     6.80    1.000    2.420   -0.135   -6.715
     6.90    1.000    2.470   -0.135   -7.470
     7.00    1.000    2.405   -0.140   -7.725
     7.10    1.000    2.240   -0.140   -7.445
     7.20    1.000    1.995   -0.140   -6.675
     7.30    1.000    1.675   -0.140   -5.505
     7.40    1.000    1.310   -0.140   -3.975
     7.50    1.000    0.925   -0.140   -2.220
     7.60    1.000    0.540   -0.140   -0.360
     7.70    1.000    0.190   -0.140    1.505
     7.80    1.000   -0.105   -0.140    3.180
     7.90    1.000   -0.320   -0.140    4.610
     8.00    1.000   -0.445   -0.140    5.650
     8.10    1.000   -0.475   -0.140    6.260
     8.20    1.000   -0.405   -0.135    6.415
     8.30    1.000   -0.260   -0.135    6.110
     8.40    1.000   -0.050   -0.135    5.430
     8.50    1.000    0.215   -0.135    4.425
     8.60    1.000    0.520   -0.135    3.160
     8.70    1.000    0.840   -0.135    1.690
     8.80    1.000    1.150   -0.135    0.145
     8.90    1.000    1.430   -0.135   -1.350
     9.00    1.000    1.660   -0.135   -2.705
     9.10    1.000    1.825   -0.135   -3.820
     9.20    1.000    1.915   -0.135   -4.620
     9.30    1.000    1.920   -0.140   -5.060
     9.40    1.000    1.855   -0.140   -5.120
     9.50    1.000    1.735   -0.140   -4.815
     9.60    1.000    1.560   -0.140   -4.245
     9.70    1.000    1.355   -0.140   -3.410
     9.80    1.000    1.120   -0.140   -2.425
     9.90    1.000    0.885   -0.140   -1.290
    10.00   -1.000    0.655   -0.140   -0.155
    10.10   -1.000    0.425   -0.140   -8.290
    10.20   -1.000    0.130   -0.140   -7.570
    10.30   -1.000   -0.240   -0.140   -6.165
    10.40   -1.000   -0.670   -0.140   -4.390
    10.50   -1.000   -1.115   -0.140   -2.330
    10.60   -1.000   -1.555   -0.140   -0.175
    10.70   -1.000   -1.960   -0.140    1.955
    10.80   -1.000   -2.290   -0.140    3.890
    10.90   -1.000   -2.530   -0.140    5.495
    11.00   -1.000   -2.660   -0.135    6.655
    11.10   -1.000   -2.675   -0.135    7.320
    11.20   -1.000   -2.585   -0.135    7.405
    11.30   -1.000   -2.410   -0.135    6.980
    11.40   -1.000   -2.145   -0.135    6.150
    11.50   -1.000   -1.825   -0.135    4.895
    11.60   -1.000   -1.465   -0.135    3.360
    11.70   -1.000   -1.090   -0.135    1.630
    11.80   -1.000   -0.725   -0.135   -0.185
    11.90   -1.000   -0.400   -0.135   -1.950
    12.00   -1.000   -0.135   -0.135   -3.530
    12.10   -1.000    0.045   -0.135   -4.795
    12.20   -1.000    0.135   -0.135   -5.670
    12.30   -1.000    0.125   -0.140   -6.115
    12.40   -1.000    0.035   -0.140   -6.100
    12.50   -1.000   -0.130   -0.140   -5.675
    12.60   -1.000   -0.350   -0.140   -4.895
    12.70   -1.000   -0.615   -0.140   -3.850
    12.80   -1.000   -0.905   -0.140   -2.575
    12.90   -1.000   -1.200   -0.140   -1.175
    13.00   -1.000   -1.475   -0.140    0.250
    13.10   -1.000   -1.720   -0.140    1.580
    13.20   -1.000   -1.910   -0.135    2.770
    13.30   -1.000   -2.035   -0.135    3.705
    13.40   -1.000   -2.085   -0.135    4.315
    13.50   -1.000   -2.060   -0.135    4.565
    13.60   -1.000   -1.980   -0.135    4.450
    13.70   -1.000   -1.855   -0.135    4.070
    13.80   -1.000   -1.690   -0.135    3.480
    13.90   -1.000   -1.495   -0.135    2.695
    14.00   -1.000   -1.285   -0.135    1.750
    14.10   -1.000   -1.080   -0.135    0.740
    14.20   -1.000   -0.885   -0.135   -0.255
    14.30   -1.000   -0.715   -0.135   -1.190
    14.40   -1.000   -0.585   -0.135   -2.020
    14.50   -1.000   -0.510   -0.135   -2.650
    14.60   -1.000   -0.485   -0.135   -3.015
    14.70   -1.000   -0.505   -0.135   -3.140
    14.80   -1.000   -0.555   -0.140   -3.055
    14.90   -1.000   -0.635   -0.140   -2.840
    15.00   -1.000   -0.735   -0.140   -2.455
    15.10   -1.000   -0.850   -0.140   -1.975
    15.20   -1.000   -0.975   -0.140   -1.420
    15.30   -1.000   -1.090   -0.140   -0.820
    15.40   -1.000   -1.200   -0.135   -0.260
    15.50   -1.000   -1.295   -0.135    0.290
    15.60   -1.000   -1.365   -0.135    0.760
    15.70   -1.000   -1.410   -0.135    1.095
    15.80   -1.000   -1.415   -0.135    1.315
    15.90   -1.000   -1.420   -0.135    1.345
    16.00   -1.000   -1.420   -0.135    1.365
    16.10   -1.000   -1.400   -0.135    1.370
    16.20   -1.000   -1.380   -0.135    1.275
    16.30   -1.000   -1.355   -0.135    1.180
    16.40   -1.000   -1.325   -0.135    1.060
    16.50   -1.000   -1.300   -0.135    0.915
    16.60   -1.000   -1.275   -0.135    0.795
    16.70   -1.000   -1.250   -0.135    0.675
    16.80   -1.000   -1.235   -0.135    0.550
    16.90   -1.000   -1.225   -0.135    0.480
    17.00   -1.000   -1.215   -0.135    0.430
    17.10   -1.000   -1.215   -0.135    0.380
    17.20   -1.000   -1.215   -0.135    0.375
    17.30   -1.000   -1.215   -0.135    0.375
    17.40   -1.000   -1.215   -0.135    0.375
    17.50   -1.000   -1.215   -0.135    0.375
    17.60   -1.000   -1.215   -0.135    0.375
    17.70   -1.000   -1.215   -0.135    0.375
    17.80   -1.000   -1.215   -0.135    0.375
    17.90   -1.000   -1.215   -0.135    0.375
    18.00   -1.000   -1.215   -0.135    0.375
    18.10   -1.000   -1.215   -0.135    0.375
    18.20   -1.000   -1.215   -0.135    0.375
    18.30   -1.000   -1.215   -0.135    0.375
    18.40   -1.000   -1.215   -0.140    0.375
    18.50   -1.000   -1.215   -0.135    0.355
    18.60   -1.000   -1.215   -0.135    0.375
    18.70   -1.000   -1.215   -0.135    0.375
    18.80   -1.000   -1.215   -0.135    0.375
    18.90   -1.000   -1.215   -0.135    0.375
    19.00   -1.000   -1.215   -0.135    0.375
    19.10   -1.000   -1.215   -0.135    0.375
    19.20   -1.000   -1.215   -0.135    0.375
    19.30   -1.000   -1.215   -0.135    0.375
    19.40   -1.000   -1.215   -0.140    0.375
    19.50   -1.000   -1.215   -0.135    0.355
    19.60   -1.000   -1.215   -0.135    0.375
    19.70   -1.000   -1.215   -0.135    0.375
    19.80   -1.000   -1.215   -0.135    0.375
    19.90   -1.000   -1.215   -0.135    0.375
    20.00    1.000   -1.215   -0.135    0.375
    20.10    1.000   -1.195   -0.135    8.915
    20.20    1.000   -1.090   -0.135    9.325
    20.30    1.000   -0.870   -0.135    9.325
    20.40    1.000   -0.550   -0.135    8.365
    20.50    1.000   -0.150   -0.135    6.835
    20.60    1.000    0.315   -0.135    4.940
    20.70    1.000    0.815   -0.135    2.705
    20.80    1.000    1.305   -0.135    0.290
    20.90    1.000    1.755   -0.135   -2.085
    21.00    1.000    2.140   -0.135   -4.260
    21.10    1.000    2.420   -0.135   -6.115
    21.20    1.000    2.580   -0.135   -7.455
    21.30    1.000    2.625   -0.140   -8.240
    21.40    1.000    2.545   -0.140   -8.495
    21.50    1.000    2.345   -0.140   -8.125
    21.60    1.000    2.060   -0.140   -7.175
    21.70    1.000    1.700   -0.140   -5.820
    21.80    1.000    1.295   -0.140   -4.115
    21.90    1.000    0.870   -0.140   -2.160
    22.00    1.000    0.450   -0.140   -0.110
    22.10    1.000    0.075   -0.140    1.925
    22.20    1.000   -0.240   -0.140    3.740
    22.30    1.000   -0.460   -0.140    5.265
    22.40    1.000   -0.585   -0.140    6.320
    22.50    1.000   -0.610   -0.135    6.935
    22.60    1.000   -0.525   -0.135    7.090
    22.70    1.000   -0.350   -0.135    6.695
    22.80    1.000   -0.095   -0.135    5.865
    22.90    1.000    0.210   -0.135    4.645
    23.00    1.000    0.560   -0.135    3.190
    23.10    1.000    0.915   -0.135    1.510
    23.20    1.000    1.265   -0.135   -0.205
    23.30    1.000    1.570   -0.135   -1.900
    23.40    1.000    1.825   -0.135   -3.380
    23.50    1.000    1.995   -0.135   -4.615
    23.60    1.000    2.075   -0.135   -5.430
    23.70    1.000    2.080   -0.140   -5.830
    23.80    1.000    2.000   -0.140   -5.880
    23.90    1.000    1.840   -0.140   -5.510
    24.00    1.000    1.625   -0.140   -4.750
    24.10    1.000    1.370   -0.140   -3.720
    24.20    1.000    1.090   -0.140   -2.505
    24.30    1.000    0.805   -0.140   -1.150
    24.40    1.000    0.535   -0.140    0.220
    24.50    1.000    0.295   -0.140    1.530
    24.60    1.000    0.110   -0.140    2.695
    24.70    1.000   -0.010   -0.140    3.590
    24.80    1.000   -0.065   -0.135    4.170
    24.90    1.000   -0.060   -0.135    4.465
    25.00    1.000    0.015   -0.135    4.450
    25.10    1.000    0.135   -0.135    4.095
    25.20    1.000    0.295   -0.135    3.525
    25.30    1.000    0.485   -0.135    2.760
    25.40    1.000    0.695   -0.135    1.840
    25.50    1.000    0.905   -0.135    0.840
    25.60    1.000    1.105   -0.135   -0.175
    25.70    1.000    1.275   -0.135   -1.140
    25.80    1.000    1.405   -0.135   -1.970
    25.90    1.000    1.485   -0.135   -2.605
    26.00    1.000    1.510   -0.140   -2.995
    26.10    1.000    1.495   -0.140   -3.140
    26.20    1.000    1.445   -0.140   -3.075
    26.30    1.000    1.365   -0.140   -2.845
    26.40    1.000    1.265   -0.140   -2.460
    26.50    1.000    1.145   -0.140   -1.975
    26.60    1.000    1.020   -0.140   -1.395
    26.70    1.000    0.895   -0.140   -0.795
    26.80    1.000    0.780   -0.140   -0.195
    26.90    1.000    0.685   -0.140    0.365
    27.00    1.000    0.610   -0.140    0.830
    27.10    1.000    0.565   -0.135    1.190
    27.20    1.000    0.555   -0.135    1.440
    27.30    1.000    0.545   -0.135    1.490
    27.40    1.000    0.560   -0.135    1.535
    27.50    1.000    0.585   -0.135    1.470
    27.60    1.000    0.615   -0.135    1.350
    27.70    1.000    0.650   -0.135    1.200
    27.80    1.000    0.690   -0.140    1.035
    27.90    1.000    0.725   -0.140    0.820
    28.00    1.000    0.760   -0.140    0.650
    28.10    1.000    0.790   -0.140    0.475
    28.20    1.000    0.810   -0.140    0.330
    28.30    1.000    0.825   -0.135    0.235
    28.40    1.000    0.835   -0.140    0.185
    28.50    1.000    0.835   -0.140    0.115
    28.60    1.000    0.835   -0.140    0.115
    28.70    1.000    0.835   -0.140    0.115
    28.80    1.000    0.835   -0.140    0.115
    28.90    1.000    0.835   -0.140    0.115
    29.00    1.000    0.835   -0.140    0.115
    29.10    1.000    0.835   -0.140    0.115
    29.20    1.000    0.835   -0.140    0.115
    29.30    1.000    0.835   -0.135    0.115
    29.40    1.000    0.835   -0.140    0.135
    29.50    1.000    0.835   -0.140    0.115
    29.60    1.000    0.835   -0.140    0.115
    29.70    1.000    0.835   -0.135    0.115
    29.80    1.000    0.835   -0.140    0.135
    29.90    1.000    0.835   -0.140    0.115
    30.00   -1.000    0.835   -0.140    0.115
    30.10   -1.000    0.830   -0.140   -9.010
    30.20   -1.000    0.720   -0.140   -9.410
    30.30   -1.000    0.500   -0.140   -8.970
    30.40   -1.000    0.180   -0.140   -7.930
    30.50   -1.000   -0.215   -0.140   -6.405
    30.60   -1.000   -0.670   -0.140   -4.520
    30.70   -1.000   -1.150   -0.140   -2.330
    30.80   -1.000   -1.615   -0.140   -0.010
    30.90   -1.000   -2.040   -0.140    2.220
    31.00   -1.000   -2.390   -0.140    4.275
    31.10   -1.000   -2.640   -0.135    5.965
    31.20   -1.000   -2.775   -0.135    7.210
    31.30   -1.000   -2.800   -0.135    7.875
    31.40   -1.000   -2.705   -0.135    8.000
    31.50   -1.000   -2.505   -0.135    7.565
    31.60   -1.000   -2.220   -0.135    6.615
    31.70   -1.000   -1.865   -0.135    5.255
    31.80   -1.000   -1.470   -0.135    3.555
    31.90   -1.000   -1.065   -0.135    1.650
    32.00   -1.000   -0.670   -0.135   -0.305
    32.10   -1.000   -0.315   -0.135   -2.200
    32.20   -1.000   -0.030   -0.135   -3.920
    32.30   -1.000    0.165   -0.135   -5.300
    32.40   -1.000    0.260   -0.135   -6.250
    32.50   -1.000    0.270   -0.135   -6.715
    32.60   -1.000    0.185   -0.140   -6.770
    32.70   -1.000    0.015   -0.140   -6.400
    32.80   -1.000   -0.220   -0.140   -5.595
    32.90   -1.000   -0.515   -0.140   -4.475
    33.00   -1.000   -0.840   -0.140   -3.065
    33.10   -1.000   -1.175   -0.140   -1.490
    33.20   -1.000   -1.500   -0.140    0.125
    33.30   -1.000   -1.785   -0.140    1.700
    33.40   -1.000   -2.015   -0.135    3.070
    33.50   -1.000   -2.175   -0.135    4.205
    33.60   -1.000   -2.245   -0.135    4.985
    33.70   -1.000   -2.235   -0.135    5.335
    33.80   -1.000   -2.155   -0.135    5.295
    33.90   -1.000   -2.020   -0.135    4.915
    34.00   -1.000   -1.835   -0.135    4.275
    34.10   -1.000   -1.610   -0.135    3.395
    34.20   -1.000   -1.365   -0.135    2.310
    34.30   -1.000   -1.110   -0.135    1.130
    34.40   -1.000   -0.870   -0.135   -0.100
    34.50   -1.000   -0.655   -0.135   -1.265
    34.60   -1.000   -0.485   -0.135   -2.300
    34.70   -1.000   -0.370   -0.135   -3.125
    34.80   -1.000   -0.315   -0.135   -3.690
    34.90   -1.000   -0.305   -0.135   -3.960
    35.00   -1.000   -0.360   -0.140   -4.015
    35.10   -1.000   -0.455   -0.140   -3.780
    35.20   -1.000   -0.590   -0.140   -3.325
    35.30   -1.000   -0.745   -0.140   -2.685
    35.40   -1.000   -0.915   -0.140   -1.930
    35.50   -1.000   -1.090   -0.140   -1.110
    35.60   -1.000   -1.255   -0.140   -0.265
    35.70   -1.000   -1.400   -0.135    0.535
    35.80   -1.000   -1.515   -0.135    1.250
    35.90   -1.000   -1.590   -0.135    1.810
    36.00   -1.000   -1.625   -0.135    2.180
    36.10   -1.000   -1.620   -0.135    2.350
    36.20   -1.000   -1.585   -0.135    2.335
    36.30   -1.000   -1.535   -0.135    2.165
    36.40   -1.000   -1.465   -0.135    1.930
    36.50   -1.000   -1.390   -0.135    1.595
    36.60   -1.000   -1.305   -0.135    1.235
    36.70   -1.000   -1.225   -0.135    0.825
    36.80   -1.000   -1.150   -0.135    0.435
    36.90   -1.000   -1.085   -0.135    0.075
    37.00   -1.000   -1.030   -0.135   -0.240
    37.10   -1.000   -0.995   -0.135   -0.505
    37.20   -1.000   -0.975   -0.135   -0.680
    37.30   -1.000   -0.970   -0.135   -0.775
    37.40   -1.000   -0.965   -0.135   -0.805
    37.50   -1.000   -0.965   -0.135   -0.830
    37.60   -1.000   -0.965   -0.135   -0.830
    37.70   -1.000   -0.965   -0.135   -0.830
    37.80   -1.000   -0.965   -0.135   -0.830
    37.90   -1.000   -0.965   -0.135   -0.830
    38.00   -1.000   -0.965   -0.135   -0.830
    38.10   -1.000   -0.965   -0.135   -0.830
    38.20   -1.000   -0.965   -0.135   -0.830
    38.30   -1.000   -0.965   -0.135   -0.830
    38.40   -1.000   -0.965   -0.135   -0.830
    38.50   -1.000   -0.965   -0.135   -0.830
    38.60   -1.000   -0.965   -0.135   -0.830
    38.70   -1.000   -0.965   -0.135   -0.830
    38.80   -1.000   -0.965   -0.135   -0.830
    38.90   -1.000   -0.965   -0.135   -0.830
    39.00   -1.000   -0.965   -0.135   -0.830
    39.10   -1.000   -0.965   -0.135   -0.830
    39.20   -1.000   -0.965   -0.135   -0.830
    39.30   -1.000   -0.965   -0.135   -0.830
    39.40   -1.000   -0.965   -0.135   -0.830
    39.50   -1.000   -0.965   -0.135   -0.830
    39.60   -1.000   -0.965   -0.135   -0.830
    39.70   -1.000   -0.965   -0.135   -0.830
    39.80   -1.000   -0.965   -0.135   -0.830
    39.90   -1.000   -0.965   -0.135   -0.830
    40.00    1.000   -0.965   -0.135   -0.830
    40.10    1.000   -0.925   -0.135    8.340
    40.20    1.000   -0.815   -0.135    8.615
    40.30    1.000   -0.600   -0.135    8.095
    40.40    1.000   -0.295   -0.135    7.070
    40.50    1.000    0.080   -0.135    5.610
    40.60    1.000    0.500   -0.135    3.810
    40.70    1.000    0.940   -0.135    1.805
    40.80    1.000    1.365   -0.135   -0.315
    40.90    1.000    1.750   -0.135   -2.375
    41.00    1.000    2.060   -0.135   -4.240
    41.10    1.000    2.275   -0.135   -5.735
    41.20    1.000    2.380   -0.135   -6.775
    41.30    1.000    2.380   -0.140   -7.285
    41.40    1.000    2.285   -0.140   -7.325
    41.50    1.000    2.100   -0.140   -6.880
    41.60    1.000    1.845   -0.140   -6.005
    41.70    1.000    1.530   -0.140   -4.785
    41.80    1.000    1.180   -0.140   -3.270
    41.90    1.000    0.815   -0.140   -1.600
    42.00    1.000    0.465   -0.140    0.160
    42.10    1.000    0.155   -0.140    1.855
    42.20    1.000   -0.100   -0.140    3.360
    42.30    1.000   -0.270   -0.140    4.595
    42.40    1.000   -0.355   -0.140    5.425
    42.50    1.000   -0.365   -0.135    5.830
    42.60    1.000   -0.285   -0.135    5.910
    42.70    1.000   -0.130   -0.135    5.540
    42.80    1.000    0.080   -0.135    4.805
    42.90    1.000    0.335   -0.135    3.800
    43.00    1.000    0.620   -0.135    2.575
    43.10    1.000    0.910   -0.135    1.215
    43.20    1.000    1.190   -0.135   -0.185
    43.30    1.000    1.440   -0.135   -1.545
    43.40    1.000    1.635   -0.135   -2.760
    43.50    1.000    1.770   -0.135   -3.705
    43.60    1.000    1.830   -0.140   -4.360
    43.70    1.000    1.820   -0.140   -4.680
    43.80    1.000    1.750   -0.140   -4.645
    43.90    1.000    1.635   -0.140   -4.310
    44.00    1.000    1.475   -0.140   -3.765
    44.10    1.000    1.285   -0.140   -2.995
    44.20    1.000    1.080   -0.140   -2.080
    44.30    1.000    0.865   -0.140   -1.095
    44.40    1.000    0.660   -0.140   -0.060
    44.50    1.000    0.485   -0.140    0.930
    44.60    1.000    0.345   -0.140    1.780
    44.70    1.000    0.250   -0.140    2.460
    44.80    1.000    0.215   -0.135    2.925
    44.90    1.000    0.210   -0.140    3.120
    45.00    1.000    0.250   -0.135    3.130
    45.10    1.000    0.325   -0.135    2.965
    45.20    1.000    0.435   -0.135    2.605
    45.30    1.000    0.560   -0.135    2.080
    45.40    1.000    0.695   -0.135    1.480
    45.50    1.000    0.830   -0.135    0.835
    45.60    1.000    0.955   -0.135    0.180
    45.70    1.000    1.070   -0.135   -0.425
    45.80    1.000    1.155   -0.135   -0.985
    45.90    1.000    1.215   -0.135   -1.395
    46.00    1.000    1.235   -0.140   -1.690
    46.10    1.000    1.240   -0.140   -1.815
    46.20    1.000    1.215   -0.135   -1.840
    46.30    1.000    1.180   -0.140   -1.705
    46.40    1.000    1.130   -0.140   -1.555
    46.50    1.000    1.075   -0.140   -1.315
    46.60    1.000    1.015   -0.140   -1.050
    46.70    1.000    0.960   -0.140   -0.760
    46.80    1.000    0.910   -0.140   -0.495
    46.90    1.000    0.870   -0.140   -0.255
    47.00    1.000    0.840   -0.140   -0.060
    47.10    1.000    0.825   -0.140    0.085
    47.20    1.000    0.825   -0.135    0.160
    47.30    1.000    0.825   -0.140    0.185
    47.40    1.000    0.825   -0.135    0.160
    47.50    1.000    0.825   -0.140    0.185
    47.60    1.000    0.825   -0.140    0.160
    47.70    1.000    0.825   -0.140    0.160
    47.80    1.000    0.825   -0.140    0.160
    47.90    1.000    0.825   -0.140    0.160
    48.00    1.000    0.825   -0.140    0.160
    48.10    1.000    0.825   -0.140    0.160
    48.20    1.000    0.825   -0.140    0.160
    48.30    1.000    0.825   -0.140    0.160
    48.40    1.000    0.825   -0.135    0.160
    48.50    1.000    0.825   -0.135    0.185
    48.60    1.000    0.825   -0.140    0.185
    48.70    1.000    0.825   -0.140    0.160
    48.80    1.000    0.825   -0.140    0.160
    48.90    1.000    0.825   -0.140    0.160
    49.00    1.000    0.825   -0.135    0.160
    49.10    1.000    0.825   -0.140    0.185
    49.20    1.000    0.825   -0.140    0.160
    49.30    1.000    0.825   -0.140    0.160
    49.40    1.000    0.825   -0.135    0.160
    49.50    1.000    0.825   -0.135    0.185
    49.60    1.000    0.825   -0.140    0.185
    49.70    1.000    0.825   -0.140    0.160
    49.80    1.000    0.825   -0.140    0.160
    49.90    1.000    0.825   -0.140    0.160
    50.00   -1.000    0.825   -0.135    0.160
    50.10   -1.000    0.800   -0.140   -8.985
    50.20   -1.000    0.690   -0.140   -9.350
    50.30   -1.000    0.465   -0.140   -8.825
    50.40   -1.000    0.145   -0.140   -7.765
    50.50   -1.000   -0.250   -0.140   -6.240
    50.60   -1.000   -0.700   -0.140   -4.350
    50.70   -1.000   -1.170   -0.140   -2.185
    50.80   -1.000   -1.630   -0.140    0.085
    50.90   -1.000   -2.050   -0.140    2.315
    51.00   -1.000   -2.390   -0.140    4.320
    51.10   -1.000   -2.635   -0.135    5.965
    51.20   -1.000   -2.760   -0.135    7.185
    51.30   -1.000   -2.780   -0.135    7.805
    51.40   -1.000   -2.675   -0.135    7.905
    51.50   -1.000   -2.470   -0.135    7.420
    51.60   -1.000   -2.185   -0.135    6.445
    51.70   -1.000   -1.835   -0.135    5.090
    51.80   -1.000   -1.440   -0.135    3.415
    51.90   -1.000   -1.040   -0.135    1.510
    52.00   -1.000   -0.650   -0.135   -0.420
    52.10   -1.000   -0.305   -0.135   -2.315
    52.20   -1.000   -0.025   -0.135   -3.970
    52.30   -1.000    0.165   -0.135   -5.325
    52.40   -1.000    0.250   -0.135   -6.250
    52.50   -1.000    0.235   -0.140   -6.670
    52.60   -1.000    0.135   -0.140   -6.630
    52.70   -1.000   -0.040   -0.140   -6.160
    52.80   -1.000   -0.280   -0.140   -5.325
    52.90   -1.000   -0.570   -0.140   -4.190
    53.00   -1.000   -0.890   -0.140   -2.800
    53.10   -1.000   -1.215   -0.140   -1.250
    53.20   -1.000   -1.525   -0.140    0.320
    53.30   -1.000   -1.795   -0.140    1.820
    53.40   -1.000   -2.015   -0.140    3.130
    53.50   -1.000   -2.155   -0.135    4.185
    53.60   -1.000   -2.215   -0.135    4.890
    53.70   -1.000   -2.215   -0.135    5.190
    53.80   -1.000   -2.130   -0.135    5.195
    53.90   -1.000   -1.990   -0.135    4.800
    54.00   -1.000   -1.800   -0.135    4.125
    54.10   -1.000   -1.575   -0.135    3.225
    54.20   -1.000   -1.330   -0.135    2.145
    54.30   -1.000   -1.085   -0.135    0.965
    54.40   -1.000   -0.845   -0.135   -0.220
    54.50   -1.000   -0.640   -0.135   -1.385
    54.60   -1.000   -0.480   -0.135   -2.380
    54.70   -1.000   -0.375   -0.135   -3.150
    54.80   -1.000   -0.330   -0.135   -3.665
    54.90   -1.000   -0.330   -0.135   -3.890
    55.00   -1.000   -0.385   -0.140   -3.895
    55.10   -1.000   -0.485   -0.140   -3.655
    55.20   -1.000   -0.615   -0.140   -3.175
    55.30   -1.000   -0.770   -0.140   -2.565
    55.40   -1.000   -0.940   -0.140   -1.810
    55.50   -1.000   -1.105   -0.140   -0.995
    55.60   -1.000   -1.265   -0.140   -0.195
    55.70   -1.000   -1.405   -0.140    0.580
    55.80   -1.000   -1.515   -0.135    1.075
    55.90   -1.000   -1.590   -0.135    1.810
    56.00   -1.000   -1.615   -0.135    2.180
    56.10   -1.000   -1.620   -0.135    2.305
    56.20   -1.000   -1.600   -0.135    2.330
    56.30   -1.000   -1.545   -0.135    2.235
    56.40   -1.000   -1.475   -0.135    1.975
    56.50   -1.000   -1.395   -0.135    1.645
    56.60   -1.000   -1.310   -0.135    1.260
    56.70   -1.000   -1.220   -0.135    0.845
    56.80   -1.000   -1.145   -0.135    0.410
    56.90   -1.000   -1.075   -0.135    0.050
    57.00   -1.000   -1.015   -0.135   -0.290
    57.10   -1.000   -0.980   -0.135   -0.575
    57.20   -1.000   -0.960   -0.135   -0.755
    57.30   -1.000   -0.950   -0.135   -0.850
    57.40   -1.000   -0.945   -0.135   -0.900
    57.50   -1.000   -0.945   -0.135   -0.925
    57.60   -1.000   -0.955   -0.135   -0.925
    57.70   -1.000   -0.955   -0.135   -0.880
    57.80   -1.000   -0.955   -0.135   -0.880
    57.90   -1.000   -0.955   -0.140   -0.880
    58.00   -1.000   -0.955   -0.135   -0.900
    58.10   -1.000   -0.955   -0.135   -0.880
    58.20   -1.000   -0.955   -0.135   -0.880
    58.30   -1.000   -0.955   -0.135   -0.880
    58.40   -1.000   -0.955   -0.135   -0.880
    58.50   -1.000   -0.955   -0.135   -0.880
    58.60   -1.000   -0.955   -0.140   -0.880
    58.70   -1.000   -0.955   -0.135   -0.900
    58.80   -1.000   -0.955   -0.135   -0.880
    58.90   -1.000   -0.955   -0.135   -0.880
    59.00   -1.000   -0.955   -0.135   -0.880
    59.10   -1.000   -0.955   -0.135   -0.880
    59.20   -1.000   -0.955   -0.135   -0.880
    59.30   -1.000   -0.955   -0.135   -0.880
    59.40   -1.000   -0.955   -0.135   -0.880
    59.50   -1.000   -0.955   -0.135   -0.880
    59.60   -1.000   -0.955   -0.135   -0.880
    59.70   -1.000   -0.955   -0.135   -0.880
    59.80   -1.000   -0.955   -0.135   -0.880
    59.90   -1.000   -0.950   -0.135   -0.880
    60.00    1.000   -0.955   -0.135   -0.900
    60.10    1.000   -0.945   -0.135    8.375
    60.20    1.000   -0.840   -0.135    8.705
    60.30    1.000   -0.625   -0.135    8.215
    60.40    1.000   -0.320   -0.135    7.190
    60.50    1.000    0.060   -0.135    5.730
    60.60    1.000    0.485   -0.135    3.915
    60.70    1.000    0.930   -0.135    1.860
    60.80    1.000    1.360   -0.135   -0.265
    60.90    1.000    1.750   -0.135   -2.350
    61.00    1.000    2.070   -0.135   -4.235
    61.10    1.000    2.290   -0.135   -5.780
    61.20    0.000    0.000    0.000    0.000

