Data export from TecQuipment CE2000

Data series 1

    Time Func. Gen. position  pos ref motor i/p 
     0.00    0.500    0.080    0.195   -0.010
     0.10    0.500    0.085    0.195    2.625
     0.20    0.500    0.115    0.195    2.960
     0.30    0.500    0.175    0.195    2.960
     0.40    0.500    0.260    0.195    2.960
     0.50    0.500    0.365    0.195    2.960
     0.60    0.500    0.500    0.195    2.960
     0.70    0.500    0.660    0.195    2.960
     0.80    0.500    0.845    0.195    2.960
     0.90    0.500    1.045    0.195    2.960
     1.00    0.500    1.270    0.195    2.960
     1.10    0.500    1.510    0.195    2.960
     1.20    0.500    1.770    0.195    2.960
     1.30    0.500    2.040    0.195   -1.650
     1.40    0.500    2.260    0.195   -4.050
     1.50    0.500    2.400    0.195   -4.050
     1.60    0.500    2.460    0.195   -4.050
     1.70    0.500    2.465    0.195   -4.050
     1.80    0.500    2.410    0.190   -4.050
     1.90    0.500    2.305    0.190   -4.050
     2.00    0.500    2.160    0.190   -4.050
     2.10    0.500    1.975    0.190   -4.050
     2.20    0.500    1.755    0.190   -4.050
     2.30    0.500    1.505    0.190   -4.050
     2.40    0.500    1.225    0.190   -3.930
     2.50    0.500    0.925    0.190   -2.630
     2.60    0.500    0.620    0.190   -1.180
     2.70    0.500    0.330    0.190    0.295
     2.80    0.500    0.080    0.190    1.700
     2.90    0.500   -0.120    0.190    2.915
     3.00    0.500   -0.250    0.195    3.870
     3.10    0.500   -0.300    0.195    3.995
     3.20    0.500   -0.305    0.195    4.000
     3.30    0.500   -0.245    0.195    4.000
     3.40    0.500   -0.140    0.195    4.000
     3.50    0.500    0.010    0.195    4.000
     3.60    0.500    0.190    0.195    3.315
     3.70    0.500    0.390    0.195    2.450
     3.80    0.500    0.605    0.195    1.485
     3.90    0.500    0.815    0.195    0.445
     4.00    0.500    1.005    0.195   -0.565
     4.10    0.500    1.160    0.195   -1.485
     4.20    0.500    1.280    0.195   -2.235
     4.30    0.500    1.340    0.195   -2.825
     4.40    0.500    1.350    0.195   -3.115
     4.50    0.500    1.315    0.190   -3.165
     4.60    0.500    1.250    0.195   -3.030
     4.70    0.500    1.155    0.190   -2.700
     4.80    0.500    1.040    0.190   -2.265
     4.90    0.500    0.920    0.190   -1.710
     5.00    0.500    0.790    0.190   -1.130
     5.10    0.500    0.675    0.190   -0.505
     5.20    0.500    0.570    0.195    0.055
     5.30    0.500    0.485    0.195    0.585
     5.40    0.500    0.425    0.195    0.995
     5.50    0.500    0.400    0.195    1.290
     5.60    0.500    0.385    0.195    1.410
     5.70    0.500    0.395    0.195    1.485
     5.80    0.500    0.420    0.195    1.445
     5.90    0.500    0.450    0.195    1.325
     6.00    0.500    0.490    0.195    1.180
     6.10    0.500    0.530    0.195    0.985
     6.20    0.500    0.575    0.195    0.790
     6.30    0.500    0.610    0.195    0.575
     6.40    0.500    0.645    0.195    0.400
     6.50    0.500    0.670    0.195    0.235
     6.60    0.500    0.685    0.195    0.120
     6.70    0.500    0.685    0.195    0.045
     6.80    0.500    0.685    0.195    0.040
     6.90    0.500    0.685    0.195    0.040
     7.00    0.500    0.685    0.195    0.040
     7.10    0.500    0.685    0.195    0.040
     7.20    0.500    0.685    0.195    0.040
     7.30    0.500    0.685    0.190    0.040
     7.40    0.500    0.685    0.195    0.020
     7.50    0.500    0.685    0.195    0.040
     7.60    0.500    0.685    0.195    0.040
     7.70    0.500    0.685    0.195    0.040
     7.80    0.500    0.685    0.195    0.040
     7.90    0.500    0.685    0.195    0.040
     8.00    0.500    0.685    0.195    0.040
     8.10    0.500    0.685    0.195    0.040
     8.20    0.500    0.685    0.195    0.040
     8.30    0.500    0.685    0.195    0.040
     8.40    0.500    0.685    0.195    0.040
     8.50    0.500    0.685    0.195    0.040
     8.60    0.500    0.685    0.195    0.040
     8.70    0.500    0.685    0.195    0.040
     8.80    0.500    0.685    0.195    0.040
     8.90    0.500    0.685    0.195    0.040
     9.00    0.500    0.685    0.190    0.040
     9.10    0.500    0.685    0.195    0.015
     9.20    0.500    0.685    0.195    0.040
     9.30    0.500    0.685    0.195    0.040
     9.40    0.500    0.685    0.190    0.040
     9.50    0.500    0.685    0.195    0.015
     9.60    0.500    0.685    0.195    0.040
     9.70    0.500    0.685    0.195    0.040
     9.80    0.500    0.685    0.195    0.040
     9.90    0.500    0.685    0.195    0.040
    10.00   -0.500    0.685    0.195    0.040
    10.10   -0.500    0.675    0.190   -3.890
    10.20   -0.500    0.630    0.195   -4.050
    10.30   -0.500    0.540    0.195   -4.050
    10.40   -0.500    0.410    0.190   -4.050
    10.50   -0.500    0.245    0.190   -3.500
    10.60   -0.500    0.055    0.190   -2.710
    10.70   -0.500   -0.150    0.190   -1.790
    10.80   -0.500   -0.350    0.190   -0.800
    10.90   -0.500   -0.540    0.190    0.160
    11.00   -0.500   -0.700    0.195    1.080
    11.10   -0.500   -0.820    0.195    1.880
    11.20   -0.500   -0.890    0.195    2.465
    11.30   -0.500   -0.915    0.195    2.810
    11.40   -0.500   -0.910    0.195    2.935
    11.50   -0.500   -0.855    0.195    2.910
    11.60   -0.500   -0.770    0.195    2.655
    11.70   -0.500   -0.665    0.195    2.245
    11.80   -0.500   -0.550    0.195    1.740
    11.90   -0.500   -0.430    0.195    1.185
    12.00   -0.500   -0.315    0.195    0.610
    12.10   -0.500   -0.215    0.195    0.055
    12.20   -0.500   -0.125    0.195   -0.430
    12.30   -0.500   -0.060    0.195   -0.865
    12.40   -0.500   -0.025    0.195   -1.180
    12.50   -0.500   -0.020    0.195   -1.355
    12.60   -0.500   -0.025    0.195   -1.380
    12.70   -0.500   -0.045    0.195   -1.360
    12.80   -0.500   -0.065    0.195   -1.265
    12.90   -0.500   -0.095    0.195   -1.170
    13.00   -0.500   -0.120    0.195   -1.025
    13.10   -0.500   -0.150    0.195   -0.905
    13.20   -0.500   -0.180    0.195   -0.760
    13.30   -0.500   -0.205    0.195   -0.615
    13.40   -0.500   -0.225    0.195   -0.495
    13.50   -0.500   -0.235    0.195   -0.395
    13.60   -0.500   -0.240    0.195   -0.350
    13.70   -0.500   -0.240    0.195   -0.325
    13.80   -0.500   -0.240    0.195   -0.320
    13.90   -0.500   -0.240    0.195   -0.320
    14.00   -0.500   -0.240    0.195   -0.320
    14.10   -0.500   -0.240    0.195   -0.320
    14.20   -0.500   -0.240    0.195   -0.320
    14.30   -0.500   -0.240    0.195   -0.320
    14.40   -0.500   -0.240    0.195   -0.320
    14.50   -0.500   -0.240    0.195   -0.320
    14.60   -0.500   -0.240    0.195   -0.320
    14.70   -0.500   -0.240    0.195   -0.320
    14.80   -0.500   -0.240    0.195   -0.320
    14.90   -0.500   -0.240    0.195   -0.320
    15.00   -0.500   -0.240    0.195   -0.320
    15.10   -0.500   -0.240    0.195   -0.320
    15.20   -0.500   -0.240    0.195   -0.320
    15.30   -0.500   -0.240    0.195   -0.320
    15.40   -0.500   -0.240    0.195   -0.320
    15.50   -0.500   -0.240    0.195   -0.320
    15.60   -0.500   -0.240    0.195   -0.320
    15.70   -0.500   -0.240    0.195   -0.320
    15.80   -0.500   -0.240    0.195   -0.320
    15.90   -0.500   -0.240    0.195   -0.320
    16.00   -0.500   -0.240    0.195   -0.320
    16.10   -0.500   -0.240    0.195   -0.320
    16.20   -0.500   -0.240    0.195   -0.320
    16.30   -0.500   -0.240    0.195   -0.320
    16.40   -0.500   -0.240    0.195   -0.320
    16.50   -0.500   -0.240    0.195   -0.320
    16.60   -0.500   -0.240    0.195   -0.320
    16.70   -0.500   -0.240    0.195   -0.320
    16.80   -0.500   -0.240    0.195   -0.320
    16.90   -0.500   -0.240    0.195   -0.320
    17.00   -0.500   -0.240    0.195   -0.320
    17.10   -0.500   -0.240    0.195   -0.320
    17.20   -0.500   -0.240    0.195   -0.320
    17.30   -0.500   -0.240    0.195   -0.320
    17.40   -0.500   -0.240    0.195   -0.320
    17.50   -0.500   -0.240    0.195   -0.325
    17.60   -0.500   -0.240    0.195   -0.320
    17.70   -0.500   -0.240    0.195   -0.320
    17.80   -0.500   -0.240    0.195   -0.320
    17.90   -0.500   -0.240    0.195   -0.320
    18.00   -0.500   -0.240    0.195   -0.320
    18.10   -0.500   -0.240    0.195   -0.320
    18.20   -0.500   -0.240    0.195   -0.325
    18.30   -0.500   -0.240    0.195   -0.320
    18.40   -0.500   -0.240    0.195   -0.320
    18.50   -0.500   -0.240    0.195   -0.320
    18.60   -0.500   -0.240    0.195   -0.320
    18.70   -0.500   -0.240    0.195   -0.320
    18.80   -0.500   -0.240    0.195   -0.320
    18.90   -0.500   -0.240    0.195   -0.325
    19.00   -0.500   -0.240    0.195   -0.325
    19.10   -0.500   -0.240    0.195   -0.325
    19.20   -0.500   -0.240    0.195   -0.320
    19.30   -0.500   -0.240    0.195   -0.320
    19.40   -0.500   -0.240    0.195   -0.320
    19.50   -0.500   -0.240    0.190   -0.320
    19.60   -0.500   -0.240    0.195   -0.345
    19.70   -0.500   -0.240    0.195   -0.325
    19.80   -0.500   -0.240    0.195   -0.320
    19.90   -0.500   -0.240    0.195   -0.320
    20.00    0.500   -0.240    0.195   -0.320
    20.10    0.500   -0.235    0.195    3.805
    20.20    0.500   -0.185    0.195    4.000
    20.30    0.500   -0.095    0.195    4.000
    20.40    0.500    0.035    0.195    3.800
    20.50    0.500    0.200    0.195    3.190
    20.60    0.500    0.385    0.195    2.395
    20.70    0.500    0.585    0.195    1.515
    20.80    0.500    0.780    0.195    0.545
    20.90    0.500    0.955    0.195   -0.395
    21.00    0.500    1.100    0.195   -1.245
    21.10    0.500    1.210    0.195   -1.945
    21.20    0.500    1.275    0.195   -2.490
    21.30    0.500    1.290    0.195   -2.805
    21.40    0.500    1.260    0.195   -2.885
    21.50    0.500    1.210    0.195   -2.745
    21.60    0.500    1.130    0.195   -2.500
    21.70    0.500    1.035    0.190   -2.120
    21.80    0.500    0.925    0.195   -1.680
    21.90    0.500    0.815    0.190   -1.130
    22.00    0.500    0.715    0.190   -0.620
    22.10    0.500    0.625    0.195   -0.140
    22.20    0.500    0.550    0.190    0.315
    22.30    0.500    0.495    0.195    0.660
    22.40    0.500    0.470    0.195    0.950
    22.50    0.500    0.465    0.195    1.075
    22.60    0.500    0.475    0.195    1.100
    22.70    0.500    0.490    0.195    1.055
    22.80    0.500    0.510    0.195    0.985
    22.90    0.500    0.525    0.195    0.890
    23.00    0.500    0.550    0.195    0.815
    23.10    0.500    0.565    0.195    0.700
    23.20    0.500    0.580    0.195    0.625
    23.30    0.500    0.595    0.195    0.550
    23.40    0.500    0.605    0.195    0.475
    23.50    0.500    0.605    0.195    0.425
    23.60    0.500    0.605    0.195    0.425
    23.70    0.500    0.605    0.195    0.425
    23.80    0.500    0.605    0.195    0.425
    23.90    0.500    0.605    0.195    0.425
    24.00    0.500    0.605    0.195    0.425
    24.10    0.500    0.605    0.195    0.425
    24.20    0.500    0.605    0.195    0.425
    24.30    0.500    0.605    0.195    0.425
    24.40    0.500    0.605    0.195    0.425
    24.50    0.500    0.605    0.195    0.425
    24.60    0.500    0.605    0.195    0.425
    24.70    0.500    0.605    0.195    0.425
    24.80    0.500    0.605    0.195    0.425
    24.90    0.500    0.605    0.195    0.425
    25.00    0.500    0.605    0.195    0.425
    25.10    0.500    0.605    0.195    0.425
    25.20    0.500    0.605    0.195    0.425
    25.30    0.500    0.605    0.195    0.425
    25.40    0.500    0.605    0.195    0.425
    25.50    0.500    0.605    0.195    0.425
    25.60    0.500    0.605    0.195    0.425
    25.70    0.500    0.605    0.195    0.425
    25.80    0.500    0.605    0.195    0.425
    25.90    0.500    0.605    0.195    0.425
    26.00    0.500    0.605    0.195    0.425
    26.10    0.500    0.605    0.195    0.425
    26.20    0.500    0.605    0.195    0.425
    26.30    0.500    0.605    0.195    0.425
    26.40    0.500    0.605    0.195    0.425
    26.50    0.500    0.605    0.195    0.425
    26.60    0.500    0.605    0.195    0.425
    26.70    0.500    0.605    0.195    0.425
    26.80    0.500    0.605    0.195    0.425
    26.90    0.500    0.605    0.195    0.425
    27.00    0.500    0.605    0.190    0.425
    27.10    0.500    0.605    0.195    0.400
    27.20    0.500    0.605    0.195    0.425
    27.30    0.500    0.605    0.195    0.425
    27.40    0.500    0.605    0.195    0.425
    27.50    0.500    0.605    0.195    0.425
    27.60    0.500    0.605    0.195    0.425
    27.70    0.500    0.605    0.195    0.425
    27.80    0.500    0.605    0.195    0.425
    27.90    0.500    0.605    0.195    0.425
    28.00    0.500    0.605    0.195    0.425
    28.10    0.500    0.605    0.195    0.425
    28.20    0.500    0.605    0.195    0.425
    28.30    0.500    0.605    0.195    0.425
    28.40    0.500    0.605    0.195    0.425
    28.50    0.500    0.605    0.195    0.425
    28.60    0.500    0.605    0.195    0.425
    28.70    0.500    0.605    0.195    0.425
    28.80    0.500    0.605    0.195    0.425
    28.90    0.500    0.605    0.195    0.425
    29.00    0.500    0.605    0.195    0.425
    29.10    0.500    0.605    0.195    0.425
    29.20    0.500    0.605    0.195    0.425
    29.30    0.500    0.605    0.195    0.425
    29.40    0.500    0.605    0.195    0.425
    29.50    0.500    0.605    0.195    0.425
    29.60    0.500    0.605    0.195    0.425
    29.70    0.500    0.605    0.195    0.425
    29.80    0.500    0.605    0.195    0.425
    29.90    0.500    0.605    0.195    0.425
    30.00   -0.500    0.605    0.195    0.425
    30.10   -0.500    0.595    0.195   -3.870
    30.20   -0.500    0.550    0.195   -4.050
    30.30   -0.500    0.460    0.195   -4.050
    30.40   -0.500    0.330    0.190   -3.710
    30.50   -0.500    0.170    0.190   -3.115
    30.60   -0.500   -0.010    0.190   -2.345
    30.70   -0.500   -0.195    0.190   -1.475
    30.80   -0.500   -0.380    0.190   -0.580
    30.90   -0.500   -0.550    0.190    0.310
    31.00   -0.500   -0.690    0.190    1.130
    31.10   -0.500   -0.790    0.195    1.805
    31.20   -0.500   -0.845    0.195    2.320
    31.30   -0.500   -0.855    0.195    2.595
    31.40   -0.500   -0.845    0.195    2.645
    31.50   -0.500   -0.795    0.195    2.595
    31.60   -0.500   -0.720    0.195    2.365
    31.70   -0.500   -0.625    0.195    2.005
    31.80   -0.500   -0.525    0.195    1.545
    31.90   -0.500   -0.425    0.195    1.065
    32.00   -0.500   -0.330    0.195    0.580
    32.10   -0.500   -0.245    0.195    0.120
    32.20   -0.500   -0.170    0.195   -0.290
    32.30   -0.500   -0.120    0.195   -0.650
    32.40   -0.500   -0.090    0.195   -0.895
    32.50   -0.500   -0.090    0.195   -1.040
    32.60   -0.500   -0.085    0.195   -1.045
    32.70   -0.500   -0.080    0.195   -1.070
    32.80   -0.500   -0.090    0.195   -1.090
    32.90   -0.500   -0.105    0.195   -1.045
    33.00   -0.500   -0.115    0.195   -0.975
    33.10   -0.500   -0.135    0.195   -0.930
    33.20   -0.500   -0.145    0.195   -0.835
    33.30   -0.500   -0.160    0.195   -0.785
    33.40   -0.500   -0.170    0.195   -0.710
    33.50   -0.500   -0.180    0.195   -0.660
    33.60   -0.500   -0.185    0.195   -0.610
    33.70   -0.500   -0.190    0.195   -0.585
    33.80   -0.500   -0.190    0.195   -0.565
    33.90   -0.500   -0.190    0.195   -0.560
    34.00   -0.500   -0.190    0.195   -0.560
    34.10   -0.500   -0.190    0.195   -0.560
    34.20   -0.500   -0.190    0.195   -0.560
    34.30   -0.500   -0.190    0.195   -0.560
    34.40   -0.500   -0.190    0.195   -0.560
    34.50   -0.500   -0.190    0.195   -0.560
    34.60   -0.500   -0.190    0.195   -0.560
    34.70   -0.500   -0.190    0.195   -0.560
    34.80   -0.500   -0.190    0.195   -0.560
    34.90   -0.500   -0.190    0.195   -0.560
    35.00   -0.500   -0.190    0.195   -0.560
    35.10   -0.500   -0.190    0.195   -0.560
    35.20   -0.500   -0.190    0.195   -0.560
    35.30   -0.500   -0.190    0.195   -0.560
    35.40   -0.500   -0.190    0.195   -0.560
    35.50   -0.500   -0.190    0.195   -0.560
    35.60   -0.500   -0.190    0.195   -0.560
    35.70   -0.500   -0.190    0.195   -0.560
    35.80   -0.500   -0.190    0.195   -0.560
    35.90   -0.500   -0.190    0.195   -0.560
    36.00   -0.500   -0.190    0.195   -0.560
    36.10   -0.500   -0.190    0.195   -0.560
    36.20   -0.500   -0.190    0.195   -0.560
    36.30   -0.500   -0.190    0.195   -0.560
    36.40   -0.500   -0.190    0.195   -0.560
    36.50   -0.500   -0.190    0.195   -0.560
    36.60   -0.500   -0.190    0.195   -0.560
    36.70   -0.500   -0.190    0.195   -0.560
    36.80   -0.500   -0.190    0.195   -0.560
    36.90   -0.500   -0.190    0.195   -0.560
    37.00   -0.500   -0.190    0.195   -0.560
    37.10   -0.500   -0.190    0.195   -0.560
    37.20   -0.500   -0.190    0.195   -0.560
    37.30   -0.500   -0.190    0.195   -0.560
    37.40   -0.500   -0.190    0.195   -0.560
    37.50   -0.500   -0.190    0.195   -0.560
    37.60   -0.500   -0.190    0.195   -0.560
    37.70   -0.500   -0.190    0.195   -0.560
    37.80   -0.500   -0.190    0.195   -0.560
    37.90   -0.500   -0.190    0.195   -0.560
    38.00   -0.500   -0.190    0.195   -0.560
    38.10   -0.500   -0.190    0.195   -0.560
    38.20   -0.500   -0.190    0.195   -0.560
    38.30   -0.500   -0.190    0.195   -0.560
    38.40   -0.500   -0.190    0.195   -0.560
    38.50   -0.500   -0.190    0.195   -0.560
    38.60   -0.500   -0.190    0.195   -0.560
    38.70   -0.500   -0.190    0.195   -0.560
    38.80   -0.500   -0.190    0.195   -0.560
    38.90   -0.500   -0.190    0.195   -0.560
    39.00   -0.500   -0.190    0.195   -0.560
    39.10   -0.500   -0.190    0.195   -0.560
    39.20   -0.500   -0.190    0.195   -0.560
    39.30   -0.500   -0.190    0.195   -0.560
    39.40   -0.500   -0.190    0.195   -0.560
    39.50   -0.500   -0.190    0.195   -0.560
    39.60   -0.500   -0.190    0.195   -0.560
    39.70   -0.500   -0.190    0.195   -0.560
    39.80   -0.500   -0.190    0.195   -0.560
    39.90   -0.500   -0.190    0.195   -0.560
    40.00    0.500   -0.190    0.195   -0.560
    40.10    0.500   -0.195    0.195    3.785
    40.20    0.500   -0.150    0.195    4.000
    40.30    0.500   -0.065    0.195    4.000
    40.40    0.500    0.070    0.195    3.660
    40.50    0.500    0.230    0.195    3.025
    40.60    0.500    0.410    0.195    2.250
    40.70    0.500    0.600    0.195    1.385
    40.80    0.500    0.785    0.195    0.475
    40.90    0.500    0.955    0.195   -0.420
    41.00    0.500    1.090    0.195   -1.245
    41.10    0.500    1.195    0.195   -1.900
    41.20    0.500    1.250    0.195   -2.415
    41.30    0.500    1.260    0.195   -2.690
    41.40    0.500    1.255    0.195   -2.740
    41.50    0.500    1.200    0.190   -2.715
    41.60    0.500    1.125    0.195   -2.480
    41.70    0.500    1.030    0.190   -2.095
    41.80    0.500    0.925    0.190   -1.655
    41.90    0.500    0.820    0.190   -1.150
    42.00    0.500    0.720    0.195   -0.645
    42.10    0.500    0.630    0.195   -0.140
    42.20    0.500    0.560    0.195    0.290
    42.30    0.500    0.510    0.195    0.635
    42.40    0.500    0.480    0.195    0.880
    42.50    0.500    0.470    0.195    1.025
    42.60    0.500    0.465    0.195    1.075
    42.70    0.500    0.480    0.195    1.100
    42.80    0.500    0.500    0.195    1.035
    42.90    0.500    0.520    0.195    0.935
    43.00    0.500    0.540    0.195    0.840
    43.10    0.500    0.560    0.195    0.745
    43.20    0.500    0.580    0.195    0.650
    43.30    0.500    0.595    0.195    0.550
    43.40    0.500    0.605    0.195    0.480
    43.50    0.500    0.605    0.195    0.425
    43.60    0.500    0.605    0.195    0.425
    43.70    0.500    0.605    0.195    0.425
    43.80    0.500    0.605    0.195    0.425
    43.90    0.500    0.605    0.195    0.425
    44.00    0.500    0.605    0.195    0.425
    44.10    0.500    0.605    0.195    0.425
    44.20    0.500    0.605    0.195    0.425
    44.30    0.500    0.605    0.195    0.425
    44.40    0.500    0.605    0.195    0.425
    44.50    0.500    0.605    0.195    0.425
    44.60    0.500    0.605    0.195    0.425
    44.70    0.500    0.605    0.195    0.425
    44.80    0.500    0.605    0.195    0.425
    44.90    0.500    0.605    0.195    0.425
    45.00    0.500    0.605    0.195    0.425
    45.10    0.500    0.605    0.195    0.425
    45.20    0.500    0.605    0.195    0.425
    45.30    0.500    0.605    0.195    0.425
    45.40    0.500    0.605    0.195    0.425
    45.50    0.500    0.605    0.195    0.425
    45.60    0.500    0.605    0.195    0.425
    45.70    0.500    0.605    0.195    0.425
    45.80    0.500    0.605    0.195    0.425
    45.90    0.500    0.605    0.195    0.425
    46.00    0.500    0.605    0.195    0.425
    46.10    0.500    0.605    0.195    0.425
    46.20    0.500    0.605    0.195    0.425
    46.30    0.500    0.605    0.195    0.425
    46.40    0.500    0.605    0.195    0.425
    46.50    0.500    0.605    0.195    0.425
    46.60    0.500    0.605    0.195    0.425
    46.70    0.500    0.605    0.195    0.425
    46.80    0.500    0.605    0.195    0.425
    46.90    0.500    0.605    0.195    0.425
    47.00    0.500    0.605    0.195    0.425
    47.10    0.500    0.605    0.195    0.425
    47.20    0.500    0.605    0.195    0.425
    47.30    0.500    0.605    0.195    0.425
    47.40    0.500    0.605    0.195    0.425
    47.50    0.500    0.605    0.195    0.425
    47.60    0.500    0.605    0.195    0.425
    47.70    0.500    0.605    0.195    0.425
    47.80    0.500    0.605    0.195    0.425
    47.90    0.500    0.605    0.195    0.425
    48.00    0.500    0.605    0.195    0.425
    48.10    0.500    0.605    0.195    0.425
    48.20    0.500    0.605    0.195    0.425
    48.30    0.500    0.605    0.195    0.425
    48.40    0.500    0.605    0.195    0.425
    48.50    0.500    0.605    0.195    0.425
    48.60    0.500    0.605    0.195    0.425
    48.70    0.500    0.605    0.195    0.425
    48.80    0.500    0.605    0.195    0.425
    48.90    0.500    0.605    0.195    0.425
    49.00    0.500    0.605    0.195    0.425
    49.10    0.500    0.605    0.195    0.425
    49.20    0.500    0.605    0.195    0.425
    49.30    0.500    0.605    0.195    0.425
    49.40    0.500    0.605    0.195    0.425
    49.50    0.500    0.605    0.195    0.425
    49.60    0.500    0.605    0.195    0.425
    49.70    0.500    0.605    0.195    0.425
    49.80    0.500    0.605    0.195    0.425
    49.90    0.500    0.605    0.195    0.425
    50.00   -0.500    0.605    0.195    0.425
    50.10   -0.500    0.595    0.195   -3.860
    50.20   -0.500    0.550    0.195   -4.050
    50.30   -0.500    0.460    0.190   -4.050
    50.40   -0.500    0.330    0.195   -3.730
    50.50   -0.500    0.175    0.190   -3.095
    50.60   -0.500   -0.005    0.190   -2.370
    50.70   -0.500   -0.195    0.195   -1.500
    50.80   -0.500   -0.380    0.190   -0.560
    50.90   -0.500   -0.550    0.195    0.310
    51.00   -0.500   -0.690    0.190    1.160
    51.10   -0.500   -0.790    0.195    1.805
    51.20   -0.500   -0.845    0.195    2.320
    51.30   -0.500   -0.850    0.195    2.590
    51.40   -0.500   -0.850    0.195    2.620
    51.50   -0.500   -0.795    0.195    2.620
    51.60   -0.500   -0.720    0.195    2.360
    51.70   -0.500   -0.630    0.195    2.005
    51.80   -0.500   -0.530    0.195    1.570
    51.90   -0.500   -0.425    0.195    1.090
    52.00   -0.500   -0.330    0.195    0.585
    52.10   -0.500   -0.240    0.195    0.120
    52.20   -0.500   -0.170    0.195   -0.315
    52.30   -0.500   -0.115    0.195   -0.650
    52.40   -0.500   -0.085    0.195   -0.920
    52.50   -0.500   -0.080    0.195   -1.065
    52.60   -0.500   -0.090    0.195   -1.090
    52.70   -0.500   -0.100    0.195   -1.045
    52.80   -0.500   -0.110    0.195   -1.000
    52.90   -0.500   -0.125    0.195   -0.950
    53.00   -0.500   -0.140    0.195   -0.880
    53.10   -0.500   -0.150    0.195   -0.810
    53.20   -0.500   -0.165    0.195   -0.760
    53.30   -0.500   -0.170    0.195   -0.685
    53.40   -0.500   -0.180    0.195   -0.660
    53.50   -0.500   -0.180    0.195   -0.610
    53.60   -0.500   -0.180    0.195   -0.610
    53.70   -0.500   -0.180    0.195   -0.610
    53.80   -0.500   -0.180    0.195   -0.610
    53.90   -0.500   -0.180    0.195   -0.610
    54.00   -0.500   -0.180    0.195   -0.610
    54.10   -0.500   -0.180    0.195   -0.610
    54.20   -0.500   -0.180    0.195   -0.610
    54.30   -0.500   -0.180    0.195   -0.610
    54.40   -0.500   -0.180    0.195   -0.610
    54.50   -0.500   -0.180    0.195   -0.610
    54.60   -0.500   -0.180    0.195   -0.610
    54.70   -0.500   -0.180    0.195   -0.610
    54.80   -0.500   -0.180    0.195   -0.610
    54.90   -0.500   -0.180    0.195   -0.610
    55.00   -0.500   -0.180    0.195   -0.610
    55.10   -0.500   -0.180    0.195   -0.610
    55.20   -0.500   -0.180    0.195   -0.610
    55.30   -0.500   -0.180    0.195   -0.610
    55.40   -0.500   -0.180    0.195   -0.610
    55.50   -0.500   -0.180    0.195   -0.610
    55.60   -0.500   -0.180    0.195   -0.610
    55.70   -0.500   -0.180    0.195   -0.610
    55.80   -0.500   -0.180    0.195   -0.610
    55.90   -0.500   -0.180    0.195   -0.610
    56.00   -0.500   -0.180    0.195   -0.610
    56.10   -0.500   -0.180    0.195   -0.610
    56.20   -0.500   -0.180    0.195   -0.610
    56.30   -0.500   -0.180    0.195   -0.610
    56.40   -0.500   -0.180    0.195   -0.610
    56.50   -0.500   -0.180    0.195   -0.610
    56.60   -0.500   -0.180    0.195   -0.610
    56.70   -0.500   -0.180    0.195   -0.610
    56.80   -0.500   -0.180    0.195   -0.610
    56.90   -0.500   -0.180    0.195   -0.610
    57.00   -0.500   -0.180    0.195   -0.610
    57.10   -0.500   -0.180    0.195   -0.610
    57.20   -0.500   -0.180    0.195   -0.610
    57.30   -0.500   -0.180    0.195   -0.610
    57.40   -0.500   -0.180    0.195   -0.610
    57.50   -0.500   -0.180    0.195   -0.610
    57.60   -0.500   -0.180    0.195   -0.610
    57.70   -0.500   -0.180    0.195   -0.610
    57.80   -0.500   -0.180    0.195   -0.610
    57.90   -0.500   -0.180    0.195   -0.610
    58.00   -0.500   -0.180    0.195   -0.610
    58.10   -0.500   -0.180    0.195   -0.610
    58.20   -0.500   -0.180    0.195   -0.610
    58.30   -0.500   -0.180    0.195   -0.610
    58.40   -0.500   -0.180    0.195   -0.610
    58.50   -0.500   -0.180    0.195   -0.610
    58.60   -0.500   -0.180    0.195   -0.610
    58.70   -0.500   -0.180    0.195   -0.610
    58.80   -0.500   -0.180    0.195   -0.610
    58.90   -0.500   -0.180    0.195   -0.610
    59.00   -0.500   -0.180    0.195   -0.610
    59.10   -0.500   -0.180    0.195   -0.610
    59.20   -0.500   -0.180    0.195   -0.610
    59.30   -0.500   -0.180    0.195   -0.610
    59.40   -0.500   -0.180    0.195   -0.610
    59.50   -0.500   -0.180    0.195   -0.610
    59.60   -0.500   -0.180    0.195   -0.610
    59.70   -0.500   -0.180    0.195   -0.610
    59.80   -0.500   -0.180    0.195   -0.610
    59.90   -0.500   -0.180    0.195   -0.610
    60.00    0.500   -0.180    0.195   -0.610
    60.10    0.500   -0.175    0.195    3.820
    60.20    0.500   -0.125    0.195    4.000
    60.30    0.500   -0.035    0.195    3.945
    60.40    0.500    0.095    0.195    3.520
    60.50    0.500    0.250    0.195    2.905
    60.60    0.500    0.425    0.195    2.155
    60.70    0.500    0.615    0.195    1.315
    60.80    0.500    0.795    0.195    0.395
    60.90    0.500    0.955    0.195   -0.465
    61.00    0.500    1.090    0.195   -1.245
    61.10    0.500    1.185    0.195   -1.900
    61.20    0.500    1.235    0.195   -2.370
    61.30    0.500    1.245    0.195   -2.615
    61.40    0.500    1.215    0.195   -2.665
    61.50    0.500    1.165    0.195   -2.525
    61.60    0.500    1.090    0.195   -2.285
    61.70    0.500    1.000    0.190   -1.925
    61.80    0.500    0.905    0.195   -1.510
    61.90    0.500    0.810    0.190   -1.030
    62.00    0.500    0.715    0.190   -0.590
    62.10    0.500    0.635    0.195   -0.140
    62.20    0.500    0.575    0.195    0.270
    62.30    0.500    0.530    0.195    0.565
    62.40    0.500    0.515    0.195    0.785
    62.50    0.500    0.515    0.195    0.860
    62.60    0.500    0.505    0.195    0.860
    62.70    0.500    0.505    0.195    0.905
    62.80    0.500    0.515    0.195    0.910
    62.90    0.500    0.520    0.195    0.865
    63.00    0.500    0.530    0.195    0.840
    63.10    0.500    0.540    0.195    0.790
    63.20    0.500    0.545    0.195    0.745
    63.30    0.500    0.555    0.195    0.720
    63.40    0.500    0.555    0.195    0.670
    63.50    0.500    0.555    0.195    0.670
    63.60    0.500    0.555    0.195    0.670
    63.70    0.500    0.555    0.195    0.670
    63.80    0.500    0.555    0.195    0.670
    63.90    0.500    0.555    0.195    0.670
    64.00    0.500    0.555    0.195    0.670
    64.10    0.500    0.555    0.195    0.670
    64.20    0.500    0.555    0.195    0.670
    64.30    0.500    0.555    0.195    0.670
    64.40    0.500    0.555    0.195    0.670
    64.50    0.500    0.555    0.195    0.670
    64.60    0.500    0.555    0.195    0.670
    64.70    0.500    0.555    0.195    0.670
    64.80    0.500    0.555    0.195    0.670
    64.90    0.500    0.555    0.195    0.670
    65.00    0.500    0.555    0.195    0.670
    65.10    0.500    0.555    0.195    0.670
    65.20    0.500    0.555    0.195    0.670
    65.30    0.500    0.555    0.195    0.670
    65.40    0.500    0.555    0.195    0.670
    65.50    0.500    0.555    0.195    0.670
    65.60    0.500    0.555    0.195    0.670
    65.70    0.500    0.555    0.195    0.670
    65.80    0.500    0.555    0.195    0.670
    65.90    0.500    0.555    0.195    0.670
    66.00    0.500    0.555    0.195    0.670
    66.10    0.500    0.555    0.195    0.670
    66.20    0.500    0.555    0.195    0.670
    66.30    0.500    0.555    0.195    0.670
    66.40    0.500    0.555    0.195    0.670
    66.50    0.500    0.555    0.195    0.670
    66.60    0.500    0.555    0.195    0.670
    66.70    0.500    0.555    0.195    0.670
    66.80    0.500    0.555    0.195    0.670
    66.90    0.500    0.555    0.195    0.670
    67.00    0.500    0.555    0.195    0.670
    67.10    0.500    0.555    0.195    0.670
    67.20    0.500    0.555    0.195    0.670
    67.30    0.500    0.555    0.195    0.670
    67.40    0.500    0.555    0.195    0.670
    67.50    0.500    0.555    0.195    0.670
    67.60    0.500    0.555    0.195    0.670
    67.70    0.500    0.555    0.195    0.670
    67.80    0.500    0.555    0.195    0.670
    67.90    0.500    0.555    0.195    0.670
    68.00    0.500    0.555    0.195    0.670
    68.10    0.500    0.555    0.195    0.670
    68.20    0.500    0.555    0.195    0.670
    68.30    0.500    0.555    0.195    0.670
    68.40    0.500    0.555    0.195    0.670
    68.50    0.500    0.555    0.195    0.670
    68.60    0.500    0.555    0.195    0.670
    68.70    0.500    0.555    0.195    0.670
    68.80    0.500    0.555    0.195    0.670
    68.90    0.500    0.555    0.195    0.670
    69.00    0.500    0.555    0.195    0.670
    69.10    0.500    0.555    0.195    0.670
    69.20    0.500    0.555    0.195    0.670
    69.30    0.500    0.555    0.195    0.670
    69.40    0.500    0.555    0.195    0.670
    69.50    0.500    0.555    0.195    0.670
    69.60    0.500    0.555    0.195    0.670
    69.70    0.500    0.555    0.195    0.670
    69.80    0.500    0.555    0.195    0.670
    69.90    0.500    0.555    0.195    0.670
    70.00    0.000    0.000    0.000    0.000

