Data export from TecQuipment CE2000

Data series 1

    Time Func. Gen. position  pos ref motor i/p 
     0.00    0.500    0.190    0.195   -0.010
     0.10    0.500    0.190    0.195    2.300
     0.20    0.500    0.200    0.195    2.430
     0.30    0.500    0.245    0.195    2.430
     0.40    0.500    0.310    0.195    2.430
     0.50    0.500    0.400    0.195    2.430
     0.60    0.500    0.500    0.195    2.430
     0.70    0.500    0.625    0.195    2.430
     0.80    0.500    0.765    0.195    2.430
     0.90    0.500    0.920    0.195    2.430
     1.00    0.500    1.090    0.195    2.430
     1.10    0.500    1.275    0.195    2.430
     1.20    0.500    1.470    0.195    2.430
     1.30    0.500    1.670    0.195   -2.340
     1.40    0.500    1.815    0.195   -4.040
     1.50    0.500    1.885    0.195   -4.050
     1.60    0.500    1.880    0.195   -4.050
     1.70    0.500    1.820    0.195   -4.050
     1.80    0.500    1.715    0.190   -4.050
     1.90    0.500    1.570    0.190   -4.050
     2.00    0.500    1.380    0.190   -4.050
     2.10    0.500    1.160    0.190   -3.355
     2.20    0.500    0.910    0.190   -2.300
     2.30    0.500    0.660    0.190   -1.105
     2.40    0.500    0.420    0.190    0.105
     2.50    0.500    0.205    0.190    1.265
     2.60    0.500    0.035    0.190    2.310
     2.70    0.500   -0.080    0.195    3.135
     2.80    0.500   -0.135    0.195    3.720
     2.90    0.500   -0.125    0.195    3.985
     3.00    0.500   -0.065    0.195    3.950
     3.10    0.500    0.040    0.195    3.665
     3.20    0.500    0.180    0.195    3.165
     3.30    0.500    0.345    0.195    2.490
     3.40    0.500    0.525    0.195    1.695
     3.50    0.500    0.705    0.195    0.835
     3.60    0.500    0.880    0.195   -0.035
     3.70    0.500    1.030    0.195   -0.880
     3.80    0.500    1.145    0.195   -1.610
     3.90    0.500    1.220    0.195   -2.170
     4.00    0.500    1.245    0.195   -2.540
     4.10    0.500    1.235    0.195   -2.665
     4.20    0.500    1.195    0.190   -2.620
     4.30    0.500    1.130    0.190   -2.450
     4.40    0.500    1.045    0.190   -2.140
     4.50    0.500    0.945    0.190   -1.730
     4.60    0.500    0.835    0.190   -1.245
     4.70    0.500    0.730    0.190   -0.720
     4.80    0.500    0.630    0.190   -0.215
     4.90    0.500    0.545    0.195    0.270
     5.00    0.500    0.480    0.195    0.705
     5.10    0.500    0.440    0.190    1.025
     5.20    0.500    0.435    0.195    1.195
     5.30    0.500    0.430    0.195    1.245
     5.40    0.500    0.430    0.195    1.270
     5.50    0.500    0.450    0.195    1.270
     5.60    0.500    0.475    0.195    1.180
     5.70    0.500    0.505    0.195    1.055
     5.80    0.500    0.540    0.195    0.910
     5.90    0.500    0.570    0.195    0.740
     6.00    0.500    0.605    0.195    0.595
     6.10    0.500    0.635    0.195    0.425
     6.20    0.500    0.655    0.195    0.285
     6.30    0.500    0.675    0.195    0.185
     6.40    0.500    0.680    0.195    0.090
     6.50    0.500    0.685    0.195    0.065
     6.60    0.500    0.685    0.195    0.040
     6.70    0.500    0.685    0.195    0.040
     6.80    0.500    0.685    0.190    0.040
     6.90    0.500    0.685    0.195    0.015
     7.00    0.500    0.685    0.190    0.040
     7.10    0.500    0.685    0.195    0.015
     7.20    0.500    0.685    0.190    0.040
     7.30    0.500    0.685    0.195    0.015
     7.40    0.500    0.685    0.195    0.040
     7.50    0.500    0.685    0.195    0.040
     7.60    0.500    0.685    0.195    0.040
     7.70    0.500    0.685    0.195    0.040
     7.80    0.500    0.685    0.195    0.040
     7.90    0.500    0.685    0.195    0.040
     8.00    0.500    0.685    0.190    0.040
     8.10    0.500    0.685    0.190    0.015
     8.20    0.500    0.685    0.195    0.015
     8.30    0.500    0.685    0.195    0.040
     8.40    0.500    0.685    0.195    0.040
     8.50    0.500    0.685    0.195    0.040
     8.60    0.500    0.685    0.195    0.040
     8.70    0.500    0.685    0.190    0.040
     8.80    0.500    0.685    0.195    0.015
     8.90    0.500    0.685    0.195    0.040
     9.00    0.500    0.685    0.195    0.040
     9.10    0.500    0.685    0.195    0.040
     9.20    0.500    0.685    0.190    0.040
     9.30    0.500    0.685    0.190    0.020
     9.40    0.500    0.685    0.190    0.015
     9.50    0.500    0.685    0.195    0.015
     9.60    0.500    0.685    0.195    0.040
     9.70    0.500    0.685    0.195    0.040
     9.80    0.500    0.685    0.195    0.040
     9.90    0.500    0.685    0.190    0.040
    10.00    0.500    0.685    0.195    0.015
    10.10    0.500    0.685    0.190    0.040
    10.20    0.500    0.685    0.195    0.020
    10.30    0.500    0.685    0.195    0.040
    10.40    0.500    0.685    0.195    0.040
    10.50    0.500    0.685    0.195    0.040
    10.60    0.500    0.685    0.190    0.040
    10.70    0.500    0.685    0.195    0.015
    10.80    0.500    0.685    0.195    0.040
    10.90    0.500    0.685    0.195    0.040
    11.00    0.500    0.685    0.195    0.040
    11.10    0.500    0.685    0.195    0.040
    11.20    0.500    0.685    0.195    0.040
    11.30    0.500    0.685    0.195    0.040
    11.40    0.500    0.685    0.195    0.040
    11.50    0.500    0.685    0.195    0.040
    11.60    0.500    0.685    0.195    0.040
    11.70    0.500    0.685    0.190    0.040
    11.80    0.500    0.685    0.195    0.020
    11.90    0.500    0.685    0.190    0.040
    12.00    0.500    0.685    0.195    0.015
    12.10    0.500    0.685    0.195    0.040
    12.20    0.500    0.685    0.190    0.040
    12.30    0.500    0.685    0.190    0.015
    12.40    0.500    0.685    0.190    0.015
    12.50    0.500    0.685    0.195    0.015
    12.60    0.500    0.685    0.190    0.040
    12.70    0.500    0.685    0.190    0.015
    12.80    0.500    0.685    0.195    0.015
    12.90    0.500    0.685    0.195    0.040
    13.00    0.500    0.685    0.195    0.040
    13.10    0.500    0.685    0.195    0.040
    13.20    0.500    0.685    0.195    0.040
    13.30    0.500    0.685    0.195    0.040
    13.40    0.500    0.685    0.190    0.040
    13.50    0.500    0.685    0.195    0.020
    13.60    0.500    0.685    0.190    0.040
    13.70    0.500    0.685    0.195    0.015
    13.80    0.500    0.685    0.195    0.040
    13.90    0.500    0.685    0.195    0.040
    14.00    0.500    0.685    0.190    0.040
    14.10    0.500    0.685    0.195    0.020
    14.20    0.500    0.685    0.195    0.040
    14.30    0.500    0.685    0.195    0.040
    14.40    0.500    0.685    0.190    0.040
    14.50    0.500    0.685    0.195    0.015
    14.60    0.500    0.685    0.190    0.040
    14.70    0.500    0.685    0.190    0.015
    14.80    0.500    0.685    0.195    0.015
    14.90    0.500    0.685    0.195    0.040
    15.00    0.500    0.685    0.190    0.040
    15.10    0.500    0.685    0.195    0.020
    15.20    0.500    0.685    0.190    0.040
    15.30    0.500    0.685    0.195    0.020
    15.40    0.500    0.685    0.195    0.040
    15.50    0.500    0.685    0.195    0.040
    15.60    0.500    0.685    0.190    0.040
    15.70    0.500    0.685    0.195    0.015
    15.80    0.500    0.685    0.195    0.040
    15.90    0.500    0.685    0.195    0.040
    16.00    0.500    0.685    0.195    0.040
    16.10    0.500    0.685    0.190    0.040
    16.20    0.500    0.685    0.195    0.015
    16.30    0.500    0.685    0.195    0.040
    16.40    0.500    0.685    0.195    0.040
    16.50    0.500    0.685    0.190    0.040
    16.60   -0.500    0.685    0.190    0.015
    16.70   -0.500    0.670    0.190   -3.890
    16.80   -0.500    0.625    0.190   -4.050
    16.90   -0.500    0.535    0.190   -4.050
    17.00   -0.500    0.405    0.190   -4.050
    17.10   -0.500    0.235    0.190   -3.475
    17.20   -0.500    0.035    0.190   -2.665
    17.30   -0.500   -0.180    0.190   -1.690
    17.40   -0.500   -0.395    0.190   -0.655
    17.50   -0.500   -0.595    0.190    0.370
    17.60   -0.500   -0.765    0.190    1.340
    17.70   -0.500   -0.895    0.195    2.170
    17.80   -0.500   -0.970    0.195    2.825
    17.90   -0.500   -0.995    0.195    3.195
    18.00   -0.500   -0.985    0.195    3.315
    18.10   -0.500   -0.925    0.195    3.270
    18.20   -0.500   -0.830    0.195    2.995
    18.30   -0.500   -0.710    0.195    2.535
    18.40   -0.500   -0.570    0.195    1.960
    18.50   -0.500   -0.420    0.195    1.285
    18.60   -0.500   -0.270    0.195    0.560
    18.70   -0.500   -0.135    0.195   -0.165
    18.80   -0.500   -0.020    0.195   -0.810
    18.90   -0.500    0.065    0.195   -1.370
    19.00   -0.500    0.115    0.195   -1.780
    19.10   -0.500    0.120    0.195   -2.035
    19.20   -0.500    0.105    0.195   -2.060
    19.30   -0.500    0.070    0.190   -1.990
    19.40   -0.500    0.015    0.195   -1.845
    19.50   -0.500   -0.050    0.195   -1.560
    19.60   -0.500   -0.125    0.190   -1.245
    19.70   -0.500   -0.195    0.190   -0.910
    19.80   -0.500   -0.265    0.195   -0.570
    19.90   -0.500   -0.330    0.195   -0.210
    20.00   -0.500   -0.380    0.195    0.105
    20.10   -0.500   -0.415    0.195    0.345
    20.20   -0.500   -0.435    0.195    0.520
    20.30   -0.500   -0.435    0.195    0.615
    20.40   -0.500   -0.430    0.195    0.620
    20.50   -0.500   -0.430    0.195    0.595
    20.60   -0.500   -0.430    0.195    0.595
    20.70   -0.500   -0.430    0.195    0.595
    20.80   -0.500   -0.430    0.195    0.595
    20.90   -0.500   -0.430    0.195    0.595
    21.00   -0.500   -0.430    0.195    0.595
    21.10   -0.500   -0.430    0.195    0.595
    21.20   -0.500   -0.430    0.195    0.595
    21.30   -0.500   -0.430    0.195    0.595
    21.40   -0.500   -0.430    0.195    0.595
    21.50   -0.500   -0.430    0.195    0.595
    21.60   -0.500   -0.430    0.195    0.595
    21.70   -0.500   -0.430    0.195    0.595
    21.80   -0.500   -0.430    0.195    0.595
    21.90   -0.500   -0.430    0.195    0.595
    22.00   -0.500   -0.430    0.195    0.595
    22.10   -0.500   -0.430    0.195    0.595
    22.20   -0.500   -0.430    0.195    0.595
    22.30   -0.500   -0.430    0.195    0.595
    22.40   -0.500   -0.430    0.190    0.595
    22.50   -0.500   -0.430    0.195    0.575
    22.60   -0.500   -0.430    0.195    0.595
    22.70   -0.500   -0.430    0.195    0.595
    22.80   -0.500   -0.430    0.195    0.595
    22.90   -0.500   -0.430    0.195    0.595
    23.00   -0.500   -0.430    0.190    0.595
    23.10   -0.500   -0.430    0.195    0.575
    23.20   -0.500   -0.430    0.195    0.595
    23.30   -0.500   -0.430    0.195    0.595
    23.40   -0.500   -0.430    0.195    0.595
    23.50   -0.500   -0.430    0.195    0.595
    23.60   -0.500   -0.430    0.195    0.595
    23.70   -0.500   -0.430    0.195    0.595
    23.80   -0.500   -0.430    0.195    0.595
    23.90   -0.500   -0.430    0.195    0.595
    24.00   -0.500   -0.430    0.195    0.595
    24.10   -0.500   -0.430    0.195    0.595
    24.20   -0.500   -0.430    0.195    0.595
    24.30   -0.500   -0.430    0.195    0.595
    24.40   -0.500   -0.430    0.195    0.595
    24.50   -0.500   -0.430    0.195    0.595
    24.60   -0.500   -0.430    0.195    0.595
    24.70   -0.500   -0.430    0.195    0.595
    24.80   -0.500   -0.430    0.195    0.595
    24.90   -0.500   -0.430    0.195    0.595
    25.00   -0.500   -0.430    0.195    0.595
    25.10   -0.500   -0.430    0.195    0.595
    25.20   -0.500   -0.430    0.195    0.595
    25.30   -0.500   -0.430    0.195    0.595
    25.40   -0.500   -0.430    0.195    0.595
    25.50   -0.500   -0.430    0.190    0.595
    25.60   -0.500   -0.430    0.195    0.570
    25.70   -0.500   -0.430    0.195    0.595
    25.80   -0.500   -0.430    0.195    0.595
    25.90   -0.500   -0.430    0.195    0.595
    26.00   -0.500   -0.430    0.195    0.595
    26.10   -0.500   -0.430    0.195    0.595
    26.20   -0.500   -0.430    0.195    0.595
    26.30   -0.500   -0.430    0.195    0.595
    26.40   -0.500   -0.430    0.195    0.595
    26.50   -0.500   -0.430    0.195    0.595
    26.60   -0.500   -0.430    0.195    0.595
    26.70   -0.500   -0.430    0.195    0.595
    26.80   -0.500   -0.430    0.195    0.595
    26.90   -0.500   -0.430    0.195    0.595
    27.00   -0.500   -0.430    0.195    0.595
    27.10   -0.500   -0.430    0.195    0.595
    27.20   -0.500   -0.430    0.195    0.595
    27.30   -0.500   -0.430    0.195    0.595
    27.40   -0.500   -0.430    0.195    0.595
    27.50   -0.500   -0.430    0.195    0.595
    27.60   -0.500   -0.430    0.195    0.595
    27.70   -0.500   -0.430    0.195    0.595
    27.80   -0.500   -0.430    0.195    0.595
    27.90   -0.500   -0.430    0.195    0.595
    28.00   -0.500   -0.430    0.195    0.595
    28.10   -0.500   -0.430    0.195    0.595
    28.20   -0.500   -0.430    0.195    0.595
    28.30   -0.500   -0.430    0.195    0.595
    28.40   -0.500   -0.430    0.195    0.595
    28.50   -0.500   -0.430    0.195    0.595
    28.60   -0.500   -0.430    0.195    0.595
    28.70   -0.500   -0.430    0.195    0.595
    28.80   -0.500   -0.430    0.195    0.595
    28.90   -0.500   -0.430    0.195    0.595
    29.00   -0.500   -0.430    0.195    0.595
    29.10   -0.500   -0.430    0.195    0.595
    29.20   -0.500   -0.430    0.195    0.595
    29.30   -0.500   -0.430    0.195    0.595
    29.40   -0.500   -0.430    0.195    0.595
    29.50   -0.500   -0.430    0.195    0.595
    29.60   -0.500   -0.430    0.195    0.595
    29.70   -0.500   -0.430    0.195    0.595
    29.80   -0.500   -0.430    0.195    0.595
    29.90   -0.500   -0.430    0.195    0.595
    30.00   -0.500   -0.430    0.195    0.595
    30.10   -0.500   -0.430    0.195    0.595
    30.20   -0.500   -0.430    0.195    0.595
    30.30   -0.500   -0.430    0.195    0.595
    30.40   -0.500   -0.430    0.195    0.595
    30.50   -0.500   -0.430    0.195    0.595
    30.60   -0.500   -0.430    0.195    0.595
    30.70   -0.500   -0.430    0.195    0.595
    30.80   -0.500   -0.430    0.195    0.595
    30.90   -0.500   -0.430    0.195    0.595
    31.00   -0.500   -0.430    0.195    0.595
    31.10   -0.500   -0.430    0.195    0.595
    31.20   -0.500   -0.430    0.195    0.595
    31.30   -0.500   -0.430    0.195    0.595
    31.40   -0.500   -0.430    0.195    0.595
    31.50   -0.500   -0.430    0.195    0.595
    31.60   -0.500   -0.430    0.195    0.595
    31.70   -0.500   -0.430    0.195    0.595
    31.80   -0.500   -0.430    0.195    0.595
    31.90   -0.500   -0.430    0.190    0.595
    32.00   -0.500   -0.430    0.195    0.575
    32.10   -0.500   -0.430    0.195    0.595
    32.20   -0.500   -0.430    0.195    0.595
    32.30   -0.500   -0.430    0.195    0.595
    32.40   -0.500   -0.430    0.195    0.595
    32.50   -0.500   -0.430    0.195    0.595
    32.60   -0.500   -0.430    0.195    0.595
    32.70   -0.500   -0.430    0.195    0.595
    32.80   -0.500   -0.430    0.195    0.595
    32.90   -0.500   -0.430    0.195    0.595
    33.00   -0.500   -0.430    0.195    0.595
    33.10   -0.500   -0.430    0.195    0.595
    33.20   -0.500   -0.430    0.195    0.595
    33.30    0.500   -0.430    0.195    0.595
    33.40    0.500   -0.420    0.195    3.845
    33.50    0.500   -0.375    0.195    4.000
    33.60    0.500   -0.280    0.195    4.000
    33.70    0.500   -0.145    0.195    4.000
    33.80    0.500    0.030    0.195    4.000
    33.90    0.500    0.240    0.195    3.215
    34.00    0.500    0.475    0.195    2.215
    34.10    0.500    0.715    0.195    1.085
    34.20    0.500    0.945    0.195   -0.075
    34.30    0.500    1.150    0.195   -1.190
    34.40    0.500    1.315    0.195   -2.185
    34.50    0.500    1.425    0.195   -2.990
    34.60    0.500    1.475    0.195   -3.520
    34.70    0.500    1.480    0.190   -3.770
    34.80    0.500    1.425    0.190   -3.820
    34.90    0.500    1.320    0.190   -3.565
    35.00    0.500    1.185    0.190   -3.060
    35.10    0.500    1.025    0.190   -2.415
    35.20    0.500    0.845    0.190   -1.645
    35.30    0.500    0.670    0.190   -0.780
    35.40    0.500    0.505    0.190    0.070
    35.50    0.500    0.365    0.190    0.865
    35.60    0.500    0.250    0.195    1.545
    35.70    0.500    0.180    0.195    2.125
    35.80    0.500    0.155    0.195    2.465
    35.90    0.500    0.150    0.195    2.595
    36.00    0.500    0.190    0.190    2.620
    36.10    0.500    0.255    0.195    2.410
    36.20    0.500    0.345    0.195    2.120
    36.30    0.500    0.440    0.195    1.685
    36.40    0.500    0.545    0.195    1.235
    36.50    0.500    0.655    0.195    0.730
    36.60    0.500    0.755    0.195    0.195
    36.70    0.500    0.840    0.195   -0.290
    36.80    0.500    0.910    0.195   -0.700
    36.90    0.500    0.950    0.195   -1.040
    37.00    0.500    0.955    0.195   -1.235
    37.10    0.500    0.960    0.195   -1.260
    37.20    0.500    0.955    0.190   -1.285
    37.30    0.500    0.935    0.195   -1.285
    37.40    0.500    0.905    0.190   -1.170
    37.50    0.500    0.875    0.195   -1.045
    37.60    0.500    0.840    0.190   -0.880
    37.70    0.500    0.810    0.190   -0.735
    37.80    0.500    0.780    0.190   -0.590
    37.90    0.500    0.760    0.190   -0.450
    38.00    0.500    0.745    0.195   -0.350
    38.10    0.500    0.735    0.190   -0.255
    38.20    0.500    0.735    0.195   -0.225
    38.30    0.500    0.735    0.190   -0.205
    38.40    0.500    0.735    0.190   -0.225
    38.50    0.500    0.735    0.195   -0.225
    38.60    0.500    0.735    0.195   -0.205
    38.70    0.500    0.735    0.195   -0.200
    38.80    0.500    0.735    0.190   -0.200
    38.90    0.500    0.735    0.195   -0.225
    39.00    0.500    0.735    0.195   -0.205
    39.10    0.500    0.735    0.195   -0.200
    39.20    0.500    0.735    0.190   -0.200
    39.30    0.500    0.735    0.195   -0.225
    39.40    0.500    0.735    0.195   -0.205
    39.50    0.500    0.735    0.195   -0.200
    39.60    0.500    0.735    0.190   -0.200
    39.70    0.500    0.735    0.195   -0.225
    39.80    0.500    0.735    0.195   -0.205
    39.90    0.500    0.735    0.195   -0.200
    40.00    0.500    0.735    0.190   -0.200
    40.10    0.500    0.735    0.195   -0.225
    40.20    0.500    0.735    0.190   -0.205
    40.30    0.500    0.735    0.190   -0.225
    40.40    0.500    0.735    0.190   -0.225
    40.50    0.500    0.735    0.195   -0.225
    40.60    0.500    0.735    0.195   -0.205
    40.70    0.500    0.735    0.195   -0.200
    40.80    0.500    0.735    0.195   -0.200
    40.90    0.500    0.735    0.190   -0.200
    41.00    0.500    0.735    0.195   -0.225
    41.10    0.500    0.735    0.190   -0.205
    41.20    0.500    0.735    0.190   -0.225
    41.30    0.500    0.735    0.195   -0.225
    41.40    0.500    0.735    0.190   -0.205
    41.50    0.500    0.735    0.190   -0.225
    41.60    0.500    0.735    0.190   -0.225
    41.70    0.500    0.735    0.195   -0.225
    41.80    0.500    0.735    0.195   -0.205
    41.90    0.500    0.735    0.195   -0.200
    42.00    0.500    0.735    0.195   -0.200
    42.10    0.500    0.735    0.195   -0.200
    42.20    0.500    0.735    0.190   -0.200
    42.30    0.500    0.735    0.190   -0.225
    42.40    0.500    0.735    0.195   -0.225
    42.50    0.500    0.735    0.195   -0.205
    42.60    0.500    0.735    0.190   -0.200
    42.70    0.500    0.735    0.195   -0.225
    42.80    0.500    0.735    0.195   -0.205
    42.90    0.500    0.735    0.195   -0.200
    43.00    0.500    0.735    0.195   -0.200
    43.10    0.500    0.735    0.195   -0.200
    43.20    0.500    0.735    0.195   -0.200
    43.30    0.500    0.735    0.195   -0.200
    43.40    0.500    0.735    0.195   -0.200
    43.50    0.500    0.735    0.195   -0.200
    43.60    0.500    0.735    0.195   -0.200
    43.70    0.500    0.735    0.195   -0.200
    43.80    0.500    0.735    0.195   -0.205
    43.90    0.500    0.735    0.195   -0.200
    44.00    0.500    0.735    0.190   -0.205
    44.10    0.500    0.735    0.195   -0.225
    44.20    0.500    0.735    0.190   -0.205
    44.30    0.500    0.735    0.190   -0.225
    44.40    0.500    0.735    0.195   -0.225
    44.50    0.500    0.735    0.195   -0.205
    44.60    0.500    0.735    0.195   -0.200
    44.70    0.500    0.735    0.190   -0.200
    44.80    0.500    0.735    0.190   -0.225
    44.90    0.500    0.735    0.190   -0.225
    45.00    0.500    0.735    0.195   -0.225
    45.10    0.500    0.735    0.190   -0.205
    45.20    0.500    0.735    0.190   -0.225
    45.30    0.500    0.735    0.190   -0.225
    45.40    0.500    0.735    0.195   -0.225
    45.50    0.500    0.735    0.195   -0.205
    45.60    0.500    0.735    0.190   -0.200
    45.70    0.500    0.735    0.190   -0.225
    45.80    0.500    0.735    0.190   -0.225
    45.90    0.500    0.735    0.190   -0.225
    46.00    0.500    0.735    0.190   -0.225
    46.10    0.500    0.735    0.190   -0.225
    46.20    0.500    0.735    0.195   -0.225
    46.30    0.500    0.735    0.195   -0.205
    46.40    0.500    0.735    0.195   -0.200
    46.50    0.500    0.735    0.195   -0.200
    46.60    0.500    0.735    0.195   -0.200
    46.70    0.500    0.735    0.195   -0.200
    46.80    0.500    0.735    0.195   -0.200
    46.90    0.500    0.735    0.195   -0.200
    47.00    0.500    0.735    0.190   -0.200
    47.10    0.500    0.735    0.195   -0.225
    47.20    0.500    0.735    0.195   -0.205
    47.30    0.500    0.735    0.195   -0.200
    47.40    0.500    0.735    0.195   -0.200
    47.50    0.500    0.735    0.195   -0.200
    47.60    0.500    0.735    0.190   -0.200
    47.70    0.500    0.735    0.195   -0.225
    47.80    0.500    0.735    0.190   -0.205
    47.90    0.500    0.735    0.195   -0.225
    48.00    0.500    0.735    0.195   -0.205
    48.10    0.500    0.735    0.195   -0.200
    48.20    0.500    0.735    0.195   -0.200
    48.30    0.500    0.735    0.195   -0.200
    48.40    0.500    0.735    0.195   -0.205
    48.50    0.500    0.735    0.190   -0.200
    48.60    0.500    0.735    0.195   -0.225
    48.70    0.500    0.735    0.190   -0.205
    48.80    0.500    0.735    0.190   -0.225
    48.90    0.500    0.735    0.195   -0.225
    49.00    0.500    0.735    0.195   -0.205
    49.10    0.500    0.735    0.190   -0.200
    49.20    0.500    0.735    0.195   -0.225
    49.30    0.500    0.735    0.195   -0.205
    49.40    0.500    0.735    0.195   -0.205
    49.50    0.500    0.735    0.195   -0.200
    49.60    0.500    0.735    0.190   -0.200
    49.70    0.500    0.735    0.195   -0.225
    49.80    0.500    0.735    0.195   -0.205
    49.90    0.500    0.735    0.190   -0.200
    50.00   -0.500    0.735    0.195   -0.225
    50.10   -0.500    0.730    0.195   -3.890
    50.20   -0.500    0.685    0.195   -4.050
    50.30   -0.500    0.595    0.190   -4.050
    50.40   -0.500    0.465    0.190   -4.050
    50.50   -0.500    0.295    0.190   -3.755
    50.60   -0.500    0.095    0.190   -2.955
    50.70   -0.500   -0.125    0.190   -1.985
    50.80   -0.500   -0.350    0.190   -0.935
    50.90   -0.500   -0.565    0.190    0.160
    51.00   -0.500   -0.750    0.190    1.195
    51.10   -0.500   -0.895    0.195    2.090
    51.20   -0.500   -0.990    0.195    2.820
    51.30   -0.500   -1.030    0.195    3.285
    51.40   -0.500   -1.030    0.195    3.480
    51.50   -0.500   -0.980    0.195    3.485
    51.60   -0.500   -0.885    0.195    3.255
    51.70   -0.500   -0.765    0.195    2.800
    51.80   -0.500   -0.615    0.195    2.225
    51.90   -0.500   -0.460    0.195    1.505
    52.00   -0.500   -0.295    0.195    0.755
    52.10   -0.500   -0.150    0.195   -0.040
    52.20   -0.500   -0.020    0.195   -0.745
    52.30   -0.500    0.080    0.195   -1.365
    52.40   -0.500    0.145    0.195   -1.855
    52.50   -0.500    0.160    0.195   -2.175
    52.60   -0.500    0.150    0.190   -2.255
    52.70   -0.500    0.115    0.190   -2.235
    52.80   -0.500    0.060    0.195   -2.065
    52.90   -0.500   -0.010    0.190   -1.780
    53.00   -0.500   -0.090    0.190   -1.465
    53.10   -0.500   -0.180    0.190   -1.080
    53.20   -0.500   -0.260    0.195   -0.645
    53.30   -0.500   -0.335    0.195   -0.235
    53.40   -0.500   -0.400    0.195    0.130
    53.50   -0.500   -0.450    0.195    0.440
    53.60   -0.500   -0.475    0.195    0.685
    53.70   -0.500   -0.480    0.195    0.810
    53.80   -0.500   -0.480    0.195    0.835
    53.90   -0.500   -0.470    0.195    0.835
    54.00   -0.500   -0.470    0.195    0.790
    54.10   -0.500   -0.460    0.195    0.790
    54.20   -0.500   -0.460    0.195    0.740
    54.30   -0.500   -0.460    0.195    0.740
    54.40   -0.500   -0.460    0.195    0.740
    54.50   -0.500   -0.460    0.195    0.740
    54.60   -0.500   -0.460    0.195    0.740
    54.70   -0.500   -0.460    0.195    0.740
    54.80   -0.500   -0.460    0.195    0.740
    54.90   -0.500   -0.460    0.195    0.740
    55.00   -0.500   -0.460    0.195    0.740
    55.10   -0.500   -0.460    0.195    0.740
    55.20   -0.500   -0.460    0.195    0.740
    55.30   -0.500   -0.460    0.195    0.740
    55.40   -0.500   -0.460    0.195    0.740
    55.50   -0.500   -0.460    0.195    0.740
    55.60   -0.500   -0.460    0.195    0.740
    55.70   -0.500   -0.460    0.195    0.740
    55.80   -0.500   -0.460    0.195    0.740
    55.90   -0.500   -0.460    0.195    0.740
    56.00   -0.500   -0.460    0.195    0.740
    56.10   -0.500   -0.460    0.195    0.740
    56.20   -0.500   -0.460    0.195    0.740
    56.30   -0.500   -0.460    0.190    0.740
    56.40   -0.500   -0.460    0.195    0.720
    56.50   -0.500   -0.460    0.195    0.740
    56.60   -0.500   -0.460    0.195    0.740
    56.70   -0.500   -0.460    0.195    0.740
    56.80   -0.500   -0.460    0.195    0.740
    56.90   -0.500   -0.460    0.195    0.740
    57.00   -0.500   -0.460    0.195    0.740
    57.10   -0.500   -0.460    0.190    0.740
    57.20   -0.500   -0.460    0.195    0.720
    57.30   -0.500   -0.460    0.195    0.740
    57.40   -0.500   -0.460    0.195    0.740
    57.50   -0.500   -0.460    0.195    0.740
    57.60   -0.500   -0.460    0.195    0.740
    57.70   -0.500   -0.460    0.190    0.740
    57.80   -0.500   -0.460    0.195    0.720
    57.90   -0.500   -0.460    0.195    0.740
    58.00   -0.500   -0.460    0.195    0.740
    58.10   -0.500   -0.460    0.195    0.740
    58.20   -0.500   -0.460    0.195    0.740
    58.30   -0.500   -0.460    0.195    0.740
    58.40   -0.500   -0.460    0.195    0.740
    58.50   -0.500   -0.460    0.195    0.740
    58.60   -0.500   -0.460    0.195    0.740
    58.70   -0.500   -0.460    0.195    0.740
    58.80   -0.500   -0.460    0.195    0.740
    58.90   -0.500   -0.460    0.195    0.740
    59.00   -0.500   -0.460    0.195    0.740
    59.10   -0.500   -0.460    0.195    0.740
    59.20   -0.500   -0.460    0.195    0.740
    59.30   -0.500   -0.460    0.195    0.740
    59.40   -0.500   -0.460    0.195    0.740
    59.50   -0.500   -0.460    0.195    0.740
    59.60   -0.500   -0.460    0.195    0.740
    59.70   -0.500   -0.460    0.195    0.740
    59.80   -0.500   -0.460    0.195    0.740
    59.90   -0.500   -0.460    0.195    0.740
    60.00   -0.500   -0.460    0.195    0.740
    60.10   -0.500   -0.460    0.195    0.740
    60.20   -0.500   -0.460    0.195    0.740
    60.30   -0.500   -0.460    0.195    0.740
    60.40   -0.500   -0.460    0.195    0.740
    60.50   -0.500   -0.460    0.190    0.740
    60.60   -0.500   -0.460    0.195    0.720
    60.70   -0.500   -0.460    0.190    0.740
    60.80   -0.500   -0.460    0.195    0.720
    60.90   -0.500   -0.460    0.195    0.740
    61.00   -0.500   -0.460    0.195    0.740
    61.10   -0.500   -0.460    0.195    0.740
    61.20   -0.500   -0.460    0.195    0.740
    61.30   -0.500   -0.460    0.195    0.740
    61.40   -0.500   -0.460    0.195    0.740
    61.50   -0.500   -0.460    0.195    0.740
    61.60   -0.500   -0.460    0.195    0.740
    61.70   -0.500   -0.460    0.195    0.740
    61.80   -0.500   -0.460    0.195    0.740
    61.90   -0.500   -0.460    0.195    0.740
    62.00   -0.500   -0.460    0.190    0.740
    62.10   -0.500   -0.460    0.195    0.720
    62.20   -0.500   -0.460    0.195    0.740
    62.30   -0.500   -0.460    0.195    0.740
    62.40   -0.500   -0.460    0.195    0.740
    62.50   -0.500   -0.460    0.195    0.740
    62.60   -0.500   -0.460    0.195    0.740
    62.70   -0.500   -0.460    0.195    0.740
    62.80   -0.500   -0.460    0.195    0.740
    62.90   -0.500   -0.460    0.195    0.740
    63.00   -0.500   -0.460    0.195    0.740
    63.10   -0.500   -0.460    0.195    0.740
    63.20   -0.500   -0.460    0.195    0.740
    63.30   -0.500   -0.460    0.195    0.740
    63.40   -0.500   -0.460    0.195    0.740
    63.50   -0.500   -0.460    0.195    0.740
    63.60   -0.500   -0.460    0.195    0.740
    63.70   -0.500   -0.460    0.195    0.740
    63.80   -0.500   -0.460    0.195    0.740
    63.90   -0.500   -0.460    0.195    0.740
    64.00   -0.500   -0.460    0.195    0.740
    64.10   -0.500   -0.460    0.195    0.740
    64.20   -0.500   -0.460    0.195    0.740
    64.30   -0.500   -0.460    0.195    0.740
    64.40   -0.500   -0.460    0.195    0.740
    64.50   -0.500   -0.460    0.195    0.740
    64.60   -0.500   -0.460    0.195    0.740
    64.70   -0.500   -0.460    0.195    0.740
    64.80   -0.500   -0.460    0.190    0.740
    64.90   -0.500   -0.460    0.195    0.720
    65.00   -0.500   -0.460    0.195    0.740
    65.10   -0.500   -0.460    0.195    0.740
    65.20   -0.500   -0.460    0.195    0.740
    65.30   -0.500   -0.460    0.195    0.740
    65.40   -0.500   -0.460    0.195    0.740
    65.50   -0.500   -0.460    0.195    0.740
    65.60   -0.500   -0.460    0.190    0.740
    65.70   -0.500   -0.460    0.195    0.720
    65.80   -0.500   -0.460    0.195    0.740
    65.90   -0.500   -0.460    0.195    0.740
    66.00   -0.500   -0.460    0.195    0.740
    66.10   -0.500   -0.460    0.195    0.740
    66.20   -0.500   -0.460    0.195    0.740
    66.30   -0.500   -0.460    0.195    0.740
    66.40   -0.500   -0.460    0.195    0.740
    66.50   -0.500   -0.460    0.195    0.740
    66.60    0.500   -0.460    0.195    0.740
    66.70    0.500   -0.445    0.195    3.875
    66.80    0.500   -0.400    0.195    4.000
    66.90    0.500   -0.310    0.195    4.000
    67.00    0.500   -0.180    0.195    4.000
    67.10    0.500   -0.005    0.195    4.000
    67.20    0.500    0.205    0.195    3.380
    67.30    0.500    0.435    0.195    2.375
    67.40    0.500    0.680    0.195    1.270
    67.50    0.500    0.915    0.195    0.100
    67.60    0.500    1.130    0.195   -1.040
    67.70    0.500    1.300    0.195   -2.085
    67.80    0.500    1.425    0.195   -2.915
    67.90    0.500    1.485    0.195   -3.520
    68.00    0.500    1.480    0.190   -3.820
    68.10    0.500    1.430    0.190   -3.825
    68.20    0.500    1.335    0.190   -3.585
    68.30    0.500    1.200    0.190   -3.130
    68.40    0.500    1.045    0.190   -2.490
    68.50    0.500    0.870    0.190   -1.735
    68.60    0.500    0.695    0.190   -0.895
    68.70    0.500    0.530    0.190   -0.055
    68.80    0.500    0.385    0.190    0.745
    68.90    0.500    0.270    0.190    1.445
    69.00    0.500    0.190    0.195    2.005
    69.10    0.500    0.155    0.195    2.415
    69.20    0.500    0.150    0.195    2.590
    69.30    0.500    0.185    0.195    2.620
    69.40    0.500    0.245    0.195    2.455
    69.50    0.500    0.330    0.195    2.170
    69.60    0.500    0.425    0.195    1.760
    69.70    0.500    0.530    0.195    1.305
    69.80    0.500    0.640    0.195    0.795
    69.90    0.500    0.740    0.195    0.270
    70.00    0.500    0.830    0.195   -0.215
    70.10    0.500    0.900    0.195   -0.650
    70.20    0.500    0.945    0.195   -0.990
    70.30    0.500    0.965    0.195   -1.210
    70.40    0.500    0.960    0.195   -1.310
    70.50    0.500    0.945    0.195   -1.285
    70.60    0.500    0.925    0.195   -1.215
    70.70    0.500    0.895    0.195   -1.120
    70.80    0.500    0.865    0.190   -0.980
    70.90    0.500    0.835    0.190   -0.860
    71.00    0.500    0.805    0.195   -0.710
    71.10    0.500    0.780    0.190   -0.545
    71.20    0.500    0.760    0.190   -0.445
    71.30    0.500    0.750    0.195   -0.350
    71.40    0.500    0.745    0.190   -0.275
    71.50    0.500    0.745    0.190   -0.275
    71.60    0.500    0.745    0.190   -0.275
    71.70    0.500    0.745    0.190   -0.275
    71.80    0.500    0.745    0.195   -0.275
    71.90    0.500    0.745    0.190   -0.250
    72.00    0.500    0.745    0.190   -0.270
    72.10    0.500    0.745    0.195   -0.275
    72.20    0.500    0.745    0.195   -0.250
    72.30    0.500    0.745    0.195   -0.250
    72.40    0.500    0.745    0.190   -0.250
    72.50    0.500    0.745    0.195   -0.275
    72.60    0.500    0.745    0.195   -0.250
    72.70    0.500    0.745    0.195   -0.250
    72.80    0.500    0.745    0.195   -0.250
    72.90    0.500    0.745    0.195   -0.250
    73.00    0.500    0.745    0.190   -0.250
    73.10    0.500    0.745    0.195   -0.270
    73.20    0.500    0.745    0.190   -0.250
    73.30    0.500    0.745    0.190   -0.270
    73.40    0.500    0.745    0.195   -0.275
    73.50    0.500    0.745    0.195   -0.250
    73.60    0.500    0.745    0.195   -0.250
    73.70    0.500    0.745    0.195   -0.250
    73.80    0.500    0.745    0.195   -0.250
    73.90    0.500    0.745    0.195   -0.250
    74.00    0.500    0.745    0.195   -0.250
    74.10    0.500    0.745    0.195   -0.250
    74.20    0.500    0.745    0.190   -0.250
    74.30    0.500    0.745    0.195   -0.270
    74.40    0.500    0.745    0.190   -0.250
    74.50    0.500    0.745    0.195   -0.270
    74.60    0.500    0.745    0.195   -0.250
    74.70    0.500    0.745    0.195   -0.250
    74.80    0.500    0.745    0.190   -0.250
    74.90    0.500    0.745    0.195   -0.275
    75.00    0.500    0.745    0.190   -0.250
    75.10    0.500    0.745    0.195   -0.270
    75.20    0.500    0.745    0.195   -0.250
    75.30    0.500    0.745    0.190   -0.250
    75.40    0.500    0.745    0.195   -0.275
    75.50    0.500    0.745    0.190   -0.250
    75.60    0.500    0.745    0.195   -0.275
    75.70    0.500    0.745    0.195   -0.250
    75.80    0.500    0.745    0.195   -0.250
    75.90    0.500    0.745    0.195   -0.250
    76.00    0.500    0.745    0.195   -0.250
    76.10    0.500    0.745    0.190   -0.250
    76.20    0.500    0.745    0.195   -0.275
    76.30    0.500    0.745    0.195   -0.250
    76.40    0.500    0.745    0.195   -0.250
    76.50    0.500    0.745    0.195   -0.250
    76.60    0.500    0.745    0.195   -0.250
    76.70    0.500    0.745    0.195   -0.250
    76.80    0.500    0.745    0.195   -0.250
    76.90    0.500    0.745    0.195   -0.250
    77.00    0.500    0.745    0.195   -0.250
    77.10    0.500    0.745    0.195   -0.250
    77.20    0.500    0.745    0.195   -0.250
    77.30    0.500    0.745    0.195   -0.250
    77.40    0.500    0.745    0.195   -0.250
    77.50    0.500    0.745    0.195   -0.250
    77.60    0.500    0.745    0.195   -0.250
    77.70    0.500    0.745    0.195   -0.250
    77.80    0.500    0.745    0.195   -0.250
    77.90    0.500    0.745    0.195   -0.250
    78.00    0.500    0.745    0.195   -0.250
    78.10    0.500    0.745    0.190   -0.250
    78.20    0.500    0.745    0.195   -0.270
    78.30    0.500    0.745    0.190   -0.250
    78.40    0.500    0.745    0.195   -0.270
    78.50    0.500    0.745    0.195   -0.250
    78.60    0.500    0.745    0.195   -0.250
    78.70    0.500    0.745    0.195   -0.250
    78.80    0.500    0.745    0.190   -0.250
    78.90    0.500    0.745    0.195   -0.275
    79.00    0.500    0.745    0.195   -0.250
    79.10    0.500    0.745    0.195   -0.250
    79.20    0.500    0.745    0.195   -0.250
    79.30    0.500    0.745    0.190   -0.250
    79.40    0.500    0.745    0.195   -0.275
    79.50    0.500    0.745    0.195   -0.250
    79.60    0.500    0.745    0.195   -0.250
    79.70    0.500    0.745    0.195   -0.250
    79.80    0.500    0.745    0.195   -0.250
    79.90    0.500    0.745    0.190   -0.250
    80.00    0.500    0.745    0.195   -0.275
    80.10    0.500    0.745    0.195   -0.250
    80.20    0.500    0.745    0.195   -0.250
    80.30    0.500    0.745    0.195   -0.250
    80.40    0.500    0.745    0.195   -0.250
    80.50    0.500    0.745    0.195   -0.250
    80.60    0.500    0.745    0.190   -0.250
    80.70    0.500    0.745    0.190   -0.270
    80.80    0.500    0.745    0.195   -0.275
    80.90    0.500    0.745    0.195   -0.250
    81.00    0.500    0.745    0.195   -0.250
    81.10    0.500    0.745    0.190   -0.250
    81.20    0.500    0.745    0.190   -0.275
    81.30    0.500    0.745    0.195   -0.275
    81.40    0.500    0.745    0.195   -0.250
    81.50    0.500    0.745    0.195   -0.250
    81.60    0.500    0.745    0.195   -0.250
    81.70    0.500    0.745    0.195   -0.250
    81.80    0.500    0.745    0.195   -0.250
    81.90    0.500    0.745    0.190   -0.250
    82.00    0.500    0.745    0.195   -0.270
    82.10    0.500    0.745    0.195   -0.250
    82.20    0.500    0.745    0.195   -0.250
    82.30    0.500    0.745    0.190   -0.250
    82.40    0.500    0.745    0.195   -0.270
    82.50    0.500    0.745    0.195   -0.250
    82.60    0.500    0.745    0.190   -0.250
    82.70    0.500    0.745    0.195   -0.270
    82.80    0.500    0.745    0.195   -0.250
    82.90    0.500    0.745    0.195   -0.250
    83.00    0.500    0.745    0.195   -0.250
    83.10    0.500    0.745    0.190   -0.250
    83.20    0.500    0.745    0.195   -0.275
    83.30   -0.500    0.745    0.195   -0.250
    83.40   -0.500    0.740    0.195   -3.880
    83.50   -0.500    0.690    0.190   -4.050
    83.60   -0.500    0.595    0.190   -4.050
    83.70   -0.500    0.460    0.190   -4.050
    83.80   -0.500    0.290    0.190   -3.730
    83.90   -0.500    0.085    0.190   -2.935
    84.00   -0.500   -0.135    0.190   -1.940
    84.10   -0.500   -0.360    0.190   -0.880
    84.20   -0.500   -0.575    0.190    0.205
    84.30   -0.500   -0.765    0.190    1.250
    84.40   -0.500   -0.910    0.190    2.170
    84.50   -0.500   -1.000    0.195    2.875
    84.60   -0.500   -1.035    0.195    3.330
    84.70   -0.500   -1.020    0.195    3.505
    84.80   -0.500   -0.960    0.195    3.440
    84.90   -0.500   -0.865    0.195    3.160
    85.00   -0.500   -0.740    0.195    2.705
    85.10   -0.500   -0.590    0.195    2.105
    85.20   -0.500   -0.435    0.195    1.385
    85.30   -0.500   -0.280    0.195    0.635
    85.40   -0.500   -0.135    0.195   -0.115
    85.50   -0.500   -0.010    0.195   -0.815
    85.60   -0.500    0.080    0.195   -1.420
    85.70   -0.500    0.140    0.195   -1.860
    85.80   -0.500    0.150    0.195   -2.150
    85.90   -0.500    0.155    0.190   -2.205
    86.00   -0.500    0.120    0.195   -2.255
    86.10   -0.500    0.060    0.195   -2.065
    86.20   -0.500   -0.015    0.190   -1.775
    86.30   -0.500   -0.100    0.195   -1.440
    86.40   -0.500   -0.185    0.190   -1.010
    86.50   -0.500   -0.270    0.195   -0.615
    86.60   -0.500   -0.345    0.195   -0.190
    86.70   -0.500   -0.410    0.190    0.175
    86.80   -0.500   -0.460    0.195    0.465
    86.90   -0.500   -0.485    0.195    0.735
    87.00   -0.500   -0.490    0.195    0.855
    87.10   -0.500   -0.500    0.195    0.885
    87.20   -0.500   -0.495    0.195    0.930
    87.30   -0.500   -0.485    0.195    0.910
    87.40   -0.500   -0.475    0.195    0.865
    87.50   -0.500   -0.465    0.195    0.815
    87.60   -0.500   -0.460    0.195    0.765
    87.70   -0.500   -0.450    0.195    0.740
    87.80   -0.500   -0.450    0.195    0.695
    87.90   -0.500   -0.450    0.195    0.695
    88.00   -0.500   -0.450    0.195    0.695
    88.10   -0.500   -0.450    0.195    0.695
    88.20   -0.500   -0.450    0.195    0.695
    88.30   -0.500   -0.450    0.195    0.695
    88.40   -0.500   -0.450    0.195    0.695
    88.50   -0.500   -0.450    0.195    0.695
    88.60   -0.500   -0.450    0.195    0.695
    88.70   -0.500   -0.450    0.195    0.695
    88.80   -0.500   -0.450    0.195    0.695
    88.90   -0.500   -0.450    0.195    0.695
    89.00   -0.500   -0.450    0.195    0.695
    89.10   -0.500   -0.450    0.195    0.695
    89.20   -0.500   -0.450    0.195    0.695
    89.30   -0.500   -0.450    0.195    0.695
    89.40   -0.500   -0.450    0.195    0.695
    89.50   -0.500   -0.450    0.195    0.695
    89.60   -0.500   -0.450    0.195    0.695
    89.70   -0.500   -0.450    0.195    0.690
    89.80   -0.500   -0.450    0.190    0.695
    89.90   -0.500   -0.450    0.195    0.670
    90.00   -0.500   -0.450    0.195    0.690
    90.10   -0.500   -0.450    0.190    0.695
    90.20   -0.500   -0.450    0.195    0.670
    90.30   -0.500   -0.450    0.195    0.690
    90.40   -0.500   -0.450    0.195    0.695
    90.50   -0.500   -0.450    0.195    0.695
    90.60   -0.500   -0.450    0.195    0.695
    90.70   -0.500   -0.450    0.195    0.695
    90.80   -0.500   -0.450    0.195    0.690
    90.90   -0.500   -0.450    0.195    0.695
    91.00   -0.500   -0.450    0.195    0.695
    91.10   -0.500   -0.450    0.195    0.695
    91.20   -0.500   -0.450    0.195    0.695
    91.30   -0.500   -0.450    0.195    0.695
    91.40   -0.500   -0.450    0.195    0.695
    91.50   -0.500   -0.450    0.195    0.695
    91.60   -0.500   -0.450    0.195    0.695
    91.70   -0.500   -0.450    0.195    0.695
    91.80   -0.500   -0.450    0.195    0.695
    91.90   -0.500   -0.450    0.195    0.695
    92.00   -0.500   -0.450    0.195    0.695
    92.10   -0.500   -0.450    0.195    0.695
    92.20   -0.500   -0.450    0.195    0.695
    92.30   -0.500   -0.450    0.195    0.695
    92.40   -0.500   -0.450    0.195    0.695
    92.50   -0.500   -0.450    0.195    0.695
    92.60   -0.500   -0.450    0.195    0.695
    92.70   -0.500   -0.450    0.190    0.695
    92.80   -0.500   -0.450    0.195    0.670
    92.90   -0.500   -0.450    0.195    0.690
    93.00   -0.500   -0.450    0.195    0.695
    93.10   -0.500   -0.450    0.195    0.695
    93.20   -0.500   -0.450    0.195    0.695
    93.30   -0.500   -0.450    0.195    0.695
    93.40   -0.500   -0.450    0.195    0.695
    93.50   -0.500   -0.450    0.195    0.695
    93.60   -0.500   -0.450    0.195    0.695
    93.70   -0.500   -0.450    0.195    0.695
    93.80   -0.500   -0.450    0.195    0.695
    93.90   -0.500   -0.450    0.195    0.695
    94.00   -0.500   -0.450    0.195    0.695
    94.10   -0.500   -0.450    0.195    0.695
    94.20   -0.500   -0.450    0.195    0.695
    94.30   -0.500   -0.450    0.195    0.695
    94.40   -0.500   -0.450    0.195    0.695
    94.50   -0.500   -0.450    0.190    0.695
    94.60   -0.500   -0.450    0.195    0.670
    94.70   -0.500   -0.450    0.195    0.690
    94.80   -0.500   -0.450    0.195    0.695
    94.90   -0.500   -0.450    0.195    0.695
    95.00   -0.500   -0.450    0.195    0.695
    95.10   -0.500   -0.450    0.195    0.695
    95.20   -0.500   -0.450    0.195    0.695
    95.30   -0.500   -0.450    0.195    0.695
    95.40   -0.500   -0.450    0.195    0.695
    95.50   -0.500   -0.450    0.195    0.695
    95.60   -0.500   -0.450    0.195    0.695
    95.70   -0.500   -0.450    0.195    0.695
    95.80   -0.500   -0.450    0.190    0.695
    95.90   -0.500   -0.450    0.195    0.670
    96.00   -0.500   -0.450    0.195    0.690
    96.10   -0.500   -0.450    0.195    0.695
    96.20   -0.500   -0.450    0.195    0.695
    96.30   -0.500   -0.450    0.195    0.695
    96.40   -0.500   -0.450    0.195    0.690
    96.50   -0.500   -0.450    0.195    0.695
    96.60   -0.500   -0.450    0.195    0.695
    96.70   -0.500   -0.450    0.195    0.695
    96.80   -0.500   -0.450    0.195    0.695
    96.90   -0.500   -0.450    0.190    0.695
    97.00   -0.500   -0.450    0.190    0.670
    97.10   -0.500   -0.450    0.195    0.670
    97.20   -0.500   -0.450    0.195    0.690
    97.30   -0.500   -0.450    0.195    0.695
    97.40   -0.500   -0.450    0.190    0.695
    97.50   -0.500   -0.450    0.190    0.670
    97.60   -0.500   -0.450    0.195    0.670
    97.70   -0.500   -0.450    0.195    0.690
    97.80   -0.500   -0.450    0.195    0.695
    97.90   -0.500   -0.450    0.195    0.695
    98.00   -0.500   -0.450    0.195    0.695
    98.10   -0.500   -0.450    0.195    0.695
    98.20   -0.500   -0.450    0.195    0.695
    98.30   -0.500   -0.450    0.195    0.695
    98.40   -0.500   -0.450    0.195    0.695
    98.50   -0.500   -0.450    0.195    0.695
    98.60   -0.500   -0.450    0.195    0.695
    98.70   -0.500   -0.450    0.195    0.695
    98.80   -0.500   -0.450    0.195    0.695
    98.90   -0.500   -0.450    0.195    0.695
    99.00   -0.500   -0.450    0.195    0.695
    99.10   -0.500   -0.450    0.195    0.695
    99.20   -0.500   -0.450    0.195    0.695
    99.30   -0.500   -0.450    0.195    0.695
    99.40   -0.500   -0.450    0.190    0.695
    99.50   -0.500   -0.450    0.195    0.670
    99.60   -0.500   -0.450    0.195    0.690
    99.70   -0.500   -0.450    0.195    0.695
    99.80   -0.500   -0.450    0.195    0.695
    99.90   -0.500   -0.450    0.195    0.695
   100.00    0.500   -0.450    0.195    0.695
   100.10    0.500   -0.435    0.195    3.865
   100.20    0.500   -0.385    0.195    4.000
   100.30    0.500   -0.295    0.195    4.000
   100.40    0.500   -0.160    0.195    4.000
   100.50    0.500    0.015    0.195    4.000
   100.60    0.500    0.225    0.195    3.290
   100.70    0.500    0.460    0.195    2.280
   100.80    0.500    0.700    0.195    1.150
   100.90    0.500    0.935    0.195   -0.010
   101.00    0.500    1.140    0.195   -1.135
   101.10    0.500    1.310    0.195   -2.135
   101.20    0.500    1.430    0.195   -2.960
   101.30    0.500    1.485    0.195   -3.545
   101.40    0.500    1.475    0.195   -3.820
   101.50    0.500    1.420    0.190   -3.775
   101.60    0.500    1.320    0.190   -3.540
   101.70    0.500    1.185    0.190   -3.065
   101.80    0.500    1.030    0.190   -2.420
   101.90    0.500    0.855    0.190   -1.665
   102.00    0.500    0.685    0.190   -0.825
   102.10    0.500    0.520    0.190    0.000
   102.20    0.500    0.375    0.190    0.790
   102.30    0.500    0.265    0.190    1.490
   102.40    0.500    0.190    0.190    2.030
   102.50    0.500    0.165    0.195    2.395
   102.60    0.500    0.175    0.195    2.545
   102.70    0.500    0.210    0.195    2.505
   102.80    0.500    0.270    0.195    2.335
   102.90    0.500    0.350    0.195    2.050
   103.00    0.500    0.440    0.195    1.665
   103.10    0.500    0.540    0.195    1.230
   103.20    0.500    0.640    0.195    0.750
   103.30    0.500    0.740    0.195    0.265
   103.40    0.500    0.820    0.195   -0.220
   103.50    0.500    0.885    0.195   -0.600
   103.60    0.500    0.925    0.195   -0.920
   103.70    0.500    0.935    0.195   -1.115
   103.80    0.500    0.940    0.195   -1.165
   103.90    0.500    0.940    0.190   -1.190
   104.00    0.500    0.920    0.195   -1.215
   104.10    0.500    0.895    0.195   -1.100
   104.20    0.500    0.865    0.195   -0.980
   104.30    0.500    0.840    0.190   -0.835
   104.40    0.500    0.810    0.190   -0.735
   104.50    0.500    0.790    0.190   -0.590
   104.60    0.500    0.770    0.190   -0.495
   104.70    0.500    0.760    0.195   -0.400
   104.80    0.500    0.755    0.195   -0.325
   104.90    0.500    0.755    0.195   -0.300
   105.00    0.500    0.755    0.195   -0.295
   105.10    0.500    0.755    0.195   -0.295
   105.20    0.500    0.755    0.190   -0.300
   105.30    0.500    0.755    0.195   -0.320
   105.40    0.500    0.755    0.195   -0.300
   105.50    0.500    0.755    0.190   -0.295
   105.60    0.500    0.755    0.195   -0.320
   105.70    0.500    0.755    0.190   -0.300
   105.80    0.500    0.755    0.195   -0.320
   105.90    0.500    0.755    0.195   -0.300
   106.00    0.500    0.755    0.195   -0.300
   106.10    0.500    0.755    0.195   -0.300
   106.20    0.500    0.755    0.195   -0.300
   106.30    0.500    0.755    0.190   -0.300
   106.40    0.500    0.755    0.195   -0.320
   106.50    0.500    0.755    0.195   -0.300
   106.60    0.500    0.755    0.195   -0.300
   106.70    0.500    0.755    0.195   -0.300
   106.80    0.500    0.755    0.195   -0.295
   106.90    0.500    0.755    0.190   -0.300
   107.00    0.500    0.755    0.195   -0.320
   107.10    0.500    0.755    0.195   -0.300
   107.20    0.500    0.755    0.190   -0.300
   107.30    0.500    0.755    0.190   -0.320
   107.40    0.500    0.755    0.195   -0.320
   107.50    0.500    0.755    0.190   -0.300
   107.60    0.500    0.755    0.195   -0.320
   107.70    0.500    0.755    0.195   -0.300
   107.80    0.500    0.755    0.195   -0.300
   107.90    0.500    0.755    0.195   -0.300
   108.00    0.500    0.755    0.190   -0.300
   108.10    0.500    0.755    0.195   -0.320
   108.20    0.500    0.755    0.195   -0.300
   108.30    0.500    0.755    0.190   -0.300
   108.40    0.500    0.755    0.190   -0.320
   108.50    0.500    0.755    0.195   -0.320
   108.60    0.500    0.755    0.195   -0.300
   108.70    0.500    0.755    0.195   -0.300
   108.80    0.500    0.755    0.195   -0.300
   108.90    0.500    0.755    0.195   -0.300
   109.00    0.500    0.755    0.190   -0.300
   109.10    0.500    0.755    0.190   -0.320
   109.20    0.500    0.755    0.195   -0.320
   109.30    0.500    0.755    0.195   -0.300
   109.40    0.500    0.755    0.190   -0.300
   109.50    0.500    0.755    0.190   -0.320
   109.60    0.500    0.755    0.190   -0.325
   109.70    0.500    0.755    0.195   -0.325
   109.80    0.500    0.755    0.195   -0.300
   109.90    0.500    0.755    0.195   -0.300
   110.00    0.500    0.755    0.195   -0.300
   110.10    0.500    0.755    0.195   -0.300
   110.20    0.500    0.755    0.195   -0.300
   110.30    0.500    0.755    0.190   -0.300
   110.40    0.500    0.755    0.195   -0.320
   110.50    0.500    0.755    0.190   -0.300
   110.60    0.500    0.755    0.195   -0.320
   110.70    0.500    0.755    0.190   -0.300
   110.80    0.500    0.755    0.195   -0.320
   110.90    0.500    0.755    0.195   -0.300
   111.00    0.500    0.755    0.190   -0.300
   111.10    0.500    0.755    0.195   -0.320
   111.20    0.500    0.755    0.195   -0.300
   111.30    0.500    0.755    0.190   -0.300
   111.40    0.500    0.755    0.195   -0.320
   111.50    0.500    0.755    0.190   -0.300
   111.60    0.500    0.755    0.195   -0.320
   111.70    0.500    0.755    0.195   -0.300
   111.80    0.500    0.755    0.190   -0.300
   111.90    0.500    0.755    0.190   -0.320
   112.00    0.500    0.755    0.195   -0.325
   112.10    0.500    0.755    0.195   -0.300
   112.20    0.500    0.755    0.195   -0.300
   112.30    0.500    0.755    0.195   -0.295
   112.40    0.500    0.755    0.195   -0.300
   112.50    0.500    0.755    0.195   -0.300
   112.60    0.500    0.755    0.195   -0.295
   112.70    0.500    0.755    0.190   -0.300
   112.80    0.500    0.755    0.195   -0.320
   112.90    0.500    0.755    0.195   -0.300
   113.00    0.500    0.755    0.190   -0.300
   113.10    0.500    0.755    0.195   -0.320
   113.20    0.500    0.755    0.195   -0.300
   113.30    0.500    0.755    0.195   -0.300
   113.40    0.500    0.755    0.195   -0.300
   113.50    0.500    0.755    0.195   -0.295
   113.60    0.500    0.755    0.190   -0.300
   113.70    0.500    0.755    0.195   -0.320
   113.80    0.500    0.755    0.195   -0.300
   113.90    0.500    0.755    0.195   -0.300
   114.00    0.500    0.755    0.195   -0.300
   114.10    0.500    0.755    0.195   -0.300
   114.20    0.500    0.755    0.195   -0.300
   114.30    0.500    0.755    0.195   -0.300
   114.40    0.500    0.755    0.190   -0.300
   114.50    0.500    0.755    0.190   -0.320
   114.60    0.500    0.755    0.195   -0.325
   114.70    0.500    0.755    0.190   -0.300
   114.80    0.500    0.755    0.190   -0.320
   114.90    0.500    0.755    0.195   -0.320
   115.00    0.500    0.755    0.195   -0.300
   115.10    0.500    0.755    0.195   -0.295
   115.20    0.500    0.755    0.190   -0.300
   115.30    0.500    0.755    0.190   -0.320
   115.40    0.500    0.755    0.195   -0.320
   115.50    0.500    0.755    0.195   -0.300
   115.60    0.500    0.755    0.195   -0.300
   115.70    0.500    0.755    0.195   -0.300
   115.80    0.500    0.755    0.195   -0.300
   115.90    0.500    0.755    0.195   -0.295
   116.00    0.500    0.755    0.190   -0.300
   116.10    0.500    0.755    0.195   -0.320
   116.20    0.500    0.755    0.195   -0.300
   116.30    0.500    0.755    0.190   -0.300
   116.40    0.500    0.755    0.195   -0.320
   116.50    0.500    0.755    0.195   -0.300
   116.60   -0.500    0.755    0.195   -0.300
   116.70   -0.500    0.750    0.195   -3.905
   116.80   -0.500    0.700    0.190   -4.050
   116.90   -0.500    0.605    0.190   -4.050
   117.00   -0.500    0.475    0.190   -4.050
   117.10   -0.500    0.300    0.190   -3.800
   117.20   -0.500    0.095    0.190   -2.980
   117.30   -0.500   -0.125    0.190   -1.985
   117.40   -0.500   -0.355    0.190   -0.920
   117.50   -0.500   -0.570    0.190    0.180
   117.60   -0.500   -0.760    0.190    1.225
   117.70   -0.500   -0.910    0.195    2.140
   117.80   -0.500   -1.005    0.190    2.895
   117.90   -0.500   -1.040    0.195    3.335
   118.00   -0.500   -1.030    0.195    3.530
   118.10   -0.500   -0.975    0.195    3.490
   118.20   -0.500   -0.880    0.195    3.230
   118.30   -0.500   -0.760    0.195    2.775
   118.40   -0.500   -0.615    0.195    2.200
   118.50   -0.500   -0.455    0.195    1.500
   118.60   -0.500   -0.295    0.195    0.730
   118.70   -0.500   -0.150    0.195   -0.040
   118.80   -0.500   -0.025    0.195   -0.740
   118.90   -0.500    0.075    0.195   -1.345
   119.00   -0.500    0.140    0.190   -1.830
   119.10   -0.500    0.160    0.195   -2.175
   119.20   -0.500    0.150    0.190   -2.255
   119.30   -0.500    0.115    0.195   -2.235
   119.40   -0.500    0.060    0.190   -2.040
   119.50   -0.500   -0.015    0.195   -1.800
   119.60   -0.500   -0.095    0.195   -1.420
   119.70   -0.500   -0.180    0.195   -1.030
   119.80   -0.500   -0.260    0.190   -0.620
   119.90   -0.500   -0.335    0.190   -0.260
   120.00   -0.500   -0.400    0.195    0.100
   120.10   -0.500   -0.445    0.190    0.440
   120.20   -0.500   -0.475    0.195    0.640
   120.30   -0.500   -0.480    0.195    0.805
   120.40   -0.500   -0.475    0.195    0.835
   120.50   -0.500   -0.470    0.195    0.815
   120.60   -0.500   -0.460    0.195    0.790
   120.70   -0.500   -0.460    0.195    0.745
   120.80   -0.500   -0.455    0.195    0.740
   120.90   -0.500   -0.450    0.195    0.720
   121.00   -0.500   -0.450    0.195    0.695
   121.10   -0.500   -0.450    0.190    0.695
   121.20   -0.500   -0.450    0.195    0.670
   121.30   -0.500   -0.450    0.195    0.690
   121.40   -0.500   -0.450    0.195    0.695
   121.50   -0.500   -0.450    0.190    0.695
   121.60   -0.500   -0.450    0.195    0.670
   121.70   -0.500   -0.450    0.195    0.690
   121.80   -0.500   -0.450    0.195    0.695
   121.90   -0.500   -0.450    0.195    0.695
   122.00   -0.500   -0.450    0.195    0.695
   122.10   -0.500   -0.450    0.195    0.695
   122.20   -0.500   -0.450    0.195    0.695
   122.30   -0.500   -0.450    0.195    0.695
   122.40   -0.500   -0.450    0.195    0.695
   122.50   -0.500   -0.450    0.195    0.695
   122.60   -0.500   -0.450    0.195    0.695
   122.70   -0.500   -0.450    0.195    0.695
   122.80   -0.500   -0.450    0.195    0.695
   122.90   -0.500   -0.450    0.195    0.695
   123.00   -0.500   -0.450    0.195    0.695
   123.10   -0.500   -0.450    0.195    0.695
   123.20   -0.500   -0.450    0.195    0.695
   123.30   -0.500   -0.450    0.195    0.695
   123.40   -0.500   -0.450    0.195    0.695
   123.50   -0.500   -0.450    0.195    0.695
   123.60   -0.500   -0.450    0.195    0.695
   123.70   -0.500   -0.450    0.195    0.695
   123.80   -0.500   -0.450    0.195    0.695
   123.90   -0.500   -0.450    0.195    0.695
   124.00   -0.500   -0.450    0.195    0.695
   124.10   -0.500   -0.450    0.195    0.695
   124.20   -0.500   -0.450    0.195    0.695
   124.30   -0.500   -0.450    0.195    0.695
   124.40   -0.500   -0.450    0.195    0.695
   124.50   -0.500   -0.450    0.195    0.695
   124.60   -0.500   -0.450    0.195    0.695
   124.70   -0.500   -0.450    0.195    0.695
   124.80   -0.500   -0.450    0.195    0.695
   124.90   -0.500   -0.450    0.195    0.695
   125.00   -0.500   -0.450    0.195    0.695
   125.10   -0.500   -0.450    0.195    0.695
   125.20   -0.500   -0.450    0.190    0.695
   125.30   -0.500   -0.450    0.195    0.670
   125.40   -0.500   -0.450    0.195    0.690
   125.50   -0.500   -0.450    0.195    0.695
   125.60   -0.500   -0.450    0.195    0.695
   125.70   -0.500   -0.450    0.195    0.695
   125.80   -0.500   -0.450    0.195    0.695
   125.90   -0.500   -0.450    0.195    0.695
   126.00   -0.500   -0.450    0.195    0.695
   126.10   -0.500   -0.450    0.195    0.695
   126.20   -0.500   -0.450    0.195    0.695
   126.30   -0.500   -0.450    0.195    0.695
   126.40   -0.500   -0.450    0.195    0.695
   126.50   -0.500   -0.450    0.195    0.695
   126.60   -0.500   -0.450    0.195    0.695
   126.70   -0.500   -0.450    0.195    0.695
   126.80   -0.500   -0.450    0.195    0.695
   126.90   -0.500   -0.450    0.195    0.695
   127.00   -0.500   -0.450    0.195    0.695
   127.10   -0.500   -0.450    0.195    0.695
   127.20   -0.500   -0.450    0.195    0.695
   127.30   -0.500   -0.450    0.195    0.695
   127.40   -0.500   -0.450    0.195    0.695
   127.50   -0.500   -0.450    0.195    0.695
   127.60   -0.500   -0.450    0.195    0.695
   127.70   -0.500   -0.450    0.195    0.695
   127.80   -0.500   -0.450    0.195    0.695
   127.90   -0.500   -0.450    0.195    0.695
   128.00   -0.500   -0.450    0.190    0.695
   128.10   -0.500   -0.450    0.195    0.670
   128.20   -0.500   -0.450    0.195    0.690
   128.30   -0.500   -0.450    0.195    0.695
   128.40   -0.500   -0.450    0.195    0.695
   128.50   -0.500   -0.450    0.195    0.695
   128.60   -0.500   -0.450    0.195    0.695
   128.70   -0.500   -0.450    0.195    0.695
   128.80   -0.500   -0.450    0.190    0.695
   128.90   -0.500   -0.450    0.195    0.670
   129.00   -0.500   -0.450    0.195    0.690
   129.10   -0.500   -0.450    0.195    0.695
   129.20   -0.500   -0.450    0.195    0.695
   129.30   -0.500   -0.450    0.195    0.695
   129.40   -0.500   -0.450    0.190    0.695
   129.50   -0.500   -0.450    0.195    0.670
   129.60   -0.500   -0.450    0.195    0.690
   129.70   -0.500   -0.450    0.195    0.695
   129.80   -0.500   -0.450    0.195    0.695
   129.90   -0.500   -0.450    0.195    0.695
   130.00   -0.500   -0.450    0.195    0.695
   130.10   -0.500   -0.450    0.195    0.695
   130.20   -0.500   -0.450    0.195    0.695
   130.30   -0.500   -0.450    0.195    0.695
   130.40   -0.500   -0.450    0.190    0.695
   130.50   -0.500   -0.450    0.195    0.670
   130.60   -0.500   -0.450    0.195    0.690
   130.70   -0.500   -0.450    0.195    0.695
   130.80   -0.500   -0.450    0.195    0.695
   130.90   -0.500   -0.450    0.195    0.695
   131.00   -0.500   -0.450    0.195    0.695
   131.10   -0.500   -0.450    0.195    0.695
   131.20   -0.500   -0.450    0.195    0.695
   131.30   -0.500   -0.450    0.195    0.695
   131.40   -0.500   -0.450    0.190    0.695
   131.50   -0.500   -0.450    0.195    0.670
   131.60   -0.500   -0.450    0.195    0.690
   131.70   -0.500   -0.450    0.195    0.695
   131.80   -0.500   -0.450    0.195    0.695
   131.90   -0.500   -0.450    0.195    0.695
   132.00   -0.500   -0.450    0.195    0.695
   132.10    0.000    0.000    0.000    0.000

