Data export from TecQuipment CE2000

Data series 1

    Time Func. Gen.    h o/p  pos ref motor i/p 
     0.00    1.000   -0.440    0.100    0.005
     0.10    1.000   -0.440    0.100    7.195
     0.20    1.000   -0.440    0.100    7.595
     0.30    1.000   -0.440    0.100    7.595
     0.40    1.000   -0.440    0.100    7.595
     0.50    1.000   -0.440    0.100    7.595
     0.60    1.000   -0.310    0.100    7.595
     0.70    1.000    0.135    0.105    7.595
     0.80    1.000    0.660    0.105    7.595
     0.90    1.000    1.245    0.105    7.595
     1.00    1.000    1.885    0.105    7.595
     1.10    1.000    2.575    0.105    3.250
     1.20    1.000    3.245    0.105   -7.170
     1.30    1.000    3.790    0.105   -9.745
     1.40    1.000    4.180    0.100   -9.850
     1.50    1.000    4.430    0.100   -9.850
     1.60    1.000    4.545    0.100   -9.850
     1.70    1.000    4.565    0.100   -9.850
     1.80    1.000    4.565    0.100   -9.850
     1.90    1.000    4.565    0.095   -9.850
     2.00    1.000    4.565    0.095   -9.850
     2.10    1.000    4.560    0.095   -9.850
     2.20    1.000    4.560    0.095   -9.850
     2.30    1.000    4.560    0.095   -9.850
     2.40    1.000    4.515    0.095   -9.850
     2.50    1.000    3.925    0.095   -9.850
     2.60    1.000    3.110    0.090   -9.850
     2.70    1.000    2.225    0.090   -9.850
     2.80    1.000    1.280    0.090   -5.690
     2.90    1.000    0.330    0.090   -1.055
     3.00    1.000   -0.575    0.090    3.660
     3.10    1.000   -1.370    0.095    8.130
     3.20    1.000   -2.020    0.095    9.790
     3.30    1.000   -2.515    0.095    9.850
     3.40    1.000   -2.865    0.100    9.850
     3.50    1.000   -3.075    0.100    9.850
     3.60    1.000   -3.160    0.100    9.850
     3.70    1.000   -3.170    0.100    9.850
     3.80    1.000   -3.170    0.100    9.850
     3.90    1.000   -3.165    0.105    9.850
     4.00    1.000   -3.165    0.105    9.850
     4.10    1.000   -3.165    0.105    9.850
     4.20    1.000   -3.165    0.105    9.850
     4.30    1.000   -3.160    0.105    9.850
     4.40    1.000   -3.130    0.105    9.850
     4.50    1.000   -2.575    0.105    9.850
     4.60    1.000   -1.790    0.105    9.850
     4.70    1.000   -0.940    0.105    9.850
     4.80    1.000   -0.030    0.105    9.850
     4.90    1.000    0.935    0.105    5.690
     5.00    1.000    1.900    0.105    0.955
     5.10    1.000    2.820    0.105   -3.815
     5.20    1.000    3.625    0.105   -8.305
     5.30    1.000    4.280    0.105   -9.790
     5.40    1.000    4.780    0.105   -9.850
     5.50    1.000    5.130    0.100   -9.850
     5.60    1.000    5.335    0.100   -9.850
     5.70    1.000    5.415    0.100   -9.850
     5.80    1.000    5.425    0.100   -9.850
     5.90    1.000    5.425    0.100   -9.850
     6.00    1.000    5.425    0.100   -9.850
     6.10    1.000    5.420    0.095   -9.850
     6.20    1.000    5.420    0.095   -9.850
     6.30    1.000    5.420    0.095   -9.850
     6.40    1.000    5.420    0.095   -9.850
     6.50    1.000    5.285    0.095   -9.850
     6.60    1.000    4.575    0.095   -9.850
     6.70    1.000    3.745    0.095   -9.850
     6.80    1.000    2.845    0.090   -9.850
     6.90    1.000    1.880    0.090   -8.580
     7.00    1.000    0.880    0.090   -4.010
     7.10    1.000   -0.110    0.090    0.910
     7.20    1.000   -1.020    0.095    5.810
     7.30    1.000   -1.805    0.095    9.685
     7.40    1.000   -2.430    0.095    9.850
     7.50    1.000   -2.910    0.100    9.850
     7.60    1.000   -3.245    0.100    9.850
     7.70    1.000   -3.440    0.100    9.850
     7.80    1.000   -3.515    0.100    9.850
     7.90    1.000   -3.525    0.100    9.850
     8.00    1.000   -3.525    0.105    9.850
     8.10    1.000   -3.525    0.105    9.850
     8.20    1.000   -3.520    0.105    9.850
     8.30    1.000   -3.520    0.105    9.850
     8.40    1.000   -3.520    0.105    9.850
     8.50    1.000   -3.515    0.105    9.850
     8.60    1.000   -3.470    0.105    9.850
     8.70    1.000   -2.890    0.105    9.850
     8.80    1.000   -2.105    0.105    9.850
     8.90    1.000   -1.255    0.105    9.850
     9.00    1.000   -0.345    0.105    9.850
     9.10    1.000    0.615    0.105    7.190
     9.20    1.000    1.600    0.105    2.515
     9.30    1.000    2.555    0.105   -2.330
     9.40    1.000    3.415    0.105   -6.990
     9.50    1.000    4.140    0.105   -9.730
     9.60    1.000    4.705    0.105   -9.850
     9.70    1.000    5.120    0.105   -9.850
     9.80    1.000    5.390    0.100   -9.850
     9.90    1.000    5.525    0.100   -9.850
    10.00    1.000    5.565    0.100   -9.850
    10.10    1.000    5.565    0.100   -9.850
    10.20    1.000    5.565    0.100   -9.850
    10.30    1.000    5.565    0.095   -9.850
    10.40    1.000    5.560    0.095   -9.850
    10.50    1.000    5.560    0.095   -9.850
    10.60    1.000    5.560    0.095   -9.850
    10.70    1.000    5.555    0.095   -9.850
    10.80    1.000    5.160    0.095   -9.850
    10.90    1.000    4.370    0.095   -9.850
    11.00    1.000    3.515    0.090   -9.850
    11.10    1.000    2.595    0.090   -9.850
    11.20    1.000    1.615    0.090   -7.415
    11.30    1.000    0.615    0.090   -2.730
    11.40    1.000   -0.360    0.090    2.240
    11.50    1.000   -1.245    0.095    7.050
    11.60    1.000   -1.985    0.095    9.740
    11.70    1.000   -2.575    0.095    9.850
    11.80    1.000   -3.020    0.100    9.850
    11.90    1.000   -3.320    0.100    9.850
    12.00    1.000   -3.485    0.100    9.850
    12.10    1.000   -3.540    0.100    9.850
    12.20    1.000   -3.545    0.100    9.850
    12.30    1.000   -3.545    0.105    9.850
    12.40    1.000   -3.545    0.105    9.850
    12.50    1.000   -3.540    0.105    9.850
    12.60    1.000   -3.540    0.105    9.850
    12.70    1.000   -3.540    0.105    9.850
    12.80    1.000   -3.535    0.105    9.850
    12.90    1.000   -3.435    0.105    9.850
    13.00    1.000   -2.775    0.105    9.850
    13.10    1.000   -1.980    0.105    9.850
    13.20    1.000   -1.125    0.105    9.850
    13.30    1.000   -0.210    0.105    9.850
    13.40    1.000    0.760    0.105    6.525
    13.50    1.000    1.740    0.105    1.820
    13.60    1.000    2.685    0.105   -3.020
    13.70    1.000    3.525    0.105   -7.630
    13.80    1.000    4.225    0.105   -9.760
    13.90    1.000    4.770    0.105   -9.850
    14.00    1.000    5.165    0.105   -9.850
    14.10    1.000    5.415    0.100   -9.850
    14.20    1.000    5.530    0.100   -9.850
    14.30    1.000    5.555    0.100   -9.850
    14.40    1.000    5.550    0.100   -9.850
    14.50    1.000    5.550    0.100   -9.850
    14.60    1.000    5.550    0.095   -9.850
    14.70    1.000    5.550    0.095   -9.850
    14.80    1.000    5.545    0.095   -9.850
    14.90    1.000    5.545    0.095   -9.850
    15.00    1.000    5.535    0.095   -9.850
    15.10    1.000    5.055    0.095   -9.850
    15.20    1.000    4.265    0.095   -9.850
    15.30    1.000    3.405    0.095   -9.850
    15.40    1.000    2.475    0.090   -9.850
    15.50    1.000    1.495    0.090   -6.880
    15.60    1.000    0.495    0.090   -2.135
    15.70    1.000   -0.465    0.090    2.815
    15.80    1.000   -1.330    0.095    7.570
    15.90    1.000   -2.055    0.095    9.770
    16.00    1.000   -2.625    0.095    9.850
    16.10    1.000   -3.050    0.100    9.850
    16.20    1.000   -3.330    0.100    9.850
    16.30    1.000   -3.485    0.100    9.850
    16.40    1.000   -3.525    0.100    9.850
    16.50    1.000   -3.530    0.100    9.850
    16.60    1.000   -3.525    0.105    9.850
    16.70    1.000   -3.525    0.105    9.850
    16.80    1.000   -3.525    0.105    9.850
    16.90    1.000   -3.520    0.105    9.850
    17.00    1.000   -3.520    0.105    9.850
    17.10    1.000   -3.520    0.105    9.850
    17.20    1.000   -3.375    0.105    9.850
    17.30    1.000   -2.690    0.105    9.850
    17.40    1.000   -1.890    0.105    9.850
    17.50    1.000   -1.035    0.105    9.850
    17.60    1.000   -0.115    0.105    9.850
    17.70    1.000    0.850    0.105    6.080
    17.80    1.000    1.830    0.105    1.350
    17.90    1.000    2.760    0.105   -3.470
    18.00    1.000    3.590    0.105   -8.030
    18.10    1.000    4.270    0.105   -9.780
    18.20    1.000    4.800    0.105   -9.850
    18.30    1.000    5.180    0.105   -9.850
    18.40    1.000    5.420    0.100   -9.850
    18.50    1.000    5.525    0.100   -9.850
    18.60    1.000    5.545    0.100   -9.850
    18.70    1.000    5.545    0.100   -9.850
    18.80    1.000    5.545    0.100   -9.850
    18.90    1.000    5.545    0.095   -9.850
    19.00    1.000    5.540    0.095   -9.850
    19.10    1.000    5.540    0.095   -9.850
    19.20    1.000    5.540    0.095   -9.850
    19.30    1.000    5.520    0.095   -9.850
    19.40    1.000    5.000    0.095   -9.850
    19.50    1.000    4.205    0.095   -9.850
    19.60    1.000    3.340    0.090   -9.850
    19.70    1.000    2.410    0.090   -9.850
    19.80    1.000    1.430    0.090   -6.575
    19.90    1.000    0.430    0.090   -1.810
    20.00    1.000   -0.530    0.090    3.160
    20.10    1.000   -1.385    0.095    7.890
    20.20    1.000   -2.100    0.095    9.780
    20.30    1.000   -2.660    0.095    9.850
    20.40    1.000   -3.075    0.100    9.850
    20.50    1.000   -3.350    0.100    9.850
    20.60    1.000   -3.495    0.100    9.850
    20.70    1.000   -3.540    0.100    9.850
    20.80    1.000   -3.545    0.105    9.850
    20.90    1.000   -3.545    0.105    9.850
    21.00    1.000   -3.545    0.105    9.850
    21.10    1.000   -3.540    0.105    9.850
    21.20    1.000   -3.540    0.105    9.850
    21.30    1.000   -3.540    0.105    9.850
    21.40    1.000   -3.535    0.105    9.850
    21.50    1.000   -3.390    0.110    9.850
    21.60    1.000   -2.700    0.105    9.850
    21.70    1.000   -1.910    0.105    9.850
    21.80    1.000   -1.055    0.105    9.850
    21.90    1.000   -0.140    0.105    9.850
    22.00    1.000    0.825    0.105    6.195
    22.10    1.000    1.800    0.105    1.495
    22.20    1.000    2.730    0.105   -3.275
    22.30    1.000    3.565    0.105   -7.885
    22.40    1.000    4.250    0.105   -9.775
    22.50    1.000    4.785    0.105   -9.850
    22.60    1.000    5.170    0.105   -9.850
    22.70    1.000    5.420    0.100   -9.850
    22.80    1.000    5.530    0.100   -9.850
    22.90    1.000    5.550    0.100   -9.850
    23.00    1.000    5.550    0.100   -9.850
    23.10    1.000    5.550    0.100   -9.850
    23.20    1.000    5.550    0.100   -9.850
    23.30    1.000    5.545    0.095   -9.850
    23.40    1.000    5.545    0.095   -9.850
    23.50    1.000    5.545    0.095   -9.850
    23.60    1.000    5.535    0.095   -9.850
    23.70    1.000    5.070    0.095   -9.850
    23.80    1.000    4.285    0.095   -9.850
    23.90    1.000    3.430    0.095   -9.850
    24.00    1.000    2.510    0.090   -9.850
    24.10    1.000    1.535    0.090   -7.045
    24.20    1.000    0.540    0.090   -2.325
    24.30    1.000   -0.420    0.095    2.595
    24.40    1.000   -1.290    0.095    7.375
    24.50    1.000   -2.015    0.095    9.760
    24.60    1.000   -2.595    0.095    9.850
    24.70    1.000   -3.025    0.100    9.850
    24.80    1.000   -3.320    0.100    9.850
    24.90   -1.000   -3.480    0.100    9.850
    25.00   -1.000   -3.530    0.100    9.850
    25.10   -1.000   -3.530    0.100    9.850
    25.20   -1.000   -3.530    0.105    9.850
    25.30   -1.000   -3.530    0.105    9.850
    25.40   -1.000   -3.525    0.105    9.850
    25.50   -1.000   -3.525    0.105    9.850
    25.60   -1.000   -3.525    0.105    9.850
    25.70   -1.000   -3.520    0.105    9.850
    25.80   -1.000   -3.440    0.105    9.850
    25.90   -1.000   -2.810    0.105    9.850
    26.00   -1.000   -2.025    0.105    9.370
    26.10   -1.000   -1.195    0.105    5.675
    26.20   -1.000   -0.345    0.105    1.590
    26.30   -1.000    0.470    0.105   -2.615
    26.40   -1.000    1.200    0.105   -6.655
    26.50   -1.000    1.800    0.105   -9.705
    26.60   -1.000    2.255    0.105   -9.850
    26.70   -1.000    2.570    0.100   -9.850
    26.80   -1.000    2.750    0.100   -9.850
    26.90   -1.000    2.810    0.100   -9.850
    27.00   -1.000    2.810    0.100   -9.850
    27.10   -1.000    2.810    0.095   -9.850
    27.20   -1.000    2.810    0.095   -9.850
    27.30   -1.000    2.810    0.095   -9.850
    27.40   -1.000    2.810    0.095   -9.850
    27.50   -1.000    2.805    0.095   -9.850
    27.60   -1.000    2.805    0.095   -9.850
    27.70   -1.000    2.665    0.095   -9.850
    27.80   -1.000    1.960    0.090   -9.850
    27.90   -1.000    1.145    0.090   -9.850
    28.00   -1.000    0.260    0.090   -9.850
    28.10   -1.000   -0.680    0.090   -5.825
    28.20   -1.000   -1.625    0.090   -1.225
    28.30   -1.000   -2.530    0.095    3.420
    28.40   -1.000   -3.330    0.095    7.910
    28.50   -1.000   -3.990    0.095    9.775
    28.60   -1.000   -4.505    0.100    9.850
    28.70   -1.000   -4.875    0.100    9.850
    28.80   -1.000   -5.110    0.100    9.850
    28.90   -1.000   -5.220    0.100    9.850
    29.00   -1.000   -5.245    0.105    9.850
    29.10   -1.000   -5.245    0.105    9.850
    29.20   -1.000   -5.245    0.105    9.850
    29.30   -1.000   -5.240    0.105    9.850
    29.40   -1.000   -5.240    0.105    9.850
    29.50   -1.000   -5.240    0.105    9.850
    29.60   -1.000   -5.235    0.105    9.850
    29.70   -1.000   -5.235    0.110    9.850
    29.80   -1.000   -4.990    0.110    9.850
    29.90   -1.000   -4.255    0.110    9.850
    30.00   -1.000   -3.455    0.110    9.850
    30.10   -1.000   -2.585    0.105    9.850
    30.20   -1.000   -1.665    0.105    8.325
    30.30   -1.000   -0.710    0.105    3.925
    30.40   -1.000    0.235    0.105   -0.785
    30.50   -1.000    1.110    0.105   -5.455
    30.60   -1.000    1.860    0.105   -9.680
    30.70   -1.000    2.470    0.105   -9.850
    30.80   -1.000    2.925    0.100   -9.850
    30.90   -1.000    3.240    0.100   -9.850
    31.00   -1.000    3.420    0.100   -9.850
    31.10   -1.000    3.480    0.100   -9.850
    31.20   -1.000    3.485    0.100   -9.850
    31.30   -1.000    3.485    0.095   -9.850
    31.40   -1.000    3.485    0.095   -9.850
    31.50   -1.000    3.485    0.095   -9.850
    31.60   -1.000    3.485    0.095   -9.850
    31.70   -1.000    3.480    0.095   -9.850
    31.80   -1.000    3.480    0.095   -9.850
    31.90   -1.000    3.355    0.095   -9.850
    32.00   -1.000    2.665    0.095   -9.850
    32.10   -1.000    1.845    0.090   -9.850
    32.20   -1.000    0.970    0.090   -9.850
    32.30   -1.000    0.025    0.090   -9.175
    32.40   -1.000   -0.960    0.090   -4.715
    32.50   -1.000   -1.940    0.090    0.145
    32.60   -1.000   -2.855    0.095    4.965
    32.70   -1.000   -3.655    0.095    9.505
    32.80   -1.000   -4.310    0.095    9.845
    32.90   -1.000   -4.815    0.100    9.850
    33.00   -1.000   -5.180    0.100    9.850
    33.10   -1.000   -5.410    0.100    9.850
    33.20   -1.000   -5.520    0.100    9.850
    33.30   -1.000   -5.545    0.100    9.850
    33.40   -1.000   -5.545    0.105    9.850
    33.50   -1.000   -5.540    0.105    9.850
    33.60   -1.000   -5.540    0.105    9.850
    33.70   -1.000   -5.540    0.105    9.850
    33.80   -1.000   -5.540    0.105    9.850
    33.90   -1.000   -5.535    0.105    9.850
    34.00   -1.000   -5.535    0.105    9.850
    34.10   -1.000   -5.260    0.110    9.850
    34.20   -1.000   -4.520    0.110    9.850
    34.30   -1.000   -3.715    0.110    9.850
    34.40   -1.000   -2.850    0.110    9.850
    34.50   -1.000   -1.925    0.110    9.590
    34.60   -1.000   -0.960    0.105    5.230
    34.70   -1.000    0.010    0.105    0.450
    34.80   -1.000    0.930    0.105   -4.350
    34.90   -1.000    1.730    0.105   -8.880
    35.00   -1.000    2.385    0.105   -9.815
    35.10   -1.000    2.895    0.100   -9.850
    35.20   -1.000    3.255    0.100   -9.850
    35.30   -1.000    3.475    0.100   -9.850
    35.40   -1.000    3.575    0.100   -9.850
    35.50   -1.000    3.585    0.100   -9.850
    35.60   -1.000    3.585    0.100   -9.850
    35.70   -1.000    3.585    0.095   -9.850
    35.80   -1.000    3.585    0.095   -9.850
    35.90   -1.000    3.580    0.095   -9.850
    36.00   -1.000    3.580    0.095   -9.850
    36.10   -1.000    3.580    0.095   -9.850
    36.20   -1.000    3.560    0.095   -9.850
    36.30   -1.000    3.050    0.095   -9.850
    36.40   -1.000    2.260    0.090   -9.850
    36.50   -1.000    1.410    0.090   -9.850
    36.60   -1.000    0.490    0.090   -9.850
    36.70   -1.000   -0.480    0.090   -6.930
    36.80   -1.000   -1.470    0.090   -2.220
    36.90   -1.000   -2.425    0.095    2.625
    37.00   -1.000   -3.285    0.095    7.390
    37.10   -1.000   -4.010    0.095    9.755
    37.20   -1.000   -4.585    0.100    9.850
    37.30   -1.000   -5.015    0.100    9.850
    37.40   -1.000   -5.310    0.100    9.850
    37.50   -1.000   -5.475    0.100    9.850
    37.60   -1.000   -5.530    0.100    9.850
    37.70   -1.000   -5.530    0.105    9.850
    37.80   -1.000   -5.530    0.105    9.850
    37.90   -1.000   -5.525    0.105    9.850
    38.00   -1.000   -5.525    0.105    9.850
    38.10   -1.000   -5.525    0.105    9.850
    38.20   -1.000   -5.520    0.105    9.850
    38.30   -1.000   -5.520    0.105    9.850
    38.40   -1.000   -5.460    0.105    9.850
    38.50   -1.000   -4.865    0.110    9.850
    38.60   -1.000   -4.090    0.110    9.850
    38.70   -1.000   -3.255    0.110    9.850
    38.80   -1.000   -2.360    0.110    9.850
    38.90   -1.000   -1.415    0.105    7.285
    39.00   -1.000   -0.450    0.105    2.695
    39.10   -1.000    0.495    0.105   -2.080
    39.20   -1.000    1.350    0.105   -6.735
    39.30   -1.000    2.075    0.105   -9.710
    39.40   -1.000    2.650    0.105   -9.850
    39.50   -1.000    3.080    0.100   -9.850
    39.60   -1.000    3.370    0.100   -9.850
    39.70   -1.000    3.520    0.100   -9.850
    39.80   -1.000    3.570    0.100   -9.850
    39.90   -1.000    3.570    0.100   -9.850
    40.00   -1.000    3.565    0.095   -9.850
    40.10   -1.000    3.565    0.095   -9.850
    40.20   -1.000    3.565    0.095   -9.850
    40.30   -1.000    3.565    0.095   -9.850
    40.40   -1.000    3.565    0.095   -9.850
    40.50   -1.000    3.565    0.095   -9.850
    40.60   -1.000    3.365    0.095   -9.850
    40.70   -1.000    2.635    0.095   -9.850
    40.80   -1.000    1.815    0.095   -9.850
    40.90   -1.000    0.935    0.090   -9.850
    41.00   -1.000   -0.010    0.090   -9.005
    41.10   -1.000   -0.995    0.090   -4.570
    41.20   -1.000   -1.970    0.095    0.285
    41.30   -1.000   -2.885    0.095    5.150
    41.40   -1.000   -3.680    0.095    9.655
    41.50   -1.000   -4.330    0.095    9.850
    41.60   -1.000   -4.835    0.100    9.850
    41.70   -1.000   -5.195    0.100    9.850
    41.80   -1.000   -5.430    0.100    9.850
    41.90   -1.000   -5.535    0.100    9.850
    42.00   -1.000   -5.565    0.100    9.850
    42.10   -1.000   -5.565    0.105    9.850
    42.20   -1.000   -5.565    0.105    9.850
    42.30   -1.000   -5.560    0.105    9.850
    42.40   -1.000   -5.560    0.105    9.850
    42.50   -1.000   -5.560    0.105    9.850
    42.60   -1.000   -5.555    0.105    9.850
    42.70   -1.000   -5.555    0.105    9.850
    42.80   -1.000   -5.305    0.110    9.850
    42.90   -1.000   -4.580    0.110    9.850
    43.00   -1.000   -3.780    0.110    9.850
    43.10   -1.000   -2.920    0.110    9.850
    43.20   -1.000   -2.005    0.105    9.850
    43.30   -1.000   -1.045    0.105    5.585
    43.40   -1.000   -0.075    0.105    0.855
    43.50   -1.000    0.840    0.105   -3.940
    43.60   -1.000    1.650    0.105   -8.430
    43.70   -1.000    2.320    0.105   -9.795
    43.80   -1.000    2.835    0.105   -9.850
    43.90   -1.000    3.210    0.100   -9.850
    44.00   -1.000    3.445    0.100   -9.850
    44.10   -1.000    3.555    0.100   -9.850
    44.20   -1.000    3.575    0.100   -9.850
    44.30   -1.000    3.570    0.100   -9.850
    44.40   -1.000    3.570    0.095   -9.850
    44.50   -1.000    3.570    0.095   -9.850
    44.60   -1.000    3.565    0.095   -9.850
    44.70   -1.000    3.565    0.095   -9.850
    44.80   -1.000    3.565    0.095   -9.850
    44.90   -1.000    3.560    0.095   -9.850
    45.00   -1.000    3.145    0.095   -9.845
    45.10   -1.000    2.370    0.090   -9.850
    45.20   -1.000    1.525    0.090   -9.850
    45.30   -1.000    0.625    0.090   -9.850
    45.40   -1.000   -0.335    0.090   -7.555
    45.50   -1.000   -1.320    0.090   -2.945
    45.60   -1.000   -2.285    0.095    1.925
    45.70   -1.000   -3.160    0.095    6.705
    45.80   -1.000   -3.905    0.095    9.735
    45.90   -1.000   -4.500    0.100    9.850
    46.00   -1.000   -4.955    0.100    9.850
    46.10   -1.000   -5.275    0.100    9.850
    46.20   -1.000   -5.460    0.100    9.850
    46.30   -1.000   -5.535    0.100    9.850
    46.40   -1.000   -5.545    0.105    9.850
    46.50   -1.000   -5.545    0.105    9.850
    46.60   -1.000   -5.540    0.105    9.850
    46.70   -1.000   -5.540    0.105    9.850
    46.80   -1.000   -5.540    0.105    9.850
    46.90   -1.000   -5.540    0.105    9.850
    47.00   -1.000   -5.535    0.105    9.850
    47.10   -1.000   -5.530    0.105    9.850
    47.20   -1.000   -5.085    0.110    9.850
    47.30   -1.000   -4.330    0.110    9.850
    47.40   -1.000   -3.520    0.110    9.850
    47.50   -1.000   -2.645    0.110    9.850
    47.60   -1.000   -1.715    0.110    8.600
    47.70   -1.000   -0.750    0.105    4.150
    47.80   -1.000    0.205    0.105   -0.565
    47.90   -1.000    1.095    0.105   -5.285
    48.00   -1.000    1.865    0.105   -9.655
    48.10   -1.000    2.490    0.105   -9.850
    48.20   -1.000    2.965    0.100   -9.850
    48.30   -1.000    3.300    0.100   -9.850
    48.40   -1.000    3.500    0.100   -9.850
    48.50   -1.000    3.580    0.100   -9.850
    48.60   -1.000    3.585    0.100   -9.850
    48.70   -1.000    3.585    0.100   -9.850
    48.80   -1.000    3.585    0.095   -9.850
    48.90   -1.000    3.585    0.095   -9.850
    49.00   -1.000    3.580    0.095   -9.850
    49.10   -1.000    3.580    0.095   -9.850
    49.20   -1.000    3.580    0.095   -9.850
    49.30   -1.000    3.540    0.095   -9.850
    49.40   -1.000    2.965    0.095   -9.850
    49.50   -1.000    2.175    0.095   -9.850
    49.60   -1.000    1.320    0.090   -9.850
    49.70   -1.000    0.400    0.090   -9.850
    49.80   -1.000   -0.570    0.090   -6.500
    49.90    1.000   -1.555    0.090   -1.795
    50.00    1.000   -2.490    0.095    9.345
    50.10    1.000   -3.295    0.095    9.850
    50.20    1.000   -3.940    0.095    9.850
    50.30    1.000   -4.445    0.100    9.850
    50.40    1.000   -4.815    0.100    9.850
    50.50    1.000   -5.045    0.100    9.850
    50.60    1.000   -5.155    0.100    9.850
    50.70    1.000   -5.185    0.105    9.850
    50.80    1.000   -5.185    0.105    9.850
    50.90    1.000   -5.185    0.105    9.850
    51.00    1.000   -5.180    0.105    9.850
    51.10    1.000   -5.180    0.105    9.850
    51.20    1.000   -5.180    0.105    9.850
    51.30    1.000   -5.175    0.105    9.850
    51.40    1.000   -5.175    0.105    9.850
    51.50    1.000   -4.975    0.105    9.850
    51.60    1.000   -4.265    0.110    9.850
    51.70    1.000   -3.475    0.110    9.850
    51.80    1.000   -2.625    0.105    9.850
    51.90    1.000   -1.715    0.105    9.850
    52.00    1.000   -0.755    0.105    9.850
    52.10    1.000    0.260    0.105    9.095
    52.20    1.000    1.310    0.105    4.290
    52.30    1.000    2.350    0.105   -0.895
    52.40    1.000    3.315    0.105   -6.020
    52.50    1.000    4.150    0.105   -9.705
    52.60    1.000    4.835    0.105   -9.850
    52.70    1.000    5.370    0.105   -9.850
    52.80    1.000    5.760    0.105   -9.850
    52.90    1.000    6.015    0.100   -9.850
    53.00    1.000    6.135    0.100   -9.850
    53.10    1.000    6.165    0.100   -9.850
    53.20    1.000    6.165    0.100   -9.850
    53.30    1.000    6.165    0.100   -9.850
    53.40    1.000    6.160    0.100   -9.850
    53.50    1.000    6.160    0.095   -9.850
    53.60    1.000    6.160    0.095   -9.850
    53.70    1.000    6.160    0.095   -9.850
    53.80    1.000    6.160    0.095   -9.850
    53.90    1.000    5.855    0.095   -9.850
    54.00    1.000    5.095    0.095   -9.850
    54.10    1.000    4.265    0.095   -9.850
    54.20    1.000    3.375    0.090   -9.850
    54.30    1.000    2.420    0.090   -9.850
    54.40    1.000    1.415    0.090   -6.575
    54.50    1.000    0.395    0.090   -1.745
    54.60    1.000   -0.580    0.090    3.290
    54.70    1.000   -1.460    0.095    8.130
    54.80    1.000   -2.195    0.095    9.790
    54.90    1.000   -2.780    0.095    9.850
    55.00    1.000   -3.225    0.100    9.850
    55.10    1.000   -3.535    0.100    9.850
    55.20    1.000   -3.710    0.100    9.850
    55.30    1.000   -3.780    0.100    9.850
    55.40    1.000   -3.785    0.100    9.850
    55.50    1.000   -3.785    0.105    9.850
    55.60    1.000   -3.780    0.105    9.850
    55.70    1.000   -3.780    0.105    9.850
    55.80    1.000   -3.780    0.105    9.850
    55.90    1.000   -3.780    0.105    9.850
    56.00    1.000   -3.775    0.105    9.850
    56.10    1.000   -3.765    0.105    9.850
    56.20    1.000   -3.315    0.105    9.850
    56.30    1.000   -2.565    0.105    9.850
    56.40    1.000   -1.755    0.105    9.850
    56.50    1.000   -0.885    0.105    9.850
    56.60    1.000    0.040    0.105    9.705
    56.70    1.000    1.015    0.105    5.340
    56.80    1.000    1.985    0.105    0.560
    56.90    1.000    2.910    0.105   -4.235
    57.00    1.000    3.720    0.105   -8.745
    57.10    1.000    4.385    0.105   -9.810
    57.20    1.000    4.905    0.105   -9.850
    57.30    1.000    5.280    0.105   -9.850
    57.40    1.000    5.515    0.100   -9.850
    57.50    1.000    5.630    0.100   -9.850
    57.60    1.000    5.650    0.100   -9.850
    57.70    1.000    5.650    0.100   -9.850
    57.80    1.000    5.650    0.100   -9.850
    57.90    1.000    5.645    0.095   -9.850
    58.00    1.000    5.645    0.095   -9.850
    58.10    1.000    5.645    0.095   -9.850
    58.20    1.000    5.645    0.095   -9.850
    58.30    1.000    5.645    0.095   -9.850
    58.40    1.000    5.300    0.095   -9.850
    58.50    1.000    4.535    0.095   -9.850
    58.60    1.000    3.705    0.090   -9.850
    58.70    1.000    2.815    0.090   -9.850
    58.80    1.000    1.860    0.090   -8.450
    58.90    1.000    0.875    0.090   -3.925
    59.00    1.000   -0.095    0.090    0.940
    59.10    1.000   -1.000    0.095    5.745
    59.20    1.000   -1.780    0.095    9.695
    59.30    1.000   -2.415    0.095    9.850
    59.40    1.000   -2.905    0.095    9.850
    59.50    1.000   -3.260    0.100    9.850
    59.60    1.000   -3.485    0.100    9.850
    59.70    1.000   -3.585    0.100    9.850
    59.80    1.000   -3.605    0.100    9.850
    59.90    1.000   -3.605    0.100    9.850
    60.00    1.000   -3.605    0.105    9.850
    60.10    1.000   -3.600    0.105    9.850
    60.20    1.000   -3.600    0.105    9.850
    60.30    1.000   -3.600    0.105    9.850
    60.40    1.000   -3.600    0.105    9.850
    60.50    1.000   -3.595    0.105    9.850
    60.60    1.000   -3.370    0.105    9.850
    60.70    1.000   -2.660    0.105    9.850
    60.80    1.000   -1.870    0.105    9.850
    60.90    1.000   -1.020    0.105    9.850
    61.00    1.000   -0.115    0.105    9.850
    61.10    1.000    0.840    0.105    6.070
    61.20    1.000    1.800    0.105    1.460
    61.30    1.000    2.720    0.105   -3.290
    61.40    1.000    3.545    0.105   -7.850
    61.50    1.000    4.230    0.105   -9.775
    61.60    1.000    4.770    0.105   -9.850
    61.70    1.000    5.160    0.105   -9.850
    61.80    1.000    5.415    0.100   -9.850
    61.90    1.000    5.545    0.100   -9.850
    62.00    1.000    5.585    0.100   -9.850
    62.10    1.000    5.585    0.100   -9.850
    62.20    1.000    5.585    0.100   -9.850
    62.30    1.000    5.585    0.100   -9.850
    62.40    1.000    5.580    0.095   -9.850
    62.50    1.000    5.580    0.095   -9.850
    62.60    1.000    5.580    0.095   -9.850
    62.70    1.000    5.580    0.095   -9.850
    62.80    1.000    5.325    0.095   -9.850
    62.90    1.000    4.580    0.095   -9.850
    63.00    1.000    3.760    0.095   -9.850
    63.10    1.000    2.880    0.090   -9.850
    63.20    1.000    1.935    0.090   -8.755
    63.30    1.000    0.955    0.090   -4.260
    63.40    1.000   -0.020    0.090    0.560
    63.50    1.000   -0.925    0.090    5.390
    63.60    1.000   -1.710    0.095    9.685
    63.70    1.000   -2.355    0.095    9.850
    63.80    1.000   -2.855    0.095    9.850
    63.90    1.000   -3.215    0.100    9.850
    64.00    1.000   -3.450    0.100    9.850
    64.10    1.000   -3.555    0.100    9.850
    64.20    1.000   -3.585    0.100    9.850
    64.30    1.000   -3.585    0.105    9.850
    64.40    1.000   -3.585    0.105    9.850
    64.50    1.000   -3.580    0.105    9.850
    64.60    1.000   -3.580    0.105    9.850
    64.70    1.000   -3.580    0.105    9.850
    64.80    1.000   -3.575    0.105    9.850
    64.90    1.000   -3.575    0.105    9.850
    65.00    1.000   -3.385    0.105    9.850
    65.10    1.000   -2.685    0.105    9.850
    65.20    1.000   -1.905    0.105    9.850
    65.30    1.000   -1.060    0.105    9.850
    65.40    1.000   -0.160    0.105    9.850
    65.50    1.000    0.790    0.105    6.330
    65.60    1.000    1.750    0.105    1.695
    65.70    1.000    2.670    0.105   -3.050
    65.80    1.000    3.500    0.105   -7.605
    65.90    1.000    4.190    0.105   -9.765
    66.00    1.000    4.735    0.105   -9.850
    66.10    1.000    5.135    0.105   -9.850
    66.20    1.000    5.400    0.100   -9.850
    66.30    1.000    5.535    0.100   -9.850
    66.40    1.000    5.570    0.100   -9.850
    66.50    1.000    5.570    0.100   -9.850
    66.60    1.000    5.570    0.100   -9.850
    66.70    1.000    5.565    0.100   -9.850
    66.80    1.000    5.565    0.095   -9.850
    66.90    1.000    5.565    0.095   -9.850
    67.00    1.000    5.565    0.095   -9.850
    67.10    1.000    5.565    0.095   -9.850
    67.20    1.000    5.350    0.095   -9.850
    67.30    1.000    4.620    0.095   -9.850
    67.40    1.000    3.810    0.095   -9.850
    67.50    1.000    2.935    0.090   -9.850
    67.60    1.000    1.995    0.090   -9.010
    67.70    1.000    1.020    0.090   -4.565
    67.80    1.000    0.050    0.090    0.245
    67.90    1.000   -0.860    0.090    5.015
    68.00    1.000   -1.655    0.095    9.480
    68.10    1.000   -2.305    0.095    9.845
    68.20    1.000   -2.815    0.100    9.850
    68.30    1.000   -3.185    0.100    9.850
    68.40    1.000   -3.425    0.100    9.850
    68.50    1.000   -3.540    0.100    9.850
    68.60    1.000   -3.565    0.100    9.850
    68.70    1.000   -3.565    0.100    9.850
    68.80    1.000   -3.565    0.105    9.850
    68.90    1.000   -3.560    0.105    9.850
    69.00    1.000   -3.560    0.105    9.850
    69.10    1.000   -3.560    0.105    9.850
    69.20    1.000   -3.560    0.105    9.850
    69.30    1.000   -3.555    0.105    9.850
    69.40    1.000   -3.395    0.105    9.850
    69.50    1.000   -2.715    0.105    9.850
    69.60    1.000   -1.935    0.105    9.850
    69.70    1.000   -1.100    0.105    9.850
    69.80    1.000   -0.205    0.105    9.850
    69.90    1.000    0.740    0.105    6.510
    70.00    1.000    1.700    0.105    1.900
    70.10    1.000    2.620    0.105   -2.820
    70.20    1.000    3.455    0.105   -7.370
    70.30    1.000    4.150    0.105   -9.760
    70.40    1.000    4.700    0.105   -9.850
    70.50    1.000    5.105    0.105   -9.850
    70.60    1.000    5.375    0.100   -9.850
    70.70    1.000    5.515    0.100   -9.850
    70.80    1.000    5.560    0.100   -9.850
    70.90    1.000    5.565    0.100   -9.850
    71.00    1.000    5.565    0.100   -9.850
    71.10    1.000    5.565    0.100   -9.850
    71.20    1.000    5.560    0.095   -9.850
    71.30    1.000    5.560    0.095   -9.850
    71.40    1.000    5.560    0.095   -9.850
    71.50    1.000    5.560    0.095   -9.850
    71.60    1.000    5.390    0.095   -9.850
    71.70    1.000    4.680    0.095   -9.850
    71.80    1.000    3.875    0.090   -9.850
    71.90    1.000    3.000    0.090   -9.850
    72.00    1.000    2.070    0.090   -9.340
    72.10    1.000    1.095    0.090   -4.925
    72.20    1.000    0.120    0.090   -0.160
    72.30    1.000   -0.795    0.090    4.680
    72.40    1.000   -1.605    0.095    9.195
    72.50    1.000   -2.270    0.095    9.830
    72.60    1.000   -2.790    0.100    9.850
    72.70    1.000   -3.170    0.100    9.850
    72.80    1.000   -3.420    0.100    9.850
    72.90    1.000   -3.550    0.100    9.850
    73.00    1.000   -3.585    0.100    9.850
    73.10    1.000   -3.585    0.100    9.850
    73.20    1.000   -3.585    0.105    9.850
    73.30    1.000   -3.580    0.105    9.850
    73.40    1.000   -3.580    0.105    9.850
    73.50    1.000   -3.580    0.105    9.850
    73.60    1.000   -3.580    0.105    9.850
    73.70    1.000   -3.575    0.105    9.850
    73.80    1.000   -3.465    0.105    9.850
    73.90    1.000   -2.820    0.105    9.850
    74.00    1.000   -2.045    0.105    9.850
    74.10    1.000   -1.215    0.105    9.850
    74.20    1.000   -0.325    0.105    9.850
    74.30    1.000    0.615    0.105    7.070
    74.40    1.000    1.575    0.105    2.535
    74.50    1.000    2.505    0.105   -2.210
    74.60    1.000    3.355    0.105   -6.770
    74.70    1.000    4.075    0.105   -9.720
    74.80    1.000    4.645    0.105   -9.850
    74.90   -1.000    5.075    0.105   -9.850
    75.00   -1.000    5.365    0.100   -9.850
    75.10   -1.000    5.525    0.100   -9.850
    75.20   -1.000    5.580    0.100   -9.850
    75.30   -1.000    5.585    0.100   -9.850
    75.40   -1.000    5.585    0.100   -9.850
    75.50   -1.000    5.585    0.100   -9.850
    75.60   -1.000    5.580    0.095   -9.850
    75.70   -1.000    5.580    0.095   -9.850
    75.80   -1.000    5.580    0.095   -9.850
    75.90   -1.000    5.580    0.095   -9.850
    76.00   -1.000    5.470    0.095   -9.850
    76.10   -1.000    4.805    0.095   -9.850
    76.20   -1.000    4.005    0.090   -9.850
    76.30   -1.000    3.140    0.090   -9.850
    76.40   -1.000    2.220    0.090   -9.850
    76.50   -1.000    1.235    0.090   -9.850
    76.60   -1.000    0.200    0.090   -9.850
    76.70   -1.000   -0.885    0.090   -5.545
    76.80   -1.000   -1.965    0.090   -0.255
    76.90   -1.000   -2.985    0.095    5.110
    77.00   -1.000   -3.885    0.095    9.675
    77.10   -1.000   -4.630    0.095    9.850
    77.20   -1.000   -5.235    0.095    9.850
    77.30   -1.000   -5.695    0.100    9.850
    77.40   -1.000   -6.025    0.100    9.850
    77.50   -1.000   -6.225    0.100    9.850
    77.60   -1.000   -6.305    0.100    9.850
    77.70   -1.000   -6.325    0.100    9.850
    77.80   -1.000   -6.320    0.105    9.850
    77.90   -1.000   -6.320    0.105    9.850
    78.00   -1.000   -6.320    0.105    9.850
    78.10   -1.000   -6.315    0.105    9.850
    78.20   -1.000   -6.315    0.105    9.850
    78.30   -1.000   -6.315    0.105    9.850
    78.40   -1.000   -6.310    0.105    9.850
    78.50   -1.000   -5.995    0.110    9.850
    78.60   -1.000   -5.260    0.110    9.850
    78.70   -1.000   -4.465    0.110    9.850
    78.80   -1.000   -3.610    0.110    9.850
    78.90   -1.000   -2.700    0.110    9.850
    79.00   -1.000   -1.735    0.110    8.865
    79.10   -1.000   -0.735    0.105    4.275
    79.20   -1.000    0.255    0.105   -0.660
    79.30   -1.000    1.175    0.105   -5.545
    79.40   -1.000    1.975    0.105   -9.690
    79.50   -1.000    2.630    0.105   -9.850
    79.60   -1.000    3.140    0.100   -9.850
    79.70   -1.000    3.505    0.100   -9.850
    79.80   -1.000    3.740    0.100   -9.850
    79.90   -1.000    3.850    0.100   -9.850
    80.00   -1.000    3.870    0.100   -9.850
    80.10   -1.000    3.870    0.100   -9.850
    80.20   -1.000    3.865    0.095   -9.850
    80.30   -1.000    3.865    0.095   -9.850
    80.40   -1.000    3.865    0.095   -9.845
    80.50   -1.000    3.865    0.095   -9.850
    80.60   -1.000    3.860    0.095   -9.850
    80.70   -1.000    3.860    0.095   -9.850
    80.80   -1.000    3.475    0.095   -9.850
    80.90   -1.000    2.710    0.095   -9.850
    81.00   -1.000    1.880    0.090   -9.850
    81.10   -1.000    0.990    0.090   -9.850
    81.20   -1.000    0.040    0.090   -9.295
    81.30   -1.000   -0.950    0.090   -4.825
    81.40   -1.000   -1.940    0.090    0.065
    81.50   -1.000   -2.865    0.095    4.975
    81.60   -1.000   -3.680    0.095    9.560
    81.70   -1.000   -4.350    0.095    9.850
    81.80   -1.000   -4.875    0.100    9.850
    81.90   -1.000   -5.265    0.100    9.850
    82.00   -1.000   -5.525    0.100    9.850
    82.10   -1.000   -5.660    0.100    9.850
    82.20   -1.000   -5.700    0.100    9.850
    82.30   -1.000   -5.705    0.105    9.850
    82.40   -1.000   -5.705    0.105    9.850
    82.50   -1.000   -5.700    0.105    9.850
    82.60   -1.000   -5.700    0.105    9.850
    82.70   -1.000   -5.700    0.105    9.850
    82.80   -1.000   -5.695    0.105    9.850
    82.90   -1.000   -5.695    0.105    9.850
    83.00   -1.000   -5.630    0.110    9.850
    83.10   -1.000   -5.035    0.110    9.850
    83.20   -1.000   -4.275    0.110    9.850
    83.30   -1.000   -3.455    0.110    9.850
    83.40   -1.000   -2.585    0.110    9.850
    83.50   -1.000   -1.660    0.105    8.320
    83.60   -1.000   -0.690    0.105    3.860
    83.70   -1.000    0.260    0.105   -0.905
    83.80   -1.000    1.145    0.105   -5.550
    83.90   -1.000    1.910    0.105   -9.665
    84.00   -1.000    2.530    0.105   -9.850
    84.10   -1.000    3.010    0.100   -9.850
    84.20   -1.000    3.345    0.100   -9.850
    84.30   -1.000    3.550    0.100   -9.850
    84.40   -1.000    3.630    0.100   -9.850
    84.50   -1.000    3.645    0.100   -9.850
    84.60   -1.000    3.645    0.100   -9.850
    84.70   -1.000    3.645    0.095   -9.850
    84.80   -1.000    3.645    0.095   -9.850
    84.90   -1.000    3.640    0.095   -9.850
    85.00   -1.000    3.640    0.095   -9.850
    85.10   -1.000    3.640    0.095   -9.850
    85.20   -1.000    3.625    0.095   -9.850
    85.30   -1.000    3.140    0.095   -9.850
    85.40   -1.000    2.365    0.090   -9.850
    85.50   -1.000    1.530    0.090   -9.850
    85.60   -1.000    0.625    0.090   -9.850
    85.70   -1.000   -0.330    0.090   -7.575
    85.80   -1.000   -1.310    0.090   -2.985
    85.90   -1.000   -2.265    0.095    1.855
    86.00   -1.000   -3.145    0.095    6.620
    86.10   -1.000   -3.890    0.095    9.700
    86.20   -1.000   -4.495    0.095    9.850
    86.30   -1.000   -4.955    0.100    9.850
    86.40   -1.000   -5.285    0.100    9.850
    86.50   -1.000   -5.485    0.100    9.850
    86.60   -1.000   -5.570    0.100    9.850
    86.70   -1.000   -5.585    0.105    9.850
    86.80   -1.000   -5.585    0.105    9.850
    86.90   -1.000   -5.585    0.105    9.850
    87.00   -1.000   -5.580    0.105    9.850
    87.10   -1.000   -5.580    0.105    9.850
    87.20   -1.000   -5.580    0.105    9.850
    87.30   -1.000   -5.575    0.105    9.850
    87.40   -1.000   -5.575    0.105    9.850
    87.50   -1.000   -5.290    0.110    9.850
    87.60   -1.000   -4.560    0.110    9.850
    87.70   -1.000   -3.770    0.110    9.850
    87.80   -1.000   -2.925    0.110    9.850
    87.90   -1.000   -2.015    0.105    9.850
    88.00   -1.000   -1.070    0.110    5.665
    88.10   -1.000   -0.110    0.105    1.005
    88.20   -1.000    0.800    0.105   -3.740
    88.30   -1.000    1.605    0.105   -8.225
    88.40   -1.000    2.275    0.105   -9.790
    88.50   -1.000    2.800    0.100   -9.850
    88.60   -1.000    3.180    0.100   -9.850
    88.70   -1.000    3.425    0.100   -9.850
    88.80   -1.000    3.550    0.100   -9.850
    88.90   -1.000    3.570    0.100   -9.850
    89.00   -1.000    3.570    0.100   -9.850
    89.10   -1.000    3.570    0.095   -9.850
    89.20   -1.000    3.570    0.095   -9.850
    89.30   -1.000    3.565    0.095   -9.850
    89.40   -1.000    3.565    0.095   -9.850
    89.50   -1.000    3.565    0.095   -9.850
    89.60   -1.000    3.565    0.095   -9.850
    89.70   -1.000    3.295    0.095   -9.850
    89.80   -1.000    2.550    0.090   -9.850
    89.90   -1.000    1.735    0.090   -9.850
    90.00   -1.000    0.855    0.090   -9.850
    90.10   -1.000   -0.080    0.090   -8.660
    90.20   -1.000   -1.055    0.090   -4.185
    90.30   -1.000   -2.020    0.090    0.615
    90.40   -1.000   -2.915    0.095    5.400
    90.50   -1.000   -3.695    0.095    9.650
    90.60   -1.000   -4.335    0.095    9.850
    90.70   -1.000   -4.830    0.100    9.850
    90.80   -1.000   -5.190    0.100    9.850
    90.90   -1.000   -5.420    0.100    9.850
    91.00   -1.000   -5.535    0.100    9.850
    91.10   -1.000   -5.565    0.105    9.850
    91.20   -1.000   -5.565    0.105    9.850
    91.30   -1.000   -5.565    0.105    9.850
    91.40   -1.000   -5.560    0.105    9.850
    91.50   -1.000   -5.560    0.105    9.850
    91.60   -1.000   -5.560    0.105    9.850
    91.70   -1.000   -5.555    0.105    9.850
    91.80   -1.000   -5.555    0.105    9.850
    91.90   -1.000   -5.400    0.105    9.850
    92.00   -1.000   -4.725    0.105    9.850
    92.10   -1.000   -3.950    0.110    9.850
    92.20   -1.000   -3.115    0.110    9.850
    92.30   -1.000   -2.225    0.110    9.850
    92.40   -1.000   -1.285    0.105    6.630
    92.50   -1.000   -0.330    0.105    2.055
    92.60   -1.000    0.590    0.105   -2.665
    92.70   -1.000    1.425    0.105   -7.220
    92.80   -1.000    2.125    0.105   -9.755
    92.90   -1.000    2.680    0.105   -9.850
    93.00   -1.000    3.095    0.100   -9.850
    93.10   -1.000    3.375    0.100   -9.850
    93.20   -1.000    3.525    0.100   -9.850
    93.30   -1.000    3.565    0.100   -9.850
    93.40   -1.000    3.565    0.100   -9.850
    93.50   -1.000    3.565    0.095   -9.850
    93.60   -1.000    3.565    0.095   -9.850
    93.70   -1.000    3.565    0.095   -9.850
    93.80   -1.000    3.560    0.095   -9.850
    93.90   -1.000    3.560    0.095   -9.850
    94.00   -1.000    3.560    0.095   -9.850
    94.10   -1.000    3.425    0.095   -9.850
    94.20   -1.000    2.740    0.095   -9.850
    94.30   -1.000    1.940    0.090   -9.850
    94.40   -1.000    1.080    0.090   -9.850
    94.50   -1.000    0.155    0.090   -9.705
    94.60   -1.000   -0.815    0.090   -5.325
    94.70   -1.000   -1.790    0.090   -0.610
    94.80   -1.000   -2.710    0.095    4.230
    94.90   -1.000   -3.525    0.095    8.800
    95.00   -1.000   -4.200    0.095    9.815
    95.10   -1.000   -4.735    0.100    9.850
    95.20   -1.000   -5.125    0.100    9.850
    95.30   -1.000   -5.390    0.100    9.850
    95.40   -1.000   -5.535    0.100    9.850
    95.50   -1.000   -5.580    0.100    9.850
    95.60   -1.000   -5.585    0.105    9.850
    95.70   -1.000   -5.585    0.105    9.850
    95.80   -1.000   -5.580    0.105    9.850
    95.90   -1.000   -5.580    0.105    9.850
    96.00   -1.000   -5.580    0.105    9.850
    96.10   -1.000   -5.575    0.105    9.850
    96.20   -1.000   -5.575    0.105    9.850
    96.30   -1.000   -5.515    0.110    9.850
    96.40   -1.000   -4.935    0.110    9.850
    96.50   -1.000   -4.175    0.110    9.850
    96.60   -1.000   -3.355    0.110    9.850
    96.70   -1.000   -2.480    0.110    9.850
    96.80   -1.000   -1.550    0.105    7.845
    96.90   -1.000   -0.595    0.105    3.360
    97.00   -1.000    0.340    0.105   -1.365
    97.10   -1.000    1.205    0.105   -5.980
    97.20   -1.000    1.945    0.105   -9.675
    97.30   -1.000    2.545    0.105   -9.850
    97.40   -1.000    3.000    0.100   -9.850
    97.50   -1.000    3.315    0.100   -9.850
    97.60   -1.000    3.505    0.100   -9.850
    97.70   -1.000    3.575    0.100   -9.850
    97.80   -1.000    3.585    0.100   -9.850
    97.90   -1.000    3.585    0.095   -9.850
    98.00   -1.000    3.585    0.095   -9.850
    98.10   -1.000    3.580    0.095   -9.850
    98.20   -1.000    3.580    0.095   -9.850
    98.30   -1.000    3.580    0.095   -9.850
    98.40   -1.000    3.580    0.095   -9.850
    98.50   -1.000    3.540    0.095   -9.850
    98.60   -1.000    2.980    0.095   -9.850
    98.70   -1.000    2.195    0.095   -9.850
    98.80   -1.000    1.350    0.090   -9.850
    98.90   -1.000    0.445    0.090   -9.850
    99.00   -1.000   -0.515    0.090   -6.725
    99.10   -1.000   -1.490    0.090   -2.075
    99.20   -1.000   -2.430    0.095    2.765
    99.30   -1.000   -3.285    0.095    7.445
    99.40   -1.000   -4.000    0.095    9.765
    99.50   -1.000   -4.570    0.100    9.850
    99.60   -1.000   -5.005    0.100    9.850
    99.70   -1.000   -5.305    0.100    9.850
    99.80   -1.000   -5.480    0.100    9.850
    99.90    1.000   -5.545    0.100    9.850
   100.00    1.000   -5.550    0.105    9.850
   100.10    1.000   -5.550    0.105    9.850
   100.20    1.000   -5.545    0.105    9.850
   100.30    1.000   -5.545    0.105    9.850
   100.40    1.000   -5.545    0.105    9.850
   100.50    1.000   -5.540    0.105    9.850
   100.60    1.000   -5.540    0.105    9.850
   100.70    1.000   -5.535    0.110    9.850
   100.80    1.000   -5.105    0.110    9.850
   100.90    1.000   -4.365    0.110    9.850
   101.00    1.000   -3.565    0.110    9.850
   101.10    1.000   -2.705    0.110    9.850
   101.20    1.000   -1.790    0.105    9.850
   101.30    1.000   -0.825    0.105    9.850
   101.40    1.000    0.195    0.105    9.420
   101.50    1.000    1.250    0.105    4.615
   101.60    1.000    2.295    0.110   -0.570
   101.70    1.000    3.275    0.105   -5.725
   101.80    1.000    4.130    0.105   -9.690
   101.90    1.000    4.835    0.105   -9.850
   102.00    1.000    5.390    0.105   -9.850
   102.10    1.000    5.805    0.105   -9.850
   102.20    1.000    6.080    0.100   -9.850
   102.30    1.000    6.230    0.100   -9.850
   102.40    1.000    6.280    0.100   -9.850
   102.50    1.000    6.285    0.100   -9.850
   102.60    1.000    6.285    0.100   -9.850
   102.70    1.000    6.280    0.100   -9.850
   102.80    1.000    6.280    0.095   -9.850
   102.90    1.000    6.280    0.095   -9.850
   103.00    1.000    6.280    0.095   -9.850
   103.10    1.000    6.275    0.095   -9.850
   103.20    1.000    6.165    0.095   -9.850
   103.30    1.000    5.500    0.095   -9.850
   103.40    1.000    4.700    0.095   -9.850
   103.50    1.000    3.845    0.090   -9.850
   103.60    1.000    2.925    0.090   -9.850
   103.70    1.000    1.950    0.090   -8.985
   103.80    1.000    0.940    0.090   -4.345
   103.90    1.000   -0.065    0.090    0.625
   104.00    1.000   -1.000    0.090    5.585
   104.10    1.000   -1.815    0.095    9.675
   104.20    1.000   -2.490    0.095    9.850
   104.30    1.000   -3.020    0.095    9.850
   104.40    1.000   -3.415    0.100    9.850
   104.50    1.000   -3.675    0.100    9.850
   104.60    1.000   -3.815    0.100    9.850
   104.70    1.000   -3.860    0.100    9.850
   104.80    1.000   -3.865    0.105    9.850
   104.90    1.000   -3.860    0.105    9.850
   105.00    1.000   -3.860    0.105    9.850
   105.10    1.000   -3.860    0.105    9.850
   105.20    1.000   -3.860    0.105    9.850
   105.30    1.000   -3.855    0.105    9.850
   105.40    1.000   -3.855    0.105    9.850
   105.50    1.000   -3.815    0.105    9.850
   105.60    1.000   -3.260    0.105    9.850
   105.70    1.000   -2.505    0.105    9.850
   105.80    1.000   -1.690    0.105    9.850
   105.90    1.000   -0.820    0.105    9.850
   106.00    1.000    0.105    0.105    9.425
   106.10    1.000    1.075    0.105    5.020
   106.20    1.000    2.040    0.105    0.260
   106.30    1.000    2.955    0.105   -4.465
   106.40    1.000    3.760    0.105   -9.000
   106.50    1.000    4.420    0.105   -9.820
   106.60    1.000    4.935    0.105   -9.850
   106.70    1.000    5.310    0.105   -9.850
   106.80    1.000    5.550    0.100   -9.850
   106.90    1.000    5.670    0.100   -9.850
   107.00    1.000    5.690    0.100   -9.850
   107.10    1.000    5.690    0.100   -9.850
   107.20    1.000    5.685    0.100   -9.850
   107.30    1.000    5.685    0.100   -9.850
   107.40    1.000    5.685    0.095   -9.850
   107.50    1.000    5.685    0.095   -9.850
   107.60    1.000    5.680    0.095   -9.850
   107.70    1.000    5.680    0.095   -9.850
   107.80    1.000    5.400    0.095   -9.850
   107.90    1.000    4.655    0.095   -9.850
   108.00    1.000    3.840    0.095   -9.850
   108.10    1.000    2.965    0.090   -9.850
   108.20    1.000    2.030    0.090   -9.155
   108.30    1.000    1.055    0.090   -4.730
   108.40    1.000    0.080    0.090    0.055
   108.50    1.000   -0.835    0.090    4.895
   108.60    1.000   -1.635    0.095    9.405
   108.70    1.000   -2.300    0.095    9.840
   108.80    1.000   -2.820    0.095    9.850
   108.90    1.000   -3.200    0.100    9.850
   109.00    1.000   -3.455    0.100    9.850
   109.10    1.000   -3.585    0.100    9.850
   109.20    1.000   -3.620    0.100    9.850
   109.30    1.000   -3.625    0.100    9.850
   109.40    1.000   -3.625    0.105    9.850
   109.50    1.000   -3.620    0.105    9.850
   109.60    1.000   -3.620    0.105    9.850
   109.70    1.000   -3.620    0.105    9.850
   109.80    1.000   -3.615    0.105    9.850
   109.90    1.000   -3.615    0.105    9.850
   110.00    1.000   -3.550    0.105    9.850
   110.10    1.000   -2.950    0.105    9.850
   110.20    1.000   -2.190    0.105    9.850
   110.30    1.000   -1.375    0.105    9.850
   110.40    1.000   -0.495    0.105    9.850
   110.50    1.000    0.430    0.105    7.885
   110.60    1.000    1.385    0.105    3.450
   110.70    1.000    2.325    0.105   -1.270
   110.80    1.000    3.195    0.105   -5.910
   110.90    1.000    3.940    0.105   -9.690
   111.00    1.000    4.545    0.105   -9.850
   111.10    1.000    5.000    0.105   -9.850
   111.20    1.000    5.325    0.105   -9.850
   111.30    1.000    5.515    0.100   -9.850
   111.40    1.000    5.590    0.100   -9.850
   111.50    1.000    5.605    0.100   -9.850
   111.60    1.000    5.605    0.100   -9.850
   111.70    1.000    5.605    0.100   -9.850
   111.80    1.000    5.600    0.095   -9.850
   111.90    1.000    5.600    0.095   -9.850
   112.00    1.000    5.600    0.095   -9.850
   112.10    1.000    5.600    0.095   -9.850
   112.20    1.000    5.580    0.095   -9.850
   112.30    1.000    5.075    0.095   -9.850
   112.40    1.000    4.300    0.095   -9.850
   112.50    1.000    3.465    0.090   -9.850
   112.60    1.000    2.570    0.090   -9.850
   112.70    1.000    1.615    0.090   -7.290
   112.80    1.000    0.640    0.090   -2.695
   112.90    1.000   -0.305    0.090    2.120
   113.00    1.000   -1.175    0.095    6.760
   113.10    1.000   -1.910    0.095    9.720
   113.20    1.000   -2.510    0.095    9.850
   113.30    1.000   -2.965    0.100    9.850
   113.40    1.000   -3.290    0.100    9.850
   113.50    1.000   -3.485    0.100    9.850
   113.60    1.000   -3.570    0.100    9.850
   113.70    1.000   -3.585    0.100    9.850
   113.80    1.000   -3.585    0.105    9.850
   113.90    1.000   -3.580    0.105    9.850
   114.00    1.000   -3.580    0.105    9.850
   114.10    1.000   -3.580    0.105    9.850
   114.20    1.000   -3.580    0.105    9.850
   114.30    1.000   -3.575    0.105    9.850
   114.40    1.000   -3.575    0.105    9.850
   114.50    1.000   -3.305    0.105    9.850
   114.60    1.000   -2.585    0.105    9.850
   114.70    1.000   -1.800    0.105    9.850
   114.80    1.000   -0.960    0.105    9.850
   114.90    1.000   -0.060    0.105    9.850
   115.00    1.000    0.885    0.105    5.835
   115.10    1.000    1.840    0.105    1.185
   115.20    1.000    2.750    0.105   -3.510
   115.30    1.000    3.560    0.105   -7.995
   115.40    1.000    4.235    0.105   -9.785
   115.50    1.000    4.765    0.105   -9.850
   115.60    1.000    5.150    0.105   -9.850
   115.70    1.000    5.405    0.100   -9.850
   115.80    1.000    5.535    0.100   -9.850
   115.90    1.000    5.565    0.100   -9.850
   116.00    1.000    5.565    0.100   -9.850
   116.10    1.000    5.565    0.100   -9.850
   116.20    1.000    5.565    0.100   -9.850
   116.30    1.000    5.560    0.095   -9.850
   116.40    1.000    5.560    0.095   -9.850
   116.50    1.000    5.560    0.095   -9.850
   116.60    1.000    5.560    0.095   -9.850
   116.70    1.000    5.360    0.095   -9.850
   116.80    1.000    4.640    0.095   -9.850
   116.90    1.000    3.840    0.090   -9.850
   117.00    1.000    2.970    0.090   -9.850
   117.10    1.000    2.045    0.090   -9.200
   117.20    1.000    1.075    0.090   -4.780
   117.30    1.000    0.110    0.090   -0.060
   117.40    1.000   -0.800    0.090    4.730
   117.50    1.000   -1.600    0.095    9.220
   117.60    1.000   -2.260    0.095    9.835
   117.70    1.000   -2.780    0.095    9.850
   117.80    1.000   -3.165    0.100    9.850
   117.90    1.000   -3.415    0.100    9.850
   118.00    1.000   -3.550    0.100    9.850
   118.10    1.000   -3.580    0.100    9.850
   118.20    1.000   -3.585    0.100    9.850
   118.30    1.000   -3.585    0.105    9.850
   118.40    1.000   -3.580    0.105    9.850
   118.50    1.000   -3.580    0.105    9.850
   118.60    1.000   -3.580    0.105    9.850
   118.70    1.000   -3.580    0.105    9.850
   118.80    1.000   -3.575    0.105    9.850
   118.90    1.000   -3.520    0.105    9.850
   119.00    1.000   -2.945    0.105    9.850
   119.10    1.000   -2.190    0.105    9.850
   119.20    1.000   -1.375    0.105    9.850
   119.30    1.000   -0.500    0.105    9.850
   119.40    1.000    0.420    0.105    7.920
   119.50    1.000    1.375    0.105    3.470
   119.60    1.000    2.310    0.105   -1.220
   119.70    1.000    3.175    0.105   -5.815
   119.80    1.000    3.925    0.105   -9.675
   119.90    1.000    4.525    0.105   -9.850
   120.00    1.000    4.985    0.105   -9.850
   120.10    1.000    5.305    0.100   -9.850
   120.20    1.000    5.500    0.100   -9.850
   120.30    1.000    5.575    0.100   -9.850
   120.40    1.000    5.585    0.100   -9.850
   120.50    1.000    5.585    0.100   -9.850
   120.60    1.000    5.585    0.095   -9.850
   120.70    1.000    5.580    0.095   -9.850
   120.80    1.000    5.580    0.095   -9.850
   120.90    1.000    5.580    0.095   -9.850
   121.00    1.000    5.580    0.095   -9.850
   121.10    1.000    5.560    0.095   -9.850
   121.20    1.000    5.060    0.095   -9.850
   121.30    1.000    4.285    0.095   -9.850
   121.40    1.000    3.450    0.090   -9.850
   121.50    1.000    2.555    0.090   -9.850
   121.60    1.000    1.605    0.090   -7.230
   121.70    1.000    0.630    0.090   -2.640
   121.80    1.000   -0.315    0.090    2.155
   121.90    1.000   -1.180    0.095    6.840
   122.00    1.000   -1.915    0.095    9.740
   122.10    1.000   -2.510    0.095    9.850
   122.20    1.000   -2.965    0.095    9.850
   122.30    1.000   -3.290    0.100    9.850
   122.40    1.000   -3.485    0.100    9.850
   122.50    1.000   -3.565    0.100    9.850
   122.60    1.000   -3.585    0.100    9.850
   122.70    1.000   -3.585    0.100    9.850
   122.80    1.000   -3.585    0.105    9.850
   122.90    1.000   -3.580    0.105    9.850
   123.00    1.000   -3.580    0.105    9.850
   123.10    1.000   -3.580    0.105    9.850
   123.20    1.000   -3.575    0.105    9.850
   123.30    1.000   -3.575    0.105    9.850
   123.40    1.000   -3.315    0.105    9.850
   123.50    1.000   -2.600    0.105    9.850
   123.60    1.000   -1.820    0.105    9.850
   123.70    1.000   -0.980    0.105    9.850
   123.80    1.000   -0.080    0.105    9.850
   123.90    1.000    0.860    0.105    5.930
   124.00    1.000    1.810    0.105    1.355
   124.10    1.000    2.725    0.105   -3.345
   124.20    1.000    3.540    0.105   -7.855
   124.30    1.000    4.215    0.105   -9.775
   124.40    1.000    4.750    0.105   -9.850
   124.50    1.000    5.145    0.105   -9.850
   124.60    1.000    5.405    0.100   -9.850
   124.70    1.000    5.540    0.100   -9.850
   124.80    1.000    5.585    0.100   -9.850
   124.90   -1.000    5.585    0.100   -9.850
   125.00   -1.000    5.585    0.100   -9.850
   125.10   -1.000    5.580    0.100   -9.850
   125.20   -1.000    5.580    0.095   -9.850
   125.30   -1.000    5.580    0.095   -9.850
   125.40   -1.000    5.580    0.095   -9.850
   125.50   -1.000    5.580    0.095   -9.850
   125.60   -1.000    5.425    0.095   -9.850
   125.70   -1.000    4.730    0.095   -9.850
   125.80   -1.000    3.935    0.095   -9.850
   125.90    0.000    0.000    0.000    0.000

