Data export from TecQuipment CE2000

Data series 1

    Time Func. Gen. position  pos ref motor i/p 
     0.00    2.000    0.150    0.195   -0.010
     0.10    2.000    0.165    0.195    3.825
     0.20    2.000    0.210    0.195    4.000
     0.30    2.000    0.300    0.195    4.000
     0.40    2.000    0.425    0.195    4.000
     0.50    2.000    0.595    0.195    4.000
     0.60    2.000    0.805    0.195    4.000
     0.70    2.000    1.050    0.195    4.000
     0.80    2.000    1.325    0.195    4.000
     0.90    2.000    1.635    0.195    4.000
     1.00    2.000    1.970    0.195    4.000
     1.10    2.000    2.330    0.195    4.000
     1.20    2.000    2.715    0.195    4.000
     1.30    2.000    3.115    0.195   -0.755
     1.40    2.000    3.470    0.195   -3.985
     1.50    2.000    3.740    0.195   -4.050
     1.60    2.000    3.915    0.195   -4.050
     1.70    2.000    4.015    0.195   -4.050
     1.80    2.000    4.035    0.195   -4.050
     1.90    2.000    4.000    0.195   -4.050
     2.00    2.000    3.915    0.190   -4.050
     2.10    2.000    3.790    0.190   -4.050
     2.20    2.000    3.625    0.190   -4.050
     2.30    2.000    3.420    0.190   -4.050
     2.40    2.000    3.180    0.190   -4.050
     2.50    2.000    2.905    0.190   -4.050
     2.60    2.000    2.600    0.190   -3.465
     2.70    2.000    2.280    0.190   -2.025
     2.80    2.000    1.960    0.190   -0.470
     2.90    2.000    1.660    0.190    1.075
     3.00    2.000    1.410    0.190    2.510
     3.10    2.000    1.220    0.190    3.720
     3.20    2.000    1.105    0.190    3.990
     3.30    2.000    1.070    0.190    4.000
     3.40    2.000    1.090    0.195    4.000
     3.50    2.000    1.165    0.195    4.000
     3.60    2.000    1.285    0.195    4.000
     3.70    2.000    1.445    0.195    4.000
     3.80    2.000    1.645    0.195    3.610
     3.90    2.000    1.870    0.195    2.665
     4.00    2.000    2.110    0.195    1.585
     4.10    2.000    2.350    0.195    0.425
     4.20    2.000    2.565    0.195   -0.725
     4.30    2.000    2.750    0.195   -1.770
     4.40    2.000    2.885    0.195   -2.670
     4.50    2.000    2.960    0.195   -3.325
     4.60    2.000    2.975    0.195   -3.690
     4.70    2.000    2.935    0.190   -3.770
     4.80    2.000    2.850    0.190   -3.610
     4.90    2.000    2.730    0.190   -3.200
     5.00    2.000    2.580    0.190   -2.635
     5.10    2.000    2.415    0.190   -1.905
     5.20    2.000    2.245    0.190   -1.110
     5.30    2.000    2.075    0.190   -0.290
     5.40    2.000    1.925    0.190    0.525
     5.50    2.000    1.800    0.190    1.255
     5.60    2.000    1.715    0.190    1.860
     5.70    2.000    1.670    0.190    2.270
     5.80    2.000    1.655    0.195    2.500
     5.90    2.000    1.670    0.195    2.595
     6.00    2.000    1.720    0.195    2.525
     6.10    2.000    1.790    0.195    2.290
     6.20    2.000    1.880    0.195    1.955
     6.30    2.000    1.985    0.195    1.520
     6.40    2.000    2.090    0.195    1.015
     6.50    2.000    2.200    0.195    0.505
     6.60    2.000    2.295    0.195   -0.020
     6.70    2.000    2.370    0.195   -0.480
     6.80    2.000    2.425    0.195   -0.845
     6.90    2.000    2.450    0.195   -1.110
     7.00    2.000    2.455    0.190   -1.235
     7.10    2.000    2.440    0.195   -1.285
     7.20    2.000    2.420    0.190   -1.195
     7.30    2.000    2.395    0.195   -1.120
     7.40    2.000    2.370    0.190   -0.980
     7.50    2.000    2.340    0.195   -0.880
     7.60    2.000    2.305    0.195   -0.710
     7.70    2.000    2.275    0.195   -0.540
     7.80    2.000    2.250    0.195   -0.400
     7.90    2.000    2.230    0.195   -0.280
     8.00    2.000    2.215    0.195   -0.180
     8.10    2.000    2.205    0.195   -0.110
     8.20    2.000    2.205    0.190   -0.060
     8.30    2.000    2.205    0.195   -0.080
     8.40    2.000    2.205    0.195   -0.060
     8.50    2.000    2.205    0.195   -0.055
     8.60    2.000    2.205    0.195   -0.055
     8.70    2.000    2.205    0.195   -0.055
     8.80    2.000    2.205    0.190   -0.055
     8.90    2.000    2.205    0.195   -0.080
     9.00    2.000    2.205    0.195   -0.060
     9.10    2.000    2.205    0.195   -0.055
     9.20    2.000    2.205    0.195   -0.060
     9.30    2.000    2.205    0.195   -0.060
     9.40    2.000    2.205    0.190   -0.055
     9.50    2.000    2.205    0.195   -0.080
     9.60    2.000    2.205    0.195   -0.060
     9.70    2.000    2.205    0.195   -0.055
     9.80    2.000    2.205    0.195   -0.055
     9.90    2.000    2.205    0.195   -0.055
    10.00    2.000    2.205    0.195   -0.060
    10.10    2.000    2.205    0.195   -0.055
    10.20    2.000    2.205    0.195   -0.060
    10.30    2.000    2.205    0.195   -0.055
    10.40    2.000    2.205    0.190   -0.055
    10.50    2.000    2.205    0.195   -0.080
    10.60    2.000    2.205    0.195   -0.060
    10.70    2.000    2.205    0.195   -0.055
    10.80    2.000    2.205    0.195   -0.055
    10.90    2.000    2.205    0.195   -0.055
    11.00    2.000    2.205    0.195   -0.055
    11.10    2.000    2.205    0.195   -0.055
    11.20    2.000    2.205    0.195   -0.055
    11.30    2.000    2.205    0.190   -0.055
    11.40    2.000    2.205    0.195   -0.080
    11.50    2.000    2.205    0.195   -0.060
    11.60    2.000    2.205    0.195   -0.055
    11.70    2.000    2.205    0.195   -0.055
    11.80    2.000    2.205    0.195   -0.055
    11.90    2.000    2.205    0.190   -0.055
    12.00    2.000    2.205    0.190   -0.080
    12.10    2.000    2.205    0.195   -0.080
    12.20    2.000    2.205    0.195   -0.060
    12.30    2.000    2.205    0.195   -0.055
    12.40    2.000    2.205    0.195   -0.060
    12.50    2.000    2.205    0.195   -0.055
    12.60    2.000    2.205    0.195   -0.060
    12.70    2.000    2.205    0.195   -0.055
    12.80    2.000    2.205    0.195   -0.055
    12.90    2.000    2.205    0.190   -0.055
    13.00    2.000    2.205    0.195   -0.080
    13.10    2.000    2.205    0.190   -0.060
    13.20    2.000    2.205    0.190   -0.080
    13.30    2.000    2.205    0.195   -0.080
    13.40    2.000    2.205    0.195   -0.060
    13.50    2.000    2.205    0.195   -0.060
    13.60    2.000    2.205    0.195   -0.055
    13.70    2.000    2.205    0.195   -0.055
    13.80    2.000    2.205    0.195   -0.060
    13.90    2.000    2.205    0.195   -0.055
    14.00    2.000    2.205    0.195   -0.055
    14.10    2.000    2.205    0.195   -0.055
    14.20    2.000    2.205    0.195   -0.055
    14.30    2.000    2.205    0.195   -0.055
    14.40    2.000    2.205    0.195   -0.060
    14.50    2.000    2.205    0.195   -0.055
    14.60    2.000    2.205    0.190   -0.055
    14.70    2.000    2.205    0.195   -0.080
    14.80    2.000    2.205    0.195   -0.060
    14.90    2.000    2.205    0.195   -0.055
    15.00    2.000    2.205    0.190   -0.055
    15.10    2.000    2.205    0.195   -0.080
    15.20    2.000    2.205    0.190   -0.060
    15.30    2.000    2.205    0.195   -0.080
    15.40    2.000    2.205    0.195   -0.060
    15.50    2.000    2.205    0.195   -0.060
    15.60    2.000    2.205    0.190   -0.055
    15.70    2.000    2.205    0.195   -0.080
    15.80    2.000    2.205    0.195   -0.060
    15.90    2.000    2.205    0.195   -0.055
    16.00    2.000    2.205    0.195   -0.055
    16.10    2.000    2.205    0.195   -0.055
    16.20    2.000    2.205    0.190   -0.055
    16.30    2.000    2.205    0.195   -0.080
    16.40    2.000    2.205    0.195   -0.060
    16.50    2.000    2.205    0.195   -0.055
    16.60   -2.000    2.205    0.195   -0.055
    16.70   -2.000    2.200    0.195   -3.890
    16.80   -2.000    2.150    0.190   -4.050
    16.90   -2.000    2.055    0.190   -4.050
    17.00   -2.000    1.915    0.190   -4.050
    17.10   -2.000    1.740    0.190   -4.050
    17.20   -2.000    1.525    0.190   -4.050
    17.30   -2.000    1.270    0.190   -4.050
    17.40   -2.000    0.990    0.190   -4.050
    17.50   -2.000    0.670    0.190   -4.050
    17.60   -2.000    0.330    0.190   -4.050
    17.70   -2.000   -0.040    0.190   -4.050
    17.80   -2.000   -0.430    0.190   -4.050
    17.90   -2.000   -0.850    0.190   -4.050
    18.00   -2.000   -1.290    0.190   -4.050
    18.10   -2.000   -1.740    0.190   -2.540
    18.20   -2.000   -2.190    0.190   -0.405
    18.30   -2.000   -2.605    0.190    1.770
    18.40   -2.000   -2.960    0.195    3.775
    18.50   -2.000   -3.225    0.195    3.995
    18.60   -2.000   -3.405    0.195    4.000
    18.70   -2.000   -3.500    0.195    4.000
    18.80   -2.000   -3.530    0.195    4.000
    18.90   -2.000   -3.505    0.195    4.000
    19.00   -2.000   -3.420    0.195    4.000
    19.10   -2.000   -3.290    0.195    4.000
    19.20   -2.000   -3.120    0.195    4.000
    19.30   -2.000   -2.915    0.195    4.000
    19.40   -2.000   -2.675    0.195    4.000
    19.50   -2.000   -2.400    0.195    4.000
    19.60   -2.000   -2.100    0.195    2.890
    19.70   -2.000   -1.785    0.195    1.450
    19.80   -2.000   -1.485    0.195   -0.075
    19.90   -2.000   -1.210    0.195   -1.525
    20.00   -2.000   -0.985    0.195   -2.850
    20.10   -2.000   -0.835    0.195   -3.940
    20.20   -2.000   -0.755    0.195   -4.045
    20.30   -2.000   -0.750    0.195   -4.050
    20.40   -2.000   -0.795    0.195   -4.050
    20.50   -2.000   -0.890    0.195   -4.050
    20.60   -2.000   -1.020    0.190   -4.050
    20.70   -2.000   -1.195    0.190   -3.825
    20.80   -2.000   -1.400    0.190   -3.005
    20.90   -2.000   -1.625    0.190   -2.010
    21.00   -2.000   -1.855    0.190   -0.925
    21.10   -2.000   -2.070    0.195    0.185
    21.20   -2.000   -2.255    0.195    1.245
    21.30   -2.000   -2.405    0.195    2.140
    21.40   -2.000   -2.500    0.195    2.870
    21.50   -2.000   -2.540    0.195    3.330
    21.60   -2.000   -2.540    0.195    3.530
    21.70   -2.000   -2.485    0.195    3.530
    21.80   -2.000   -2.395    0.195    3.275
    21.90   -2.000   -2.270    0.195    2.850
    22.00   -2.000   -2.125    0.195    2.250
    22.10   -2.000   -1.965    0.195    1.550
    22.20   -2.000   -1.805    0.195    0.780
    22.30   -2.000   -1.655    0.195    0.005
    22.40   -2.000   -1.525    0.195   -0.720
    22.50   -2.000   -1.425    0.195   -1.340
    22.60   -2.000   -1.360    0.195   -1.830
    22.70   -2.000   -1.335    0.195   -2.150
    22.80   -2.000   -1.330    0.195   -2.275
    22.90   -2.000   -1.355    0.195   -2.305
    23.00   -2.000   -1.405    0.195   -2.185
    23.10   -2.000   -1.470    0.195   -1.945
    23.20   -2.000   -1.545    0.195   -1.635
    23.30   -2.000   -1.630    0.195   -1.270
    23.40   -2.000   -1.715    0.195   -0.865
    23.50   -2.000   -1.795    0.195   -0.455
    23.60   -2.000   -1.870    0.195   -0.065
    23.70   -2.000   -1.925    0.195    0.295
    23.80   -2.000   -1.965    0.195    0.565
    23.90   -2.000   -1.980    0.195    0.760
    24.00   -2.000   -1.980    0.195    0.835
    24.10   -2.000   -1.990    0.195    0.835
    24.20   -2.000   -1.990    0.195    0.880
    24.30   -2.000   -1.980    0.195    0.885
    24.40   -2.000   -1.975    0.195    0.840
    24.50   -2.000   -1.970    0.195    0.815
    24.60   -2.000   -1.970    0.195    0.790
    24.70   -2.000   -1.970    0.195    0.790
    24.80   -2.000   -1.960    0.195    0.790
    24.90   -2.000   -1.960    0.195    0.740
    25.00   -2.000   -1.960    0.195    0.740
    25.10   -2.000   -1.960    0.195    0.740
    25.20   -2.000   -1.960    0.195    0.740
    25.30   -2.000   -1.960    0.195    0.740
    25.40   -2.000   -1.960    0.195    0.740
    25.50   -2.000   -1.960    0.195    0.740
    25.60   -2.000   -1.960    0.195    0.740
    25.70   -2.000   -1.960    0.195    0.740
    25.80   -2.000   -1.960    0.195    0.740
    25.90   -2.000   -1.960    0.195    0.740
    26.00   -2.000   -1.960    0.195    0.740
    26.10   -2.000   -1.960    0.195    0.740
    26.20   -2.000   -1.960    0.195    0.740
    26.30   -2.000   -1.960    0.195    0.740
    26.40   -2.000   -1.960    0.195    0.740
    26.50   -2.000   -1.960    0.195    0.740
    26.60   -2.000   -1.960    0.195    0.740
    26.70   -2.000   -1.960    0.195    0.740
    26.80   -2.000   -1.960    0.195    0.740
    26.90   -2.000   -1.960    0.195    0.740
    27.00   -2.000   -1.960    0.195    0.740
    27.10   -2.000   -1.960    0.195    0.740
    27.20   -2.000   -1.960    0.195    0.740
    27.30   -2.000   -1.960    0.195    0.740
    27.40   -2.000   -1.960    0.195    0.740
    27.50   -2.000   -1.960    0.195    0.740
    27.60   -2.000   -1.960    0.195    0.740
    27.70   -2.000   -1.960    0.195    0.740
    27.80   -2.000   -1.960    0.195    0.740
    27.90   -2.000   -1.960    0.195    0.740
    28.00   -2.000   -1.960    0.195    0.740
    28.10   -2.000   -1.960    0.195    0.740
    28.20   -2.000   -1.960    0.195    0.740
    28.30   -2.000   -1.960    0.195    0.740
    28.40   -2.000   -1.960    0.195    0.740
    28.50   -2.000   -1.960    0.195    0.740
    28.60   -2.000   -1.960    0.195    0.740
    28.70   -2.000   -1.960    0.195    0.740
    28.80   -2.000   -1.960    0.195    0.740
    28.90   -2.000   -1.960    0.195    0.740
    29.00   -2.000   -1.960    0.195    0.740
    29.10   -2.000   -1.960    0.195    0.740
    29.20   -2.000   -1.960    0.195    0.740
    29.30   -2.000   -1.960    0.195    0.740
    29.40   -2.000   -1.960    0.195    0.740
    29.50   -2.000   -1.960    0.195    0.740
    29.60   -2.000   -1.960    0.195    0.740
    29.70   -2.000   -1.960    0.195    0.740
    29.80   -2.000   -1.960    0.195    0.740
    29.90   -2.000   -1.960    0.195    0.740
    30.00   -2.000   -1.960    0.195    0.740
    30.10   -2.000   -1.960    0.195    0.740
    30.20   -2.000   -1.960    0.195    0.740
    30.30   -2.000   -1.960    0.195    0.740
    30.40   -2.000   -1.960    0.195    0.740
    30.50   -2.000   -1.960    0.195    0.740
    30.60   -2.000   -1.960    0.195    0.740
    30.70   -2.000   -1.960    0.195    0.740
    30.80   -2.000   -1.960    0.195    0.740
    30.90   -2.000   -1.960    0.195    0.740
    31.00   -2.000   -1.960    0.195    0.740
    31.10   -2.000   -1.960    0.195    0.740
    31.20   -2.000   -1.960    0.195    0.740
    31.30   -2.000   -1.960    0.195    0.740
    31.40   -2.000   -1.960    0.195    0.740
    31.50   -2.000   -1.960    0.195    0.740
    31.60   -2.000   -1.960    0.195    0.740
    31.70   -2.000   -1.960    0.195    0.740
    31.80   -2.000   -1.960    0.195    0.740
    31.90   -2.000   -1.960    0.195    0.740
    32.00   -2.000   -1.960    0.195    0.740
    32.10   -2.000   -1.960    0.195    0.740
    32.20   -2.000   -1.960    0.195    0.740
    32.30   -2.000   -1.960    0.195    0.740
    32.40   -2.000   -1.960    0.195    0.740
    32.50   -2.000   -1.960    0.195    0.740
    32.60   -2.000   -1.960    0.195    0.740
    32.70   -2.000   -1.960    0.195    0.740
    32.80   -2.000   -1.960    0.195    0.740
    32.90   -2.000   -1.960    0.195    0.740
    33.00   -2.000   -1.960    0.195    0.740
    33.10   -2.000   -1.960    0.195    0.740
    33.20   -2.000   -1.960    0.195    0.740
    33.30    2.000   -1.960    0.195    0.740
    33.40    2.000   -1.955    0.195    3.850
    33.50    2.000   -1.910    0.195    4.000
    33.60    2.000   -1.815    0.195    4.000
    33.70    2.000   -1.680    0.195    4.000
    33.80    2.000   -1.510    0.195    4.000
    33.90    2.000   -1.300    0.195    4.000
    34.00    2.000   -1.050    0.195    4.000
    34.10    2.000   -0.775    0.195    4.000
    34.20    2.000   -0.465    0.195    4.000
    34.30    2.000   -0.125    0.195    4.000
    34.40    2.000    0.235    0.195    4.000
    34.50    2.000    0.625    0.195    4.000
    34.60    2.000    1.035    0.195    4.000
    34.70    2.000    1.470    0.195    4.000
    34.80    2.000    1.925    0.195    3.475
    34.90    2.000    2.380    0.195    1.350
    35.00    2.000    2.820    0.195   -0.855
    35.10    2.000    3.210    0.195   -2.985
    35.20    2.000    3.520    0.195   -4.015
    35.30    2.000    3.745    0.195   -4.050
    35.40    2.000    3.880    0.195   -4.050
    35.50    2.000    3.940    0.195   -4.050
    35.60    2.000    3.935    0.195   -4.050
    35.70    2.000    3.875    0.195   -4.050
    35.80    2.000    3.770    0.195   -4.050
    35.90    2.000    3.630    0.190   -4.050
    36.00    2.000    3.450    0.190   -4.050
    36.10    2.000    3.225    0.190   -4.050
    36.20    2.000    2.975    0.190   -4.050
    36.30    2.000    2.690    0.190   -3.785
    36.40    2.000    2.380    0.190   -2.450
    36.50    2.000    2.065    0.190   -0.970
    36.60    2.000    1.765    0.190    0.555
    36.70    2.000    1.505    0.190    2.005
    36.80    2.000    1.300    0.190    3.270
    36.90    2.000    1.160    0.190    3.975
    37.00    2.000    1.105    0.190    4.000
    37.10    2.000    1.095    0.195    4.000
    37.20    2.000    1.150    0.195    4.000
    37.30    2.000    1.255    0.195    4.000
    37.40    2.000    1.400    0.195    4.000
    37.50    2.000    1.585    0.195    3.820
    37.60    2.000    1.800    0.195    2.955
    37.70    2.000    2.040    0.195    1.925
    37.80    2.000    2.280    0.195    0.770
    37.90    2.000    2.500    0.195   -0.390
    38.00    2.000    2.695    0.195   -1.455
    38.10    2.000    2.845    0.195   -2.405
    38.20    2.000    2.940    0.195   -3.135
    38.30    2.000    2.970    0.195   -3.590
    38.40    2.000    2.950    0.195   -3.745
    38.50    2.000    2.875    0.190   -3.650
    38.60    2.000    2.765    0.190   -3.325
    38.70    2.000    2.625    0.190   -2.800
    38.80    2.000    2.465    0.190   -2.120
    38.90    2.000    2.295    0.190   -1.355
    39.00    2.000    2.125    0.190   -0.535
    39.10    2.000    1.970    0.190    0.285
    39.20    2.000    1.840    0.190    1.040
    39.30    2.000    1.740    0.190    1.665
    39.40    2.000    1.685    0.195    2.155
    39.50    2.000    1.670    0.195    2.445
    39.60    2.000    1.690    0.195    2.525
    39.70    2.000    1.735    0.195    2.430
    39.80    2.000    1.800    0.195    2.215
    39.90    2.000    1.885    0.195    1.905
    40.00    2.000    1.985    0.195    1.495
    40.10    2.000    2.085    0.195    1.020
    40.20    2.000    2.185    0.195    0.535
    40.30    2.000    2.275    0.195    0.050
    40.40    2.000    2.345    0.195   -0.385
    40.50    2.000    2.395    0.195   -0.725
    40.60    2.000    2.420    0.195   -0.970
    40.70    2.000    2.425    0.195   -1.090
    40.80    2.000    2.430    0.195   -1.115
    40.90    2.000    2.430    0.195   -1.140
    41.00    2.000    2.415    0.195   -1.140
    41.10    2.000    2.395    0.190   -1.070
    41.20    2.000    2.370    0.195   -1.000
    41.30    2.000    2.345    0.190   -0.860
    41.40    2.000    2.325    0.195   -0.760
    41.50    2.000    2.300    0.195   -0.640
    41.60    2.000    2.275    0.190   -0.520
    41.70    2.000    2.255    0.195   -0.420
    41.80    2.000    2.240    0.195   -0.300
    41.90    2.000    2.235    0.195   -0.230
    42.00    2.000    2.235    0.195   -0.205
    42.10    2.000    2.235    0.190   -0.200
    42.20    2.000    2.235    0.195   -0.225
    42.30    2.000    2.235    0.195   -0.205
    42.40    2.000    2.235    0.195   -0.200
    42.50    2.000    2.235    0.195   -0.205
    42.60    2.000    2.235    0.195   -0.200
    42.70    2.000    2.235    0.195   -0.200
    42.80    2.000    2.235    0.190   -0.200
    42.90    2.000    2.235    0.195   -0.225
    43.00    2.000    2.235    0.195   -0.205
    43.10    2.000    2.235    0.190   -0.200
    43.20    2.000    2.235    0.195   -0.225
    43.30    2.000    2.235    0.195   -0.205
    43.40    2.000    2.235    0.195   -0.200
    43.50    2.000    2.235    0.195   -0.200
    43.60    2.000    2.235    0.195   -0.200
    43.70    2.000    2.235    0.195   -0.200
    43.80    2.000    2.235    0.195   -0.200
    43.90    2.000    2.235    0.195   -0.200
    44.00    2.000    2.235    0.190   -0.200
    44.10    2.000    2.235    0.195   -0.225
    44.20    2.000    2.235    0.195   -0.205
    44.30    2.000    2.235    0.195   -0.200
    44.40    2.000    2.235    0.195   -0.200
    44.50    2.000    2.235    0.195   -0.200
    44.60    2.000    2.235    0.195   -0.200
    44.70    2.000    2.235    0.195   -0.200
    44.80    2.000    2.235    0.195   -0.200
    44.90    2.000    2.235    0.195   -0.200
    45.00    2.000    2.235    0.195   -0.200
    45.10    2.000    2.235    0.195   -0.200
    45.20    2.000    2.235    0.195   -0.205
    45.30    2.000    2.235    0.195   -0.200
    45.40    2.000    2.235    0.195   -0.200
    45.50    2.000    2.235    0.190   -0.200
    45.60    2.000    2.235    0.195   -0.225
    45.70    2.000    2.235    0.195   -0.205
    45.80    2.000    2.235    0.195   -0.200
    45.90    2.000    2.235    0.195   -0.200
    46.00    2.000    2.235    0.195   -0.200
    46.10    2.000    2.235    0.195   -0.200
    46.20    2.000    2.235    0.195   -0.200
    46.30    2.000    2.235    0.190   -0.200
    46.40    2.000    2.235    0.195   -0.225
    46.50    2.000    2.235    0.190   -0.205
    46.60    2.000    2.235    0.195   -0.225
    46.70    2.000    2.235    0.195   -0.205
    46.80    2.000    2.235    0.195   -0.200
    46.90    2.000    2.235    0.195   -0.200
    47.00    2.000    2.235    0.195   -0.200
    47.10    2.000    2.235    0.195   -0.200
    47.20    2.000    2.235    0.195   -0.200
    47.30    2.000    2.235    0.195   -0.200
    47.40    2.000    2.235    0.195   -0.200
    47.50    2.000    2.235    0.195   -0.200
    47.60    2.000    2.235    0.195   -0.200
    47.70    2.000    2.235    0.195   -0.200
    47.80    2.000    2.235    0.195   -0.200
    47.90    2.000    2.235    0.195   -0.200
    48.00    2.000    2.235    0.195   -0.200
    48.10    2.000    2.235    0.195   -0.200
    48.20    2.000    2.235    0.195   -0.200
    48.30    2.000    2.235    0.195   -0.200
    48.40    2.000    2.235    0.195   -0.200
    48.50    2.000    2.235    0.195   -0.200
    48.60    2.000    2.235    0.195   -0.200
    48.70    2.000    2.235    0.195   -0.200
    48.80    2.000    2.235    0.195   -0.200
    48.90    2.000    2.235    0.195   -0.200
    49.00    2.000    2.235    0.195   -0.200
    49.10    2.000    2.235    0.195   -0.200
    49.20    2.000    2.235    0.195   -0.200
    49.30    2.000    2.235    0.195   -0.200
    49.40    2.000    2.235    0.195   -0.200
    49.50    2.000    2.235    0.195   -0.200
    49.60    2.000    2.235    0.195   -0.200
    49.70    2.000    2.235    0.195   -0.200
    49.80    2.000    2.235    0.195   -0.200
    49.90    2.000    2.235    0.195   -0.200
    50.00   -2.000    2.235    0.190   -0.200
    50.10   -2.000    2.220    0.195   -3.890
    50.20   -2.000    2.170    0.190   -4.050
    50.30   -2.000    2.075    0.190   -4.050
    50.40   -2.000    1.935    0.190   -4.050
    50.50   -2.000    1.755    0.190   -4.050
    50.60   -2.000    1.540    0.190   -4.050
    50.70   -2.000    1.290    0.190   -4.050
    50.80   -2.000    1.005    0.190   -4.050
    50.90   -2.000    0.690    0.190   -4.050
    51.00   -2.000    0.350    0.190   -4.050
    51.10   -2.000   -0.015    0.190   -4.050
    51.20   -2.000   -0.410    0.190   -4.050
    51.30   -2.000   -0.825    0.190   -4.050
    51.40   -2.000   -1.260    0.190   -4.050
    51.50   -2.000   -1.715    0.190   -2.685
    51.60   -2.000   -2.165    0.190   -0.510
    51.70   -2.000   -2.580    0.190    1.640
    51.80   -2.000   -2.940    0.190    3.650
    51.90   -2.000   -3.210    0.195    3.990
    52.00   -2.000   -3.395    0.195    4.000
    52.10   -2.000   -3.500    0.195    4.000
    52.20   -2.000   -3.530    0.195    4.000
    52.30   -2.000   -3.510    0.195    4.000
    52.40   -2.000   -3.430    0.195    4.000
    52.50   -2.000   -3.305    0.195    4.000
    52.60   -2.000   -3.140    0.195    4.000
    52.70   -2.000   -2.940    0.195    4.000
    52.80   -2.000   -2.700    0.195    4.000
    52.90   -2.000   -2.430    0.195    4.000
    53.00   -2.000   -2.135    0.195    3.030
    53.10   -2.000   -1.820    0.195    1.620
    53.20   -2.000   -1.515    0.195    0.100
    53.30   -2.000   -1.240    0.195   -1.375
    53.40   -2.000   -1.010    0.195   -2.715
    53.50   -2.000   -0.850    0.195   -3.825
    53.60   -2.000   -0.760    0.195   -4.040
    53.70   -2.000   -0.745    0.195   -4.050
    53.80   -2.000   -0.780    0.195   -4.050
    53.90   -2.000   -0.865    0.195   -4.050
    54.00   -2.000   -0.990    0.195   -4.050
    54.10   -2.000   -1.150    0.190   -3.935
    54.20   -2.000   -1.350    0.190   -3.210
    54.30   -2.000   -1.570    0.195   -2.255
    54.40   -2.000   -1.800    0.195   -1.170
    54.50   -2.000   -2.020    0.195   -0.060
    54.60   -2.000   -2.215    0.195    1.010
    54.70   -2.000   -2.370    0.195    1.950
    54.80   -2.000   -2.475    0.195    2.700
    54.90   -2.000   -2.525    0.195    3.215
    55.00   -2.000   -2.525    0.195    3.460
    55.10   -2.000   -2.475    0.195    3.465
    55.20   -2.000   -2.395    0.195    3.230
    55.30   -2.000   -2.285    0.195    2.845
    55.40   -2.000   -2.150    0.195    2.320
    55.50   -2.000   -2.000    0.195    1.675
    55.60   -2.000   -1.840    0.195    0.950
    55.70   -2.000   -1.695    0.195    0.175
    55.80   -2.000   -1.565    0.195   -0.525
    55.90   -2.000   -1.465    0.195   -1.150
    56.00   -2.000   -1.390    0.195   -1.635
    56.10   -2.000   -1.360    0.195   -2.000
    56.20   -2.000   -1.350    0.195   -2.155
    56.30   -2.000   -1.365    0.195   -2.205
    56.40   -2.000   -1.410    0.195   -2.130
    56.50   -2.000   -1.465    0.195   -1.920
    56.60   -2.000   -1.535    0.195   -1.655
    56.70   -2.000   -1.610    0.195   -1.320
    56.80   -2.000   -1.690    0.195   -0.960
    56.90   -2.000   -1.765    0.195   -0.575
    57.00   -2.000   -1.835    0.195   -0.210
    57.10   -2.000   -1.890    0.195    0.130
    57.20   -2.000   -1.935    0.195    0.395
    57.30   -2.000   -1.955    0.195    0.615
    57.40   -2.000   -1.960    0.195    0.715
    57.50   -2.000   -1.970    0.195    0.740
    57.60   -2.000   -1.970    0.195    0.785
    57.70   -2.000   -1.970    0.195    0.790
    57.80   -2.000   -1.970    0.195    0.790
    57.90   -2.000   -1.970    0.195    0.790
    58.00   -2.000   -1.970    0.195    0.790
    58.10   -2.000   -1.970    0.195    0.790
    58.20   -2.000   -1.970    0.195    0.790
    58.30   -2.000   -1.970    0.195    0.790
    58.40   -2.000   -1.970    0.195    0.790
    58.50   -2.000   -1.970    0.195    0.790
    58.60   -2.000   -1.970    0.195    0.790
    58.70   -2.000   -1.970    0.195    0.790
    58.80   -2.000   -1.970    0.195    0.790
    58.90   -2.000   -1.970    0.195    0.790
    59.00   -2.000   -1.970    0.195    0.790
    59.10   -2.000   -1.970    0.195    0.790
    59.20   -2.000   -1.970    0.195    0.790
    59.30   -2.000   -1.970    0.195    0.790
    59.40   -2.000   -1.970    0.195    0.790
    59.50   -2.000   -1.970    0.195    0.790
    59.60   -2.000   -1.970    0.195    0.790
    59.70   -2.000   -1.970    0.195    0.790
    59.80   -2.000   -1.970    0.195    0.790
    59.90   -2.000   -1.970    0.195    0.790
    60.00   -2.000   -1.970    0.195    0.790
    60.10   -2.000   -1.970    0.195    0.790
    60.20   -2.000   -1.970    0.195    0.790
    60.30   -2.000   -1.970    0.195    0.790
    60.40   -2.000   -1.970    0.195    0.790
    60.50   -2.000   -1.970    0.195    0.790
    60.60   -2.000   -1.970    0.195    0.790
    60.70   -2.000   -1.970    0.195    0.790
    60.80   -2.000   -1.970    0.195    0.790
    60.90   -2.000   -1.970    0.195    0.790
    61.00   -2.000   -1.970    0.195    0.790
    61.10   -2.000   -1.970    0.195    0.790
    61.20   -2.000   -1.970    0.195    0.790
    61.30   -2.000   -1.970    0.195    0.790
    61.40   -2.000   -1.970    0.195    0.790
    61.50   -2.000   -1.970    0.195    0.790
    61.60   -2.000   -1.970    0.195    0.790
    61.70   -2.000   -1.970    0.195    0.790
    61.80   -2.000   -1.970    0.195    0.790
    61.90   -2.000   -1.970    0.195    0.790
    62.00   -2.000   -1.970    0.195    0.790
    62.10   -2.000   -1.970    0.195    0.790
    62.20   -2.000   -1.970    0.195    0.790
    62.30   -2.000   -1.970    0.195    0.790
    62.40   -2.000   -1.970    0.195    0.790
    62.50   -2.000   -1.970    0.195    0.790
    62.60   -2.000   -1.970    0.195    0.790
    62.70   -2.000   -1.970    0.195    0.790
    62.80   -2.000   -1.970    0.195    0.790
    62.90   -2.000   -1.970    0.195    0.790
    63.00   -2.000   -1.970    0.195    0.790
    63.10   -2.000   -1.970    0.195    0.790
    63.20   -2.000   -1.970    0.195    0.790
    63.30   -2.000   -1.970    0.195    0.790
    63.40   -2.000   -1.970    0.195    0.790
    63.50   -2.000   -1.970    0.195    0.790
    63.60   -2.000   -1.970    0.195    0.790
    63.70   -2.000   -1.970    0.195    0.790
    63.80   -2.000   -1.970    0.195    0.790
    63.90   -2.000   -1.970    0.195    0.790
    64.00   -2.000   -1.970    0.195    0.790
    64.10   -2.000   -1.970    0.195    0.790
    64.20   -2.000   -1.970    0.195    0.790
    64.30   -2.000   -1.970    0.195    0.790
    64.40   -2.000   -1.970    0.195    0.790
    64.50   -2.000   -1.970    0.195    0.790
    64.60   -2.000   -1.970    0.195    0.790
    64.70   -2.000   -1.970    0.195    0.790
    64.80   -2.000   -1.970    0.195    0.790
    64.90   -2.000   -1.970    0.195    0.790
    65.00   -2.000   -1.970    0.195    0.790
    65.10   -2.000   -1.970    0.195    0.790
    65.20   -2.000   -1.970    0.195    0.790
    65.30   -2.000   -1.970    0.195    0.790
    65.40   -2.000   -1.970    0.195    0.790
    65.50   -2.000   -1.970    0.195    0.790
    65.60   -2.000   -1.970    0.195    0.790
    65.70   -2.000   -1.970    0.195    0.790
    65.80   -2.000   -1.970    0.195    0.790
    65.90   -2.000   -1.970    0.195    0.790
    66.00   -2.000   -1.970    0.195    0.790
    66.10   -2.000   -1.970    0.195    0.790
    66.20   -2.000   -1.970    0.195    0.790
    66.30   -2.000   -1.970    0.195    0.790
    66.40   -2.000   -1.970    0.195    0.790
    66.50   -2.000   -1.970    0.195    0.790
    66.60    2.000   -1.970    0.195    0.790
    66.70    2.000   -1.955    0.195    3.870
    66.80    2.000   -1.910    0.195    4.000
    66.90    2.000   -1.820    0.195    4.000
    67.00    2.000   -1.690    0.195    4.000
    67.10    2.000   -1.515    0.195    4.000
    67.20    2.000   -1.310    0.195    4.000
    67.30    2.000   -1.065    0.195    4.000
    67.40    2.000   -0.785    0.195    4.000
    67.50    2.000   -0.480    0.195    4.000
    67.60    2.000   -0.145    0.195    4.000
    67.70    2.000    0.215    0.195    4.000
    67.80    2.000    0.600    0.195    4.000
    67.90    2.000    1.015    0.195    4.000
    68.00    2.000    1.445    0.195    4.000
    68.10    2.000    1.895    0.195    3.585
    68.20    2.000    2.355    0.195    1.500
    68.30    2.000    2.800    0.195   -0.725
    68.40    2.000    3.190    0.195   -2.885
    68.50    2.000    3.510    0.195   -4.010
    68.60    2.000    3.735    0.195   -4.050
    68.70    2.000    3.880    0.195   -4.050
    68.80    2.000    3.945    0.195   -4.050
    68.90    2.000    3.955    0.195   -4.050
    69.00    2.000    3.905    0.195   -4.050
    69.10    2.000    3.810    0.195   -4.050
    69.20    2.000    3.675    0.190   -4.050
    69.30    2.000    3.495    0.190   -4.050
    69.40    2.000    3.280    0.190   -4.050
    69.50    2.000    3.035    0.190   -4.050
    69.60    2.000    2.755    0.190   -4.050
    69.70    2.000    2.445    0.190   -2.770
    69.80    2.000    2.130    0.190   -1.270
    69.90    2.000    1.820    0.190    0.255
    70.00    2.000    1.545    0.190    1.735
    70.10    2.000    1.325    0.190    3.070
    70.20    2.000    1.170    0.190    3.965
    70.30    2.000    1.095    0.190    4.000
    70.40    2.000    1.075    0.195    4.000
    70.50    2.000    1.120    0.195    4.000
    70.60    2.000    1.215    0.195    4.000
    70.70    2.000    1.355    0.195    4.000
    70.80    2.000    1.530    0.195    4.000
    70.90    2.000    1.745    0.195    3.220
    71.00    2.000    1.980    0.195    2.185
    71.10    2.000    2.220    0.195    1.055
    71.20    2.000    2.450    0.195   -0.095
    71.30    2.000    2.655    0.195   -1.210
    71.40    2.000    2.820    0.195   -2.210
    71.50    2.000    2.930    0.195   -3.010
    71.60    2.000    2.980    0.195   -3.545
    71.70    2.000    2.985    0.195   -3.795
    71.80    2.000    2.925    0.195   -3.820
    71.90    2.000    2.820    0.190   -3.540
    72.00    2.000    2.680    0.190   -3.065
    72.10    2.000    2.515    0.190   -2.390
    72.20    2.000    2.340    0.190   -1.595
    72.30    2.000    2.160    0.190   -0.750
    72.40    2.000    1.995    0.190    0.110
    72.50    2.000    1.845    0.190    0.915
    72.60    2.000    1.735    0.190    1.635
    72.70    2.000    1.665    0.190    2.175
    72.80    2.000    1.635    0.195    2.520
    72.90    2.000    1.650    0.195    2.690
    73.00    2.000    1.690    0.195    2.625
    73.10    2.000    1.755    0.195    2.430
    73.20    2.000    1.840    0.195    2.125
    73.30    2.000    1.945    0.195    1.710
    73.40    2.000    2.055    0.195    1.210
    73.50    2.000    2.165    0.195    0.680
    73.60    2.000    2.270    0.195    0.145
    73.70    2.000    2.355    0.195   -0.360
    73.80    2.000    2.415    0.195   -0.770
    73.90    2.000    2.455    0.195   -1.065
    74.00    2.000    2.465    0.190   -1.260
    74.10    2.000    2.470    0.195   -1.330
    74.20    2.000    2.465    0.195   -1.335
    74.30    2.000    2.445    0.195   -1.310
    74.40    2.000    2.415    0.190   -1.215
    74.50    2.000    2.380    0.195   -1.095
    74.60    2.000    2.345    0.195   -0.905
    74.70    2.000    2.305    0.190   -0.735
    74.80    2.000    2.270    0.195   -0.565
    74.90    2.000    2.235    0.195   -0.375
    75.00    2.000    2.205    0.190   -0.205
    75.10    2.000    2.190    0.195   -0.085
    75.20    2.000    2.180    0.195    0.010
    75.30    2.000    2.175    0.195    0.065
    75.40    2.000    2.175    0.195    0.090
    75.50    2.000    2.175    0.195    0.090
    75.60    2.000    2.175    0.195    0.090
    75.70    2.000    2.175    0.195    0.090
    75.80    2.000    2.175    0.195    0.090
    75.90    2.000    2.175    0.195    0.090
    76.00    2.000    2.175    0.195    0.090
    76.10    2.000    2.175    0.195    0.090
    76.20    2.000    2.175    0.195    0.090
    76.30    2.000    2.175    0.195    0.090
    76.40    2.000    2.175    0.195    0.090
    76.50    2.000    2.175    0.190    0.090
    76.60    2.000    2.175    0.195    0.065
    76.70    2.000    2.175    0.195    0.090
    76.80    2.000    2.175    0.195    0.090
    76.90    2.000    2.175    0.190    0.090
    77.00    2.000    2.175    0.195    0.065
    77.10    2.000    2.175    0.190    0.090
    77.20    2.000    2.175    0.195    0.065
    77.30    2.000    2.175    0.195    0.090
    77.40    2.000    2.175    0.195    0.090
    77.50    2.000    2.175    0.195    0.090
    77.60    2.000    2.175    0.195    0.090
    77.70    2.000    2.175    0.195    0.090
    77.80    2.000    2.175    0.190    0.090
    77.90    2.000    2.175    0.195    0.065
    78.00    2.000    2.175    0.195    0.090
    78.10    2.000    2.175    0.190    0.090
    78.20    2.000    2.175    0.195    0.065
    78.30    2.000    2.175    0.195    0.090
    78.40    2.000    2.175    0.195    0.090
    78.50    2.000    2.175    0.195    0.090
    78.60    2.000    2.175    0.195    0.090
    78.70    2.000    2.175    0.195    0.090
    78.80    2.000    2.175    0.195    0.090
    78.90    2.000    2.175    0.195    0.090
    79.00    2.000    2.175    0.195    0.090
    79.10    2.000    2.175    0.195    0.090
    79.20    2.000    2.175    0.190    0.090
    79.30    2.000    2.175    0.195    0.065
    79.40    2.000    2.175    0.195    0.090
    79.50    2.000    2.175    0.195    0.090
    79.60    2.000    2.175    0.195    0.090
    79.70    2.000    2.175    0.195    0.090
    79.80    2.000    2.175    0.195    0.090
    79.90    2.000    2.175    0.195    0.090
    80.00    2.000    2.175    0.195    0.090
    80.10    2.000    2.175    0.195    0.090
    80.20    2.000    2.175    0.195    0.090
    80.30    2.000    2.175    0.195    0.090
    80.40    2.000    2.175    0.195    0.090
    80.50    2.000    2.175    0.195    0.090
    80.60    2.000    2.175    0.195    0.090
    80.70    2.000    2.175    0.195    0.090
    80.80    2.000    2.175    0.195    0.090
    80.90    2.000    2.175    0.190    0.090
    81.00    2.000    2.175    0.195    0.065
    81.10    2.000    2.175    0.195    0.090
    81.20    2.000    2.175    0.195    0.090
    81.30    2.000    2.175    0.195    0.090
    81.40    2.000    2.175    0.195    0.090
    81.50    2.000    2.175    0.195    0.090
    81.60    2.000    2.175    0.195    0.090
    81.70    2.000    2.175    0.195    0.090
    81.80    2.000    2.175    0.195    0.090
    81.90    2.000    2.175    0.195    0.090
    82.00    2.000    2.175    0.195    0.090
    82.10    2.000    2.175    0.195    0.090
    82.20    2.000    2.175    0.195    0.090
    82.30    2.000    2.175    0.195    0.090
    82.40    2.000    2.175    0.195    0.090
    82.50    2.000    2.175    0.195    0.090
    82.60    2.000    2.175    0.195    0.090
    82.70    2.000    2.175    0.195    0.090
    82.80    2.000    2.175    0.195    0.090
    82.90    2.000    2.175    0.190    0.090
    83.00    2.000    2.175    0.195    0.065
    83.10    2.000    2.175    0.195    0.085
    83.20    2.000    2.175    0.195    0.090
    83.30   -2.000    2.175    0.195    0.090
    83.40   -2.000    2.170    0.190   -3.860
    83.50   -2.000    2.120    0.190   -4.050
    83.60   -2.000    2.025    0.190   -4.050
    83.70   -2.000    1.890    0.190   -4.050
    83.80   -2.000    1.715    0.190   -4.050
    83.90   -2.000    1.500    0.190   -4.050
    84.00   -2.000    1.250    0.190   -4.050
    84.10   -2.000    0.970    0.190   -4.050
    84.20   -2.000    0.655    0.190   -4.050
    84.30   -2.000    0.315    0.190   -4.050
    84.40   -2.000   -0.050    0.190   -4.050
    84.50   -2.000   -0.440    0.190   -4.050
    84.60   -2.000   -0.855    0.190   -4.050
    84.70   -2.000   -1.285    0.190   -4.050
    84.80   -2.000   -1.735    0.190   -2.575
    84.90   -2.000   -2.185    0.190   -0.425
    85.00   -2.000   -2.595    0.190    1.755
    85.10   -2.000   -2.945    0.195    3.740
    85.20   -2.000   -3.215    0.195    3.995
    85.30   -2.000   -3.395    0.195    4.000
    85.40   -2.000   -3.490    0.195    4.000
    85.50   -2.000   -3.515    0.195    4.000
    85.60   -2.000   -3.475    0.195    4.000
    85.70   -2.000   -3.390    0.195    4.000
    85.80   -2.000   -3.260    0.195    4.000
    85.90   -2.000   -3.090    0.195    4.000
    86.00   -2.000   -2.885    0.195    4.000
    86.10   -2.000   -2.640    0.195    4.000
    86.20   -2.000   -2.365    0.195    4.000
    86.30   -2.000   -2.070    0.195    2.720
    86.40   -2.000   -1.755    0.195    1.315
    86.50   -2.000   -1.460    0.195   -0.205
    86.60   -2.000   -1.190    0.195   -1.635
    86.70   -2.000   -0.975    0.195   -2.950
    86.80   -2.000   -0.825    0.195   -3.995
    86.90   -2.000   -0.755    0.195   -4.050
    87.00   -2.000   -0.755    0.195   -4.050
    87.10   -2.000   -0.805    0.195   -4.050
    87.20   -2.000   -0.900    0.195   -4.050
    87.30   -2.000   -1.035    0.195   -4.050
    87.40   -2.000   -1.215    0.190   -3.725
    87.50   -2.000   -1.420    0.190   -2.905
    87.60   -2.000   -1.645    0.190   -1.910
    87.70   -2.000   -1.870    0.190   -0.835
    87.80   -2.000   -2.080    0.195    0.255
    87.90   -2.000   -2.265    0.195    1.295
    88.00   -2.000   -2.405    0.195    2.190
    88.10   -2.000   -2.500    0.195    2.875
    88.20   -2.000   -2.530    0.195    3.335
    88.30   -2.000   -2.515    0.195    3.480
    88.40   -2.000   -2.455    0.195    3.415
    88.50   -2.000   -2.365    0.195    3.135
    88.60   -2.000   -2.245    0.195    2.705
    88.70   -2.000   -2.105    0.195    2.125
    88.80   -2.000   -1.955    0.195    1.450
    88.90   -2.000   -1.800    0.195    0.735
    89.00   -2.000   -1.655    0.195   -0.015
    89.10   -2.000   -1.535    0.195   -0.715
    89.20   -2.000   -1.440    0.195   -1.300
    89.30   -2.000   -1.380    0.195   -1.765
    89.40   -2.000   -1.355    0.195   -2.055
    89.50   -2.000   -1.350    0.195   -2.180
    89.60   -2.000   -1.375    0.195   -2.205
    89.70   -2.000   -1.425    0.195   -2.085
    89.80   -2.000   -1.485    0.195   -1.845
    89.90   -2.000   -1.555    0.195   -1.560
    90.00   -2.000   -1.630    0.195   -1.220
    90.10   -2.000   -1.705    0.195   -0.865
    90.20   -2.000   -1.780    0.195   -0.500
    90.30   -2.000   -1.845    0.195   -0.140
    90.40   -2.000   -1.900    0.195    0.175
    90.50   -2.000   -1.935    0.195    0.445
    90.60   -2.000   -1.950    0.195    0.620
    90.70   -2.000   -1.950    0.195    0.690
    90.80   -2.000   -1.950    0.195    0.695
    90.90   -2.000   -1.940    0.195    0.695
    91.00   -2.000   -1.940    0.195    0.645
    91.10   -2.000   -1.940    0.195    0.645
    91.20   -2.000   -1.940    0.195    0.645
    91.30   -2.000   -1.940    0.195    0.645
    91.40   -2.000   -1.940    0.195    0.645
    91.50   -2.000   -1.940    0.195    0.645
    91.60   -2.000   -1.940    0.195    0.645
    91.70   -2.000   -1.940    0.195    0.645
    91.80   -2.000   -1.940    0.195    0.645
    91.90   -2.000   -1.940    0.195    0.645
    92.00   -2.000   -1.940    0.195    0.645
    92.10   -2.000   -1.940    0.195    0.645
    92.20   -2.000   -1.940    0.195    0.645
    92.30   -2.000   -1.940    0.195    0.645
    92.40   -2.000   -1.940    0.195    0.645
    92.50   -2.000   -1.940    0.195    0.645
    92.60   -2.000   -1.940    0.195    0.645
    92.70   -2.000   -1.940    0.195    0.645
    92.80   -2.000   -1.940    0.195    0.645
    92.90   -2.000   -1.940    0.195    0.645
    93.00   -2.000   -1.940    0.195    0.645
    93.10   -2.000   -1.940    0.195    0.645
    93.20   -2.000   -1.940    0.195    0.645
    93.30   -2.000   -1.940    0.195    0.645
    93.40   -2.000   -1.940    0.195    0.645
    93.50   -2.000   -1.940    0.195    0.645
    93.60   -2.000   -1.940    0.195    0.645
    93.70   -2.000   -1.940    0.195    0.645
    93.80   -2.000   -1.940    0.195    0.645
    93.90   -2.000   -1.940    0.195    0.645
    94.00   -2.000   -1.940    0.195    0.645
    94.10   -2.000   -1.940    0.195    0.645
    94.20   -2.000   -1.940    0.195    0.645
    94.30   -2.000   -1.940    0.195    0.645
    94.40   -2.000   -1.940    0.195    0.645
    94.50   -2.000   -1.940    0.195    0.645
    94.60   -2.000   -1.940    0.195    0.645
    94.70   -2.000   -1.940    0.195    0.645
    94.80   -2.000   -1.940    0.195    0.645
    94.90   -2.000   -1.940    0.195    0.645
    95.00   -2.000   -1.940    0.195    0.645
    95.10   -2.000   -1.940    0.195    0.645
    95.20   -2.000   -1.940    0.195    0.645
    95.30   -2.000   -1.940    0.195    0.645
    95.40   -2.000   -1.940    0.195    0.645
    95.50   -2.000   -1.940    0.195    0.645
    95.60   -2.000   -1.940    0.195    0.645
    95.70   -2.000   -1.940    0.195    0.645
    95.80   -2.000   -1.940    0.195    0.645
    95.90   -2.000   -1.940    0.195    0.645
    96.00   -2.000   -1.940    0.195    0.645
    96.10   -2.000   -1.940    0.195    0.645
    96.20   -2.000   -1.940    0.195    0.645
    96.30   -2.000   -1.940    0.195    0.645
    96.40   -2.000   -1.940    0.195    0.645
    96.50   -2.000   -1.940    0.195    0.645
    96.60   -2.000   -1.940    0.195    0.645
    96.70   -2.000   -1.940    0.195    0.645
    96.80   -2.000   -1.940    0.195    0.645
    96.90   -2.000   -1.940    0.195    0.645
    97.00   -2.000   -1.940    0.195    0.645
    97.10   -2.000   -1.940    0.195    0.645
    97.20   -2.000   -1.940    0.195    0.645
    97.30   -2.000   -1.940    0.195    0.645
    97.40   -2.000   -1.940    0.195    0.645
    97.50   -2.000   -1.940    0.195    0.645
    97.60   -2.000   -1.940    0.195    0.645
    97.70   -2.000   -1.940    0.195    0.645
    97.80   -2.000   -1.940    0.195    0.645
    97.90   -2.000   -1.940    0.195    0.645
    98.00   -2.000   -1.940    0.195    0.645
    98.10   -2.000   -1.940    0.195    0.645
    98.20   -2.000   -1.940    0.195    0.645
    98.30   -2.000   -1.940    0.195    0.645
    98.40   -2.000   -1.940    0.195    0.645
    98.50   -2.000   -1.940    0.195    0.645
    98.60   -2.000   -1.940    0.195    0.645
    98.70   -2.000   -1.940    0.195    0.645
    98.80   -2.000   -1.940    0.195    0.645
    98.90   -2.000   -1.940    0.195    0.645
    99.00   -2.000   -1.940    0.195    0.645
    99.10   -2.000   -1.940    0.195    0.645
    99.20   -2.000   -1.940    0.195    0.645
    99.30   -2.000   -1.940    0.195    0.645
    99.40   -2.000   -1.940    0.195    0.645
    99.50   -2.000   -1.940    0.195    0.645
    99.60   -2.000   -1.940    0.195    0.645
    99.70   -2.000   -1.940    0.195    0.645
    99.80   -2.000   -1.940    0.195    0.645
    99.90   -2.000   -1.940    0.195    0.645
   100.00    2.000   -1.940    0.195    0.645
   100.10    2.000   -1.935    0.195    3.860
   100.20    2.000   -1.890    0.195    4.000
   100.30    2.000   -1.795    0.195    4.000
   100.40    2.000   -1.665    0.195    4.000
   100.50    2.000   -1.495    0.195    4.000
   100.60    2.000   -1.285    0.195    4.000
   100.70    2.000   -1.040    0.195    4.000
   100.80    2.000   -0.760    0.195    4.000
   100.90    2.000   -0.455    0.195    4.000
   101.00    2.000   -0.120    0.195    4.000
   101.10    2.000    0.245    0.195    4.000
   101.20    2.000    0.630    0.195    4.000
   101.30    2.000    1.040    0.195    4.000
   101.40    2.000    1.475    0.195    4.000
   101.50    2.000    1.925    0.195    3.450
   101.60    2.000    2.385    0.195    1.335
   101.70    2.000    2.825    0.195   -0.865
   101.80    2.000    3.210    0.195   -3.000
   101.90    2.000    3.520    0.195   -4.010
   102.00    2.000    3.745    0.195   -4.050
   102.10    2.000    3.880    0.195   -4.050
   102.20    2.000    3.940    0.195   -4.050
   102.30    2.000    3.930    0.195   -4.050
   102.40    2.000    3.870    0.195   -4.050
   102.50    2.000    3.765    0.195   -4.050
   102.60    2.000    3.625    0.190   -4.050
   102.70    2.000    3.440    0.190   -4.050
   102.80    2.000    3.215    0.190   -4.050
   102.90    2.000    2.965    0.190   -4.050
   103.00    2.000    2.675    0.190   -3.740
   103.10    2.000    2.365    0.190   -2.385
   103.20    2.000    2.055    0.190   -0.890
   103.30    2.000    1.755    0.190    0.610
   103.40    2.000    1.495    0.190    2.060
   103.50    2.000    1.295    0.190    3.310
   103.60    2.000    1.160    0.190    3.975
   103.70    2.000    1.100    0.195    4.000
   103.80    2.000    1.095    0.195    4.000
   103.90    2.000    1.150    0.195    4.000
   104.00    2.000    1.255    0.195    4.000
   104.10    2.000    1.405    0.195    4.000
   104.20    2.000    1.590    0.195    3.800
   104.30    2.000    1.805    0.195    2.935
   104.40    2.000    2.045    0.195    1.895
   104.50    2.000    2.280    0.195    0.745
   104.60    2.000    2.500    0.195   -0.395
   104.70    2.000    2.695    0.195   -1.450
   104.80    2.000    2.850    0.195   -2.400
   104.90    2.000    2.945    0.195   -3.145
   105.00    2.000    2.975    0.195   -3.615
   105.10    2.000    2.950    0.195   -3.770
   105.20    2.000    2.880    0.195   -3.650
   105.30    2.000    2.770    0.190   -3.330
   105.40    2.000    2.635    0.190   -2.825
   105.50    2.000    2.475    0.190   -2.170
   105.60    2.000    2.305    0.190   -1.400
   105.70    2.000    2.135    0.190   -0.580
   105.80    2.000    1.980    0.190    0.240
   105.90    2.000    1.845    0.195    0.985
   106.00    2.000    1.745    0.190    1.660
   106.10    2.000    1.685    0.195    2.130
   106.20    2.000    1.660    0.195    2.445
   106.30    2.000    1.665    0.195    2.570
   106.40    2.000    1.710    0.195    2.550
   106.50    2.000    1.775    0.195    2.335
   106.60    2.000    1.860    0.195    2.025
   106.70    2.000    1.965    0.195    1.615
   106.80    2.000    2.070    0.195    1.115
   106.90    2.000    2.175    0.195    0.605
   107.00    2.000    2.275    0.195    0.100
   107.10    2.000    2.355    0.195   -0.385
   107.20    2.000    2.410    0.195   -0.770
   107.30    2.000    2.445    0.195   -1.040
   107.40    2.000    2.455    0.195   -1.210
   107.50    2.000    2.450    0.195   -1.260
   107.60    2.000    2.430    0.195   -1.240
   107.70    2.000    2.410    0.195   -1.145
   107.80    2.000    2.385    0.195   -1.050
   107.90    2.000    2.360    0.195   -0.930
   108.00    2.000    2.330    0.195   -0.810
   108.10    2.000    2.305    0.195   -0.665
   108.20    2.000    2.275    0.195   -0.540
   108.30    2.000    2.250    0.195   -0.400
   108.40    2.000    2.235    0.195   -0.280
   108.50    2.000    2.225    0.195   -0.205
   108.60    2.000    2.215    0.195   -0.155
   108.70    2.000    2.215    0.195   -0.110
   108.80    2.000    2.215    0.195   -0.105
   108.90    2.000    2.215    0.195   -0.105
   109.00    2.000    2.215    0.195   -0.105
   109.10    2.000    2.215    0.195   -0.105
   109.20    2.000    2.215    0.195   -0.105
   109.30    2.000    2.215    0.190   -0.105
   109.40    2.000    2.215    0.195   -0.130
   109.50    2.000    2.215    0.195   -0.105
   109.60    2.000    2.215    0.195   -0.105
   109.70    2.000    2.215    0.195   -0.105
   109.80    2.000    2.215    0.195   -0.105
   109.90    2.000    2.215    0.195   -0.105
   110.00    2.000    2.215    0.195   -0.105
   110.10    2.000    2.215    0.195   -0.105
   110.20    2.000    2.215    0.195   -0.105
   110.30    2.000    2.215    0.195   -0.105
   110.40    2.000    2.215    0.195   -0.105
   110.50    2.000    2.215    0.195   -0.105
   110.60    2.000    2.215    0.195   -0.105
   110.70    2.000    2.215    0.195   -0.105
   110.80    2.000    2.215    0.195   -0.105
   110.90    2.000    2.215    0.195   -0.105
   111.00    2.000    2.215    0.195   -0.105
   111.10    2.000    2.215    0.195   -0.105
   111.20    2.000    2.215    0.195   -0.105
   111.30    2.000    2.215    0.195   -0.105
   111.40    2.000    2.215    0.195   -0.105
   111.50    2.000    2.215    0.195   -0.105
   111.60    2.000    2.215    0.195   -0.105
   111.70    2.000    2.215    0.195   -0.105
   111.80    2.000    2.215    0.195   -0.105
   111.90    2.000    2.215    0.195   -0.105
   112.00    2.000    2.215    0.195   -0.105
   112.10    2.000    2.215    0.195   -0.105
   112.20    2.000    2.215    0.195   -0.105
   112.30    2.000    2.215    0.195   -0.105
   112.40    2.000    2.215    0.195   -0.105
   112.50    2.000    2.215    0.195   -0.105
   112.60    2.000    2.215    0.190   -0.105
   112.70    2.000    2.215    0.195   -0.130
   112.80    2.000    2.215    0.195   -0.110
   112.90    2.000    2.215    0.195   -0.105
   113.00    2.000    2.215    0.195   -0.105
   113.10    2.000    2.215    0.195   -0.105
   113.20    2.000    2.215    0.195   -0.105
   113.30    2.000    2.215    0.195   -0.105
   113.40    2.000    2.215    0.195   -0.105
   113.50    2.000    2.215    0.195   -0.105
   113.60    2.000    2.215    0.195   -0.105
   113.70    2.000    2.215    0.190   -0.105
   113.80    2.000    2.215    0.195   -0.130
   113.90    2.000    2.215    0.195   -0.105
   114.00    2.000    2.215    0.195   -0.105
   114.10    2.000    2.215    0.195   -0.105
   114.20    2.000    2.215    0.195   -0.105
   114.30    2.000    2.215    0.195   -0.105
   114.40    2.000    2.215    0.190   -0.105
   114.50    2.000    2.215    0.195   -0.130
   114.60    2.000    2.215    0.195   -0.105
   114.70    2.000    2.215    0.195   -0.105
   114.80    2.000    2.215    0.195   -0.105
   114.90    2.000    2.215    0.195   -0.105
   115.00    2.000    2.215    0.195   -0.105
   115.10    2.000    2.215    0.190   -0.105
   115.20    2.000    2.215    0.195   -0.130
   115.30    2.000    2.215    0.195   -0.105
   115.40    2.000    2.215    0.195   -0.105
   115.50    2.000    2.215    0.190   -0.105
   115.60    2.000    2.215    0.195   -0.130
   115.70    2.000    2.215    0.195   -0.105
   115.80    2.000    2.215    0.195   -0.105
   115.90    2.000    2.215    0.195   -0.105
   116.00    2.000    2.215    0.195   -0.105
   116.10    2.000    2.215    0.195   -0.105
   116.20    2.000    2.215    0.195   -0.105
   116.30    2.000    2.215    0.195   -0.105
   116.40    2.000    2.215    0.195   -0.105
   116.50    2.000    2.215    0.195   -0.105
   116.60   -2.000    2.215    0.195   -0.105
   116.70   -2.000    2.210    0.190   -3.895
   116.80   -2.000    2.160    0.195   -4.050
   116.90   -2.000    2.065    0.190   -4.050
   117.00   -2.000    1.930    0.190   -4.050
   117.10   -2.000    1.750    0.190   -4.050
   117.20   -2.000    1.540    0.190   -4.050
   117.30   -2.000    1.285    0.190   -4.050
   117.40   -2.000    1.005    0.190   -4.050
   117.50   -2.000    0.690    0.190   -4.050
   117.60   -2.000    0.350    0.190   -4.050
   117.70   -2.000   -0.015    0.190   -4.050
   117.80   -2.000   -0.405    0.190   -4.050
   117.90   -2.000   -0.825    0.190   -4.050
   118.00   -2.000   -1.260    0.190   -4.050
   118.10   -2.000   -1.710    0.190   -2.695
   118.20   -2.000   -2.160    0.190   -0.550
   118.30   -2.000   -2.580    0.190    1.625
   118.40   -2.000   -2.935    0.195    3.655
   118.50   -2.000   -3.210    0.195    3.990
   118.60   -2.000   -3.395    0.195    4.000
   118.70   -2.000   -3.500    0.195    4.000
   118.80   -2.000   -3.530    0.195    4.000
   118.90   -2.000   -3.500    0.195    4.000
   119.00   -2.000   -3.420    0.195    4.000
   119.10   -2.000   -3.295    0.195    4.000
   119.20   -2.000   -3.130    0.195    4.000
   119.30   -2.000   -2.930    0.195    4.000
   119.40   -2.000   -2.690    0.195    4.000
   119.50   -2.000   -2.420    0.195    4.000
   119.60   -2.000   -2.125    0.195    2.980
   119.70   -2.000   -1.815    0.195    1.570
   119.80   -2.000   -1.515    0.195    0.075
   119.90   -2.000   -1.240    0.195   -1.380
   120.00   -2.000   -1.010    0.195   -2.705
   120.10   -2.000   -0.850    0.195   -3.820
   120.20   -2.000   -0.765    0.195   -4.045
   120.30   -2.000   -0.750    0.195   -4.050
   120.40   -2.000   -0.775    0.195   -4.050
   120.50   -2.000   -0.860    0.195   -4.050
   120.60   -2.000   -0.985    0.190   -4.050
   120.70   -2.000   -1.150    0.190   -3.985
   120.80   -2.000   -1.355    0.195   -3.210
   120.90   -2.000   -1.575    0.190   -2.205
   121.00   -2.000   -1.805    0.195   -1.160
   121.10   -2.000   -2.025    0.195   -0.030
   121.20   -2.000   -2.225    0.195    1.025
   121.30   -2.000   -2.380    0.195    1.990
   121.40   -2.000   -2.490    0.195    2.750
   121.50   -2.000   -2.540    0.195    3.285
   121.60   -2.000   -2.545    0.195    3.535
   121.70   -2.000   -2.505    0.195    3.560
   121.80   -2.000   -2.420    0.195    3.375
   121.90   -2.000   -2.305    0.195    2.970
   122.00   -2.000   -2.165    0.195    2.420
   122.10   -2.000   -2.010    0.195    1.740
   122.20   -2.000   -1.845    0.195    0.995
   122.30   -2.000   -1.690    0.195    0.200
   122.40   -2.000   -1.555    0.195   -0.545
   122.50   -2.000   -1.445    0.195   -1.195
   122.60   -2.000   -1.370    0.195   -1.735
   122.70   -2.000   -1.330    0.195   -2.100
   122.80   -2.000   -1.330    0.195   -2.305
   122.90   -2.000   -1.355    0.195   -2.305
   123.00   -2.000   -1.400    0.195   -2.185
   123.10   -2.000   -1.465    0.195   -1.970
   123.20   -2.000   -1.535    0.195   -1.655
   123.30   -2.000   -1.615    0.195   -1.320
   123.40   -2.000   -1.695    0.195   -0.935
   123.50   -2.000   -1.775    0.195   -0.545
   123.60   -2.000   -1.845    0.195   -0.165
   123.70   -2.000   -1.905    0.195    0.175
   123.80   -2.000   -1.945    0.195    0.465
   123.90   -2.000   -1.965    0.195    0.615
   124.00   -2.000   -1.970    0.195    0.760
   124.10   -2.000   -1.960    0.195    0.785
   124.20   -2.000   -1.960    0.195    0.745
   124.30   -2.000   -1.960    0.195    0.740
   124.40   -2.000   -1.960    0.195    0.740
   124.50   -2.000   -1.960    0.195    0.740
   124.60   -2.000   -1.960    0.195    0.740
   124.70   -2.000   -1.960    0.195    0.740
   124.80   -2.000   -1.960    0.195    0.740
   124.90   -2.000   -1.960    0.195    0.740
   125.00   -2.000   -1.960    0.195    0.740
   125.10   -2.000   -1.960    0.195    0.740
   125.20   -2.000   -1.960    0.195    0.740
   125.30   -2.000   -1.960    0.195    0.740
   125.40   -2.000   -1.960    0.195    0.740
   125.50   -2.000   -1.960    0.195    0.740
   125.60   -2.000   -1.960    0.195    0.740
   125.70   -2.000   -1.960    0.195    0.740
   125.80   -2.000   -1.960    0.195    0.740
   125.90   -2.000   -1.960    0.195    0.740
   126.00   -2.000   -1.960    0.195    0.740
   126.10   -2.000   -1.960    0.195    0.740
   126.20   -2.000   -1.960    0.195    0.740
   126.30   -2.000   -1.960    0.195    0.740
   126.40   -2.000   -1.960    0.195    0.740
   126.50   -2.000   -1.960    0.195    0.740
   126.60   -2.000   -1.960    0.195    0.740
   126.70   -2.000   -1.960    0.195    0.740
   126.80   -2.000   -1.960    0.195    0.740
   126.90   -2.000   -1.960    0.195    0.740
   127.00   -2.000   -1.960    0.195    0.740
   127.10   -2.000   -1.960    0.195    0.740
   127.20   -2.000   -1.960    0.195    0.740
   127.30   -2.000   -1.960    0.195    0.740
   127.40   -2.000   -1.960    0.195    0.740
   127.50   -2.000   -1.960    0.195    0.740
   127.60   -2.000   -1.960    0.195    0.740
   127.70   -2.000   -1.960    0.195    0.740
   127.80   -2.000   -1.960    0.195    0.740
   127.90   -2.000   -1.960    0.195    0.740
   128.00   -2.000   -1.960    0.195    0.740
   128.10   -2.000   -1.960    0.195    0.740
   128.20   -2.000   -1.960    0.195    0.740
   128.30   -2.000   -1.960    0.195    0.740
   128.40   -2.000   -1.960    0.195    0.740
   128.50   -2.000   -1.960    0.195    0.740
   128.60   -2.000   -1.960    0.195    0.740
   128.70    0.000    0.000    0.000    0.000

