Data export from TecQuipment CE2000

Data series 1

    Time Func. Gen.    h o/p  pos ref motor i/p 
     0.00    1.000    0.465    0.100    0.010
     0.10    1.000    0.475    0.100    2.975
     0.20    1.000    0.495    0.100    3.165
     0.30    1.000    0.545    0.100    3.170
     0.40    1.000    0.620    0.100    3.170
     0.50    1.000    0.720    0.100    3.165
     0.60    1.000    0.840    0.100    3.165
     0.70    1.000    0.980    0.100    3.170
     0.80    1.000    1.145    0.100    3.165
     0.90    1.000    1.325    0.100    3.165
     1.00    1.000    1.520    0.100    3.165
     1.10    1.000    1.735    0.100    0.715
     1.20    1.000    1.930    0.100   -3.105
     1.30    1.000    2.075    0.100   -4.090
     1.40    1.000    2.145    0.100   -4.790
     1.50    1.000    2.165    0.100   -5.160
     1.60    1.000    2.105    0.100   -5.270
     1.70    1.000    1.995    0.100   -4.985
     1.80    1.000    1.835    0.100   -4.425
     1.90    1.000    1.640    0.095   -3.640
     2.00    1.000    1.425    0.095   -2.730
     2.10    1.000    1.195    0.095   -1.655
     2.20    1.000    0.970    0.095   -0.540
     2.30    1.000    0.765    0.095    0.595
     2.40    1.000    0.580    0.095    1.635
     2.50    1.000    0.440    0.095    2.530
     2.60    1.000    0.345    0.100    3.225
     2.70    1.000    0.310    0.100    3.715
     2.80    1.000    0.325    0.100    3.900
     2.90    1.000    0.380    0.100    3.835
     3.00    1.000    0.465    0.100    3.565
     3.10    1.000    0.585    0.100    3.125
     3.20    1.000    0.725    0.100    2.560
     3.30    1.000    0.875    0.100    1.870
     3.40    1.000    1.030    0.100    1.135
     3.50    1.000    1.180    0.100    0.370
     3.60    1.000    1.320    0.100   -0.395
     3.70    1.000    1.435    0.100   -1.060
     3.80    1.000    1.525    0.100   -1.655
     3.90    1.000    1.575    0.100   -2.080
     4.00    1.000    1.590    0.100   -2.335
     4.10    1.000    1.575    0.100   -2.410
     4.20    1.000    1.545    0.100   -2.370
     4.30    1.000    1.495    0.095   -2.195
     4.40    1.000    1.435    0.100   -1.970
     4.50    1.000    1.355    0.100   -1.650
     4.60    1.000    1.275    0.100   -1.285
     4.70    1.000    1.195    0.100   -0.870
     4.80    1.000    1.115    0.100   -0.470
     4.90    1.000    1.050    0.100   -0.080
     5.00    1.000    1.000    0.100    0.245
     5.10    1.000    0.965    0.100    0.500
     5.20    1.000    0.955    0.100    0.670
     5.30    1.000    0.955    0.100    0.720
     5.40    1.000    0.955    0.100    0.725
     5.50    1.000    0.955    0.100    0.725
     5.60    1.000    0.955    0.100    0.725
     5.70    1.000    0.955    0.100    0.725
     5.80    1.000    0.955    0.100    0.725
     5.90    1.000    0.955    0.100    0.725
     6.00    1.000    0.955    0.100    0.725
     6.10    1.000    0.955    0.100    0.725
     6.20    1.000    0.955    0.100    0.725
     6.30    1.000    0.955    0.100    0.725
     6.40    1.000    0.955    0.100    0.725
     6.50    1.000    0.955    0.100    0.725
     6.60    1.000    0.955    0.100    0.725
     6.70    1.000    0.955    0.100    0.725
     6.80    1.000    0.955    0.100    0.725
     6.90    1.000    0.955    0.100    0.725
     7.00    1.000    0.955    0.100    0.725
     7.10    1.000    0.955    0.100    0.725
     7.20    1.000    0.955    0.100    0.725
     7.30    1.000    0.955    0.100    0.725
     7.40    1.000    0.955    0.100    0.725
     7.50    1.000    0.955    0.100    0.725
     7.60    1.000    0.955    0.100    0.725
     7.70    1.000    0.955    0.100    0.725
     7.80    1.000    0.955    0.100    0.725
     7.90    1.000    0.955    0.100    0.725
     8.00    1.000    0.955    0.100    0.725
     8.10    1.000    0.955    0.100    0.725
     8.20    1.000    0.955    0.100    0.725
     8.30    1.000    0.955    0.100    0.725
     8.40    1.000    0.955    0.100    0.725
     8.50    1.000    0.955    0.100    0.725
     8.60    1.000    0.955    0.100    0.725
     8.70    1.000    0.955    0.100    0.725
     8.80    1.000    0.955    0.100    0.725
     8.90    1.000    0.955    0.100    0.725
     9.00    1.000    0.955    0.100    0.725
     9.10    1.000    0.955    0.100    0.725
     9.20    1.000    0.955    0.100    0.725
     9.30    1.000    0.955    0.100    0.725
     9.40    1.000    0.955    0.100    0.725
     9.50    1.000    0.955    0.100    0.725
     9.60    1.000    0.955    0.100    0.725
     9.70    1.000    0.955    0.100    0.725
     9.80    1.000    0.955    0.100    0.725
     9.90    1.000    0.955    0.100    0.725
    10.00    1.000    0.955    0.100    0.725
    10.10    1.000    0.955    0.100    0.725
    10.20    1.000    0.955    0.100    0.725
    10.30    1.000    0.955    0.100    0.725
    10.40    1.000    0.955    0.100    0.725
    10.50    1.000    0.955    0.100    0.725
    10.60    1.000    0.955    0.100    0.725
    10.70    1.000    0.955    0.100    0.725
    10.80    1.000    0.955    0.100    0.725
    10.90    1.000    0.955    0.100    0.725
    11.00    1.000    0.955    0.100    0.725
    11.10    1.000    0.955    0.100    0.725
    11.20    1.000    0.955    0.100    0.725
    11.30    1.000    0.955    0.100    0.725
    11.40    1.000    0.955    0.100    0.725
    11.50    1.000    0.955    0.100    0.725
    11.60    1.000    0.955    0.100    0.725
    11.70    1.000    0.955    0.100    0.725
    11.80    1.000    0.955    0.100    0.725
    11.90    1.000    0.955    0.100    0.725
    12.00    1.000    0.955    0.100    0.725
    12.10    1.000    0.955    0.100    0.725
    12.20    1.000    0.955    0.100    0.725
    12.30    1.000    0.955    0.100    0.725
    12.40    1.000    0.955    0.100    0.725
    12.50    1.000    0.955    0.100    0.725
    12.60    1.000    0.955    0.100    0.725
    12.70    1.000    0.955    0.100    0.725
    12.80    1.000    0.955    0.100    0.725
    12.90    1.000    0.955    0.100    0.725
    13.00    1.000    0.955    0.100    0.725
    13.10    1.000    0.955    0.100    0.725
    13.20    1.000    0.955    0.100    0.725
    13.30    1.000    0.955    0.100    0.725
    13.40    1.000    0.955    0.100    0.725
    13.50    1.000    0.955    0.100    0.725
    13.60    1.000    0.955    0.100    0.725
    13.70    1.000    0.955    0.100    0.725
    13.80    1.000    0.955    0.100    0.725
    13.90    1.000    0.955    0.100    0.725
    14.00    1.000    0.955    0.100    0.725
    14.10    1.000    0.955    0.100    0.725
    14.20    1.000    0.955    0.100    0.725
    14.30    1.000    0.955    0.100    0.725
    14.40    1.000    0.955    0.100    0.725
    14.50    1.000    0.955    0.100    0.725
    14.60    1.000    0.955    0.100    0.725
    14.70    1.000    0.955    0.100    0.725
    14.80    1.000    0.955    0.100    0.725
    14.90    1.000    0.955    0.100    0.725
    15.00    1.000    0.955    0.100    0.725
    15.10    1.000    0.955    0.100    0.725
    15.20    1.000    0.955    0.100    0.725
    15.30    1.000    0.955    0.100    0.725
    15.40    1.000    0.955    0.100    0.725
    15.50    1.000    0.955    0.100    0.725
    15.60    1.000    0.955    0.100    0.725
    15.70    1.000    0.955    0.100    0.725
    15.80    1.000    0.955    0.100    0.725
    15.90    1.000    0.955    0.100    0.725
    16.00    1.000    0.955    0.100    0.725
    16.10    1.000    0.955    0.100    0.725
    16.20    1.000    0.955    0.100    0.725
    16.30    1.000    0.955    0.100    0.725
    16.40    1.000    0.955    0.100    0.725
    16.50    1.000    0.955    0.100    0.725
    16.60    1.000    0.955    0.100    0.725
    16.70    1.000    0.955    0.100    0.725
    16.80    1.000    0.955    0.100    0.725
    16.90    1.000    0.955    0.100    0.725
    17.00    1.000    0.955    0.100    0.725
    17.10    1.000    0.955    0.100    0.725
    17.20    1.000    0.955    0.100    0.725
    17.30    1.000    0.955    0.100    0.725
    17.40    1.000    0.955    0.100    0.725
    17.50    1.000    0.955    0.100    0.725
    17.60    1.000    0.955    0.100    0.725
    17.70    1.000    0.955    0.100    0.725
    17.80    1.000    0.955    0.100    0.725
    17.90    1.000    0.955    0.100    0.725
    18.00    1.000    0.955    0.100    0.725
    18.10    1.000    0.955    0.100    0.725
    18.20    1.000    0.955    0.100    0.725
    18.30    1.000    0.955    0.100    0.725
    18.40    1.000    0.955    0.100    0.725
    18.50    1.000    0.955    0.100    0.725
    18.60    1.000    0.955    0.100    0.725
    18.70    1.000    0.955    0.100    0.725
    18.80    1.000    0.955    0.100    0.725
    18.90    1.000    0.955    0.100    0.725
    19.00    1.000    0.955    0.100    0.725
    19.10    1.000    0.955    0.100    0.725
    19.20    1.000    0.955    0.100    0.725
    19.30    1.000    0.955    0.100    0.725
    19.40    1.000    0.955    0.100    0.725
    19.50    1.000    0.955    0.100    0.725
    19.60    1.000    0.955    0.100    0.725
    19.70    1.000    0.955    0.100    0.725
    19.80    1.000    0.955    0.100    0.725
    19.90    1.000    0.955    0.100    0.725
    20.00    1.000    0.955    0.100    0.725
    20.10    1.000    0.955    0.100    0.725
    20.20    1.000    0.955    0.100    0.725
    20.30    1.000    0.955    0.100    0.725
    20.40    1.000    0.955    0.100    0.725
    20.50    1.000    0.955    0.100    0.725
    20.60    1.000    0.955    0.100    0.725
    20.70    1.000    0.955    0.100    0.725
    20.80    1.000    0.955    0.100    0.725
    20.90    1.000    0.955    0.100    0.725
    21.00    1.000    0.955    0.100    0.725
    21.10    1.000    0.955    0.100    0.725
    21.20    1.000    0.955    0.100    0.725
    21.30    1.000    0.955    0.100    0.725
    21.40    1.000    0.955    0.100    0.725
    21.50    1.000    0.955    0.100    0.725
    21.60    1.000    0.955    0.100    0.725
    21.70    1.000    0.955    0.100    0.725
    21.80    1.000    0.955    0.100    0.725
    21.90    1.000    0.955    0.100    0.725
    22.00    1.000    0.955    0.100    0.725
    22.10    1.000    0.955    0.100    0.725
    22.20    1.000    0.955    0.100    0.725
    22.30    1.000    0.955    0.100    0.725
    22.40    1.000    0.955    0.100    0.725
    22.50    1.000    0.955    0.100    0.725
    22.60    1.000    0.955    0.100    0.725
    22.70    1.000    0.955    0.100    0.725
    22.80    1.000    0.955    0.100    0.725
    22.90    1.000    0.955    0.100    0.725
    23.00    1.000    0.955    0.100    0.725
    23.10    1.000    0.955    0.100    0.725
    23.20    1.000    0.955    0.100    0.725
    23.30    1.000    0.955    0.100    0.725
    23.40    1.000    0.955    0.100    0.725
    23.50    1.000    0.955    0.100    0.725
    23.60    1.000    0.955    0.100    0.725
    23.70    1.000    0.955    0.100    0.725
    23.80    1.000    0.955    0.100    0.725
    23.90    1.000    0.955    0.100    0.725
    24.00    1.000    0.955    0.100    0.725
    24.10    1.000    0.955    0.100    0.725
    24.20    1.000    0.955    0.100    0.725
    24.30    1.000    0.955    0.100    0.725
    24.40    1.000    0.955    0.100    0.725
    24.50    1.000    0.955    0.100    0.725
    24.60    1.000    0.955    0.100    0.725
    24.70    1.000    0.955    0.100    0.725
    24.80    1.000    0.955    0.100    0.725
    24.90   -1.000    0.955    0.100    0.725
    25.00   -1.000    0.940    0.100   -8.675
    25.10   -1.000    0.845    0.095   -9.075
    25.20   -1.000    0.650    0.095   -8.620
    25.30   -1.000    0.370    0.095   -7.670
    25.40   -1.000    0.020    0.095   -6.315
    25.50   -1.000   -0.375    0.095   -4.630
    25.60   -1.000   -0.800    0.095   -2.665
    25.70   -1.000   -1.225    0.095   -0.560
    25.80   -1.000   -1.620    0.095    1.540
    25.90   -1.000   -1.965    0.100    3.505
    26.00   -1.000   -2.235    0.100    5.215
    26.10   -1.000   -2.415    0.100    6.545
    26.20   -1.000   -2.485    0.100    7.450
    26.30   -1.000   -2.455    0.100    7.805
    26.40   -1.000   -2.335    0.100    7.670
    26.50   -1.000   -2.135    0.100    7.065
    26.60   -1.000   -1.865    0.100    6.090
    26.70   -1.000   -1.540    0.105    4.775
    26.80   -1.000   -1.190    0.100    3.230
    26.90   -1.000   -0.830    0.105    1.480
    27.00   -1.000   -0.475    0.100   -0.275
    27.10   -1.000   -0.160    0.100   -2.040
    27.20   -1.000    0.105    0.100   -3.625
    27.30   -1.000    0.300    0.100   -4.940
    27.40   -1.000    0.410    0.100   -5.910
    27.50   -1.000    0.435    0.100   -6.465
    27.60   -1.000    0.375    0.100   -6.595
    27.70   -1.000    0.250    0.100   -6.310
    27.80   -1.000    0.065    0.095   -5.700
    27.90   -1.000   -0.170    0.095   -4.825
    28.00   -1.000   -0.445    0.095   -3.650
    28.10   -1.000   -0.740    0.095   -2.295
    28.20   -1.000   -1.030    0.095   -0.840
    28.30   -1.000   -1.310    0.100    0.605
    28.40   -1.000   -1.555    0.100    1.995
    28.50   -1.000   -1.750    0.100    3.210
    28.60   -1.000   -1.885    0.100    4.175
    28.70   -1.000   -1.950    0.100    4.850
    28.80   -1.000   -1.955    0.100    5.180
    28.90   -1.000   -1.895    0.100    5.210
    29.00   -1.000   -1.780    0.100    4.925
    29.10   -1.000   -1.625    0.100    4.360
    29.20   -1.000   -1.430    0.100    3.600
    29.30   -1.000   -1.215    0.100    2.645
    29.40   -1.000   -0.985    0.100    1.585
    29.50   -1.000   -0.765    0.100    0.470
    29.60   -1.000   -0.555    0.100   -0.630
    29.70   -1.000   -0.375    0.100   -1.670
    29.80   -1.000   -0.235    0.100   -2.565
    29.90   -1.000   -0.150    0.100   -3.260
    30.00   -1.000   -0.110    0.100   -3.710
    30.10   -1.000   -0.110    0.100   -3.890
    30.20   -1.000   -0.165    0.100   -3.890
    30.30   -1.000   -0.255    0.100   -3.630
    30.40   -1.000   -0.375    0.100   -3.185
    30.50   -1.000   -0.510    0.100   -2.605
    30.60   -1.000   -0.660    0.100   -1.935
    30.70   -1.000   -0.815    0.100   -1.190
    30.80   -1.000   -0.965    0.100   -0.430
    30.90   -1.000   -1.100    0.100    0.310
    31.00   -1.000   -1.210    0.100    0.980
    31.10   -1.000   -1.295    0.100    1.525
    31.20   -1.000   -1.345    0.100    1.945
    31.30   -1.000   -1.355    0.100    2.200
    31.40   -1.000   -1.360    0.100    2.250
    31.50   -1.000   -1.335    0.100    2.275
    31.60   -1.000   -1.295    0.100    2.155
    31.70   -1.000   -1.240    0.100    1.960
    31.80   -1.000   -1.175    0.100    1.690
    31.90   -1.000   -1.110    0.100    1.400
    32.00   -1.000   -1.040    0.100    1.055
    32.10   -1.000   -0.970    0.100    0.710
    32.20   -1.000   -0.905    0.100    0.385
    32.30   -1.000   -0.855    0.100    0.065
    32.40   -1.000   -0.810    0.100   -0.210
    32.50   -1.000   -0.785    0.100   -0.430
    32.60   -1.000   -0.770    0.100   -0.550
    32.70   -1.000   -0.770    0.100   -0.630
    32.80   -1.000   -0.770    0.100   -0.630
    32.90   -1.000   -0.770    0.100   -0.630
    33.00   -1.000   -0.770    0.100   -0.635
    33.10   -1.000   -0.770    0.100   -0.635
    33.20   -1.000   -0.770    0.100   -0.635
    33.30   -1.000   -0.770    0.100   -0.630
    33.40   -1.000   -0.770    0.100   -0.635
    33.50   -1.000   -0.770    0.100   -0.630
    33.60   -1.000   -0.770    0.100   -0.630
    33.70   -1.000   -0.770    0.100   -0.635
    33.80   -1.000   -0.770    0.100   -0.630
    33.90   -1.000   -0.770    0.100   -0.635
    34.00   -1.000   -0.770    0.100   -0.635
    34.10   -1.000   -0.770    0.100   -0.635
    34.20   -1.000   -0.770    0.100   -0.635
    34.30   -1.000   -0.770    0.100   -0.630
    34.40   -1.000   -0.770    0.100   -0.635
    34.50   -1.000   -0.770    0.100   -0.635
    34.60   -1.000   -0.770    0.100   -0.635
    34.70   -1.000   -0.770    0.100   -0.635
    34.80   -1.000   -0.770    0.100   -0.635
    34.90   -1.000   -0.770    0.100   -0.635
    35.00   -1.000   -0.770    0.100   -0.635
    35.10   -1.000   -0.770    0.100   -0.635
    35.20   -1.000   -0.770    0.100   -0.635
    35.30   -1.000   -0.770    0.100   -0.635
    35.40   -1.000   -0.770    0.100   -0.635
    35.50   -1.000   -0.770    0.100   -0.635
    35.60   -1.000   -0.770    0.100   -0.635
    35.70   -1.000   -0.770    0.100   -0.630
    35.80   -1.000   -0.770    0.100   -0.635
    35.90   -1.000   -0.770    0.100   -0.635
    36.00   -1.000   -0.770    0.100   -0.635
    36.10   -1.000   -0.770    0.100   -0.635
    36.20   -1.000   -0.770    0.100   -0.635
    36.30   -1.000   -0.770    0.100   -0.635
    36.40   -1.000   -0.770    0.100   -0.630
    36.50   -1.000   -0.770    0.100   -0.630
    36.60   -1.000   -0.770    0.100   -0.635
    36.70   -1.000   -0.770    0.100   -0.635
    36.80   -1.000   -0.770    0.100   -0.635
    36.90   -1.000   -0.770    0.100   -0.630
    37.00   -1.000   -0.770    0.100   -0.635
    37.10   -1.000   -0.770    0.100   -0.635
    37.20   -1.000   -0.770    0.100   -0.635
    37.30   -1.000   -0.770    0.100   -0.635
    37.40   -1.000   -0.770    0.100   -0.630
    37.50   -1.000   -0.770    0.100   -0.635
    37.60   -1.000   -0.770    0.100   -0.635
    37.70   -1.000   -0.770    0.100   -0.635
    37.80   -1.000   -0.770    0.100   -0.635
    37.90   -1.000   -0.770    0.100   -0.635
    38.00   -1.000   -0.770    0.100   -0.635
    38.10   -1.000   -0.770    0.100   -0.635
    38.20   -1.000   -0.770    0.100   -0.635
    38.30   -1.000   -0.770    0.100   -0.635
    38.40   -1.000   -0.770    0.100   -0.635
    38.50   -1.000   -0.770    0.100   -0.630
    38.60   -1.000   -0.770    0.100   -0.635
    38.70   -1.000   -0.770    0.100   -0.635
    38.80   -1.000   -0.770    0.100   -0.630
    38.90   -1.000   -0.770    0.100   -0.635
    39.00   -1.000   -0.770    0.100   -0.635
    39.10   -1.000   -0.770    0.100   -0.635
    39.20   -1.000   -0.770    0.100   -0.635
    39.30   -1.000   -0.770    0.100   -0.635
    39.40   -1.000   -0.770    0.100   -0.635
    39.50   -1.000   -0.770    0.100   -0.635
    39.60   -1.000   -0.770    0.100   -0.635
    39.70   -1.000   -0.770    0.100   -0.635
    39.80   -1.000   -0.770    0.100   -0.635
    39.90   -1.000   -0.770    0.100   -0.635
    40.00   -1.000   -0.770    0.100   -0.635
    40.10   -1.000   -0.770    0.100   -0.635
    40.20   -1.000   -0.770    0.100   -0.635
    40.30   -1.000   -0.770    0.100   -0.635
    40.40   -1.000   -0.770    0.100   -0.635
    40.50   -1.000   -0.770    0.100   -0.630
    40.60   -1.000   -0.770    0.100   -0.635
    40.70   -1.000   -0.770    0.100   -0.635
    40.80   -1.000   -0.770    0.100   -0.635
    40.90   -1.000   -0.770    0.100   -0.635
    41.00   -1.000   -0.770    0.100   -0.635
    41.10   -1.000   -0.770    0.100   -0.635
    41.20   -1.000   -0.770    0.100   -0.635
    41.30   -1.000   -0.770    0.100   -0.635
    41.40   -1.000   -0.770    0.100   -0.635
    41.50   -1.000   -0.770    0.100   -0.635
    41.60   -1.000   -0.770    0.100   -0.635
    41.70   -1.000   -0.770    0.100   -0.635
    41.80   -1.000   -0.770    0.100   -0.635
    41.90   -1.000   -0.770    0.100   -0.635
    42.00   -1.000   -0.770    0.100   -0.635
    42.10   -1.000   -0.770    0.100   -0.635
    42.20   -1.000   -0.770    0.100   -0.635
    42.30   -1.000   -0.770    0.100   -0.635
    42.40   -1.000   -0.770    0.100   -0.635
    42.50   -1.000   -0.770    0.100   -0.635
    42.60   -1.000   -0.770    0.100   -0.630
    42.70   -1.000   -0.770    0.100   -0.635
    42.80   -1.000   -0.770    0.100   -0.635
    42.90   -1.000   -0.770    0.100   -0.635
    43.00   -1.000   -0.770    0.100   -0.635
    43.10   -1.000   -0.770    0.100   -0.630
    43.20   -1.000   -0.770    0.100   -0.635
    43.30   -1.000   -0.770    0.100   -0.635
    43.40   -1.000   -0.770    0.100   -0.630
    43.50   -1.000   -0.770    0.100   -0.635
    43.60   -1.000   -0.770    0.100   -0.635
    43.70   -1.000   -0.770    0.100   -0.635
    43.80   -1.000   -0.770    0.100   -0.635
    43.90   -1.000   -0.770    0.100   -0.635
    44.00   -1.000   -0.770    0.100   -0.635
    44.10   -1.000   -0.770    0.100   -0.630
    44.20   -1.000   -0.770    0.100   -0.635
    44.30   -1.000   -0.770    0.100   -0.635
    44.40   -1.000   -0.770    0.100   -0.635
    44.50   -1.000   -0.770    0.100   -0.630
    44.60   -1.000   -0.770    0.100   -0.635
    44.70   -1.000   -0.770    0.100   -0.635
    44.80   -1.000   -0.770    0.100   -0.635
    44.90   -1.000   -0.770    0.100   -0.635
    45.00   -1.000   -0.770    0.100   -0.635
    45.10   -1.000   -0.770    0.100   -0.635
    45.20   -1.000   -0.770    0.100   -0.635
    45.30   -1.000   -0.770    0.100   -0.635
    45.40   -1.000   -0.770    0.100   -0.635
    45.50   -1.000   -0.770    0.100   -0.635
    45.60   -1.000   -0.770    0.100   -0.635
    45.70   -1.000   -0.770    0.100   -0.635
    45.80   -1.000   -0.770    0.100   -0.635
    45.90   -1.000   -0.770    0.100   -0.635
    46.00   -1.000   -0.770    0.100   -0.635
    46.10   -1.000   -0.770    0.100   -0.630
    46.20   -1.000   -0.770    0.100   -0.635
    46.30   -1.000   -0.770    0.100   -0.635
    46.40   -1.000   -0.770    0.100   -0.635
    46.50   -1.000   -0.770    0.100   -0.635
    46.60   -1.000   -0.770    0.100   -0.635
    46.70   -1.000   -0.770    0.100   -0.635
    46.80   -1.000   -0.770    0.100   -0.635
    46.90   -1.000   -0.770    0.100   -0.630
    47.00   -1.000   -0.770    0.100   -0.630
    47.10   -1.000   -0.770    0.100   -0.630
    47.20   -1.000   -0.770    0.100   -0.635
    47.30   -1.000   -0.770    0.100   -0.635
    47.40   -1.000   -0.770    0.100   -0.635
    47.50   -1.000   -0.770    0.100   -0.630
    47.60   -1.000   -0.770    0.100   -0.635
    47.70   -1.000   -0.770    0.100   -0.635
    47.80   -1.000   -0.770    0.100   -0.635
    47.90   -1.000   -0.770    0.100   -0.635
    48.00   -1.000   -0.770    0.100   -0.635
    48.10   -1.000   -0.770    0.100   -0.635
    48.20   -1.000   -0.770    0.100   -0.635
    48.30   -1.000   -0.770    0.100   -0.635
    48.40   -1.000   -0.770    0.100   -0.635
    48.50   -1.000   -0.770    0.100   -0.610
    48.60   -1.000   -0.770    0.100   -0.630
    48.70   -1.000   -0.770    0.100   -0.635
    48.80   -1.000   -0.770    0.100   -0.635
    48.90   -1.000   -0.770    0.100   -0.635
    49.00   -1.000   -0.770    0.100   -0.635
    49.10   -1.000   -0.770    0.100   -0.635
    49.20   -1.000   -0.770    0.100   -0.635
    49.30   -1.000   -0.770    0.100   -0.630
    49.40   -1.000   -0.770    0.100   -0.635
    49.50   -1.000   -0.770    0.100   -0.635
    49.60   -1.000   -0.770    0.100   -0.635
    49.70   -1.000   -0.770    0.100   -0.635
    49.80   -1.000   -0.770    0.100   -0.635
    49.90    1.000   -0.770    0.100   -0.635
    50.00    1.000   -0.755    0.100    8.765
    50.10    1.000   -0.660    0.100    9.140
    50.20    1.000   -0.470    0.100    8.660
    50.30    1.000   -0.195    0.100    7.765
    50.40    1.000    0.150    0.100    6.420
    50.50    1.000    0.550    0.100    4.735
    50.60    1.000    0.975    0.100    2.770
    50.70    1.000    1.405    0.100    0.670
    50.80    1.000    1.805    0.100   -1.455
    50.90    1.000    2.160    0.100   -3.440
    51.00    1.000    2.440    0.100   -5.200
    51.10    1.000    2.630    0.100   -6.590
    51.20    1.000    2.715    0.100   -7.500
    51.30    1.000    2.710    0.100   -7.935
    51.40    1.000    2.595    0.100   -7.940
    51.50    1.000    2.400    0.095   -7.395
    51.60    1.000    2.130    0.095   -6.450
    51.70    1.000    1.805    0.095   -5.155
    51.80    1.000    1.445    0.095   -3.560
    51.90    1.000    1.070    0.095   -1.760
    52.00    1.000    0.705    0.095    0.095
    52.10    1.000    0.370    0.095    1.905
    52.20    1.000    0.085    0.095    3.565
    52.30    1.000   -0.125    0.100    4.955
    52.40    1.000   -0.255    0.100    6.015
    52.50    1.000   -0.290    0.100    6.640
    52.60    1.000   -0.250    0.100    6.845
    52.70    1.000   -0.115    0.100    6.635
    52.80    1.000    0.085    0.100    6.005
    52.90    1.000    0.335    0.100    5.035
    53.00    1.000    0.625    0.100    3.810
    53.10    1.000    0.940    0.100    2.385
    53.20    1.000    1.255    0.100    0.830
    53.30    1.000    1.555    0.100   -0.715
    53.40    1.000    1.820    0.100   -2.200
    53.50    1.000    2.030    0.100   -3.515
    53.60    1.000    2.180    0.100   -4.585
    53.70    1.000    2.245    0.100   -5.300
    53.80    1.000    2.240    0.100   -5.655
    53.90    1.000    2.170    0.100   -5.640
    54.00    1.000    2.045    0.095   -5.305
    54.10    1.000    1.865    0.100   -4.700
    54.20    1.000    1.650    0.095   -3.820
    54.30    1.000    1.410    0.095   -2.760
    54.40    1.000    1.160    0.095   -1.575
    54.50    1.000    0.910    0.095   -0.350
    54.60    1.000    0.685    0.095    0.885
    54.70    1.000    0.490    0.095    2.005
    54.80    1.000    0.345    0.100    2.970
    54.90    1.000    0.250    0.100    3.715
    55.00    1.000    0.220    0.100    4.185
    55.10    1.000    0.245    0.100    4.340
    55.20    1.000    0.315    0.100    4.225
    55.30    1.000    0.425    0.100    3.890
    55.40    1.000    0.560    0.100    3.355
    55.50    1.000    0.730    0.100    2.660
    55.60    1.000    0.905    0.100    1.850
    55.70    1.000    1.085    0.100    0.985
    55.80    1.000    1.260    0.100    0.110
    55.90    1.000    1.415    0.100   -0.760
    56.00    1.000    1.540    0.100   -1.530
    56.10    1.000    1.630    0.100   -2.150
    56.20    1.000    1.680    0.100   -2.625
    56.30    1.000    1.690    0.100   -2.885
    56.40    1.000    1.665    0.100   -2.910
    56.50    1.000    1.615    0.100   -2.810
    56.60    1.000    1.550    0.100   -2.570
    56.70    1.000    1.465    0.100   -2.225
    56.80    1.000    1.370    0.100   -1.825
    56.90    1.000    1.265    0.095   -1.335
    57.00    1.000    1.165    0.100   -0.845
    57.10    1.000    1.065    0.100   -0.325
    57.20    1.000    0.980    0.100    0.170
    57.30    1.000    0.910    0.100    0.590
    57.40    1.000    0.870    0.100    0.940
    57.50    1.000    0.850    0.100    1.140
    57.60    1.000    0.850    0.100    1.260
    57.70    1.000    0.860    0.100    1.245
    57.80    1.000    0.875    0.100    1.195
    57.90    1.000    0.885    0.100    1.120
    58.00    1.000    0.900    0.100    1.070
    58.10    1.000    0.920    0.100    0.975
    58.20    1.000    0.940    0.100    0.900
    58.30    1.000    0.955    0.100    0.800
    58.40    1.000    0.970    0.100    0.730
    58.50    1.000    0.985    0.100    0.655
    58.60    1.000    0.995    0.100    0.580
    58.70    1.000    1.005    0.100    0.530
    58.80    1.000    1.005    0.100    0.480
    58.90    1.000    1.005    0.100    0.475
    59.00    1.000    1.005    0.100    0.475
    59.10    1.000    1.005    0.100    0.475
    59.20    1.000    1.005    0.100    0.475
    59.30    1.000    1.005    0.100    0.475
    59.40    1.000    1.005    0.100    0.475
    59.50    1.000    1.005    0.100    0.475
    59.60    1.000    1.005    0.100    0.475
    59.70    1.000    1.005    0.100    0.475
    59.80    1.000    1.005    0.100    0.475
    59.90    1.000    1.005    0.100    0.475
    60.00    1.000    1.005    0.100    0.475
    60.10    1.000    1.005    0.100    0.475
    60.20    1.000    1.005    0.100    0.475
    60.30    1.000    1.005    0.100    0.475
    60.40    1.000    1.005    0.100    0.475
    60.50    1.000    1.005    0.100    0.475
    60.60    1.000    1.005    0.100    0.475
    60.70    1.000    1.005    0.100    0.475
    60.80    1.000    1.005    0.100    0.475
    60.90    1.000    1.005    0.100    0.475
    61.00    1.000    1.005    0.100    0.475
    61.10    1.000    1.005    0.100    0.475
    61.20    1.000    1.005    0.100    0.475
    61.30    1.000    1.005    0.100    0.475
    61.40    1.000    1.005    0.100    0.475
    61.50    1.000    1.005    0.100    0.475
    61.60    1.000    1.005    0.100    0.475
    61.70    1.000    1.005    0.100    0.475
    61.80    1.000    1.005    0.100    0.475
    61.90    1.000    1.005    0.100    0.475
    62.00    1.000    1.005    0.100    0.475
    62.10    1.000    1.005    0.100    0.475
    62.20    1.000    1.005    0.100    0.475
    62.30    1.000    1.005    0.100    0.475
    62.40    1.000    1.005    0.100    0.475
    62.50    1.000    1.005    0.100    0.475
    62.60    1.000    1.005    0.100    0.475
    62.70    1.000    1.005    0.100    0.475
    62.80    1.000    1.005    0.100    0.475
    62.90    1.000    1.005    0.100    0.475
    63.00    1.000    1.005    0.100    0.475
    63.10    1.000    1.005    0.100    0.475
    63.20    1.000    1.005    0.100    0.475
    63.30    1.000    1.005    0.100    0.475
    63.40    1.000    1.005    0.100    0.475
    63.50    1.000    1.005    0.100    0.475
    63.60    1.000    1.005    0.100    0.475
    63.70    1.000    1.005    0.100    0.475
    63.80    1.000    1.005    0.100    0.475
    63.90    1.000    1.005    0.100    0.475
    64.00    1.000    1.005    0.100    0.475
    64.10    1.000    1.005    0.100    0.475
    64.20    1.000    1.005    0.100    0.475
    64.30    1.000    1.005    0.100    0.475
    64.40    1.000    1.005    0.100    0.475
    64.50    1.000    1.005    0.100    0.475
    64.60    1.000    1.005    0.100    0.475
    64.70    1.000    1.005    0.100    0.475
    64.80    1.000    1.005    0.100    0.475
    64.90    1.000    1.005    0.100    0.475
    65.00    1.000    1.005    0.100    0.475
    65.10    1.000    1.005    0.100    0.475
    65.20    1.000    1.005    0.100    0.475
    65.30    1.000    1.005    0.100    0.475
    65.40    1.000    1.005    0.100    0.475
    65.50    1.000    1.005    0.100    0.475
    65.60    1.000    1.005    0.100    0.475
    65.70    1.000    1.005    0.100    0.475
    65.80    1.000    1.005    0.100    0.475
    65.90    1.000    1.005    0.100    0.475
    66.00    1.000    1.005    0.100    0.475
    66.10    1.000    1.005    0.100    0.475
    66.20    1.000    1.005    0.100    0.475
    66.30    1.000    1.005    0.100    0.475
    66.40    1.000    1.005    0.100    0.475
    66.50    1.000    1.005    0.100    0.475
    66.60    1.000    1.005    0.100    0.475
    66.70    1.000    1.005    0.100    0.475
    66.80    1.000    1.005    0.100    0.475
    66.90    1.000    1.005    0.100    0.475
    67.00    1.000    1.005    0.100    0.475
    67.10    1.000    1.005    0.100    0.475
    67.20    1.000    1.005    0.100    0.475
    67.30    1.000    1.005    0.100    0.475
    67.40    1.000    1.005    0.100    0.475
    67.50    1.000    1.005    0.100    0.475
    67.60    1.000    1.005    0.100    0.475
    67.70    1.000    1.005    0.100    0.475
    67.80    1.000    1.005    0.100    0.475
    67.90    1.000    1.005    0.100    0.475
    68.00    1.000    1.005    0.100    0.475
    68.10    1.000    1.005    0.100    0.475
    68.20    1.000    1.005    0.100    0.475
    68.30    1.000    1.005    0.100    0.475
    68.40    1.000    1.005    0.100    0.475
    68.50    1.000    1.005    0.100    0.475
    68.60    1.000    1.005    0.100    0.475
    68.70    1.000    1.005    0.100    0.475
    68.80    1.000    1.005    0.100    0.475
    68.90    1.000    1.005    0.100    0.475
    69.00    1.000    1.005    0.100    0.475
    69.10    1.000    1.005    0.100    0.475
    69.20    1.000    1.005    0.100    0.475
    69.30    1.000    1.005    0.100    0.475
    69.40    1.000    1.005    0.100    0.475
    69.50    1.000    1.005    0.100    0.475
    69.60    1.000    1.005    0.100    0.475
    69.70    1.000    1.005    0.100    0.475
    69.80    1.000    1.005    0.100    0.475
    69.90    1.000    1.005    0.100    0.475
    70.00    1.000    1.005    0.100    0.475
    70.10    1.000    1.005    0.100    0.475
    70.20    1.000    1.005    0.100    0.475
    70.30    1.000    1.005    0.100    0.475
    70.40    1.000    1.005    0.100    0.475
    70.50    1.000    1.005    0.100    0.475
    70.60    1.000    1.005    0.100    0.475
    70.70    1.000    1.005    0.100    0.475
    70.80    1.000    1.005    0.100    0.475
    70.90    1.000    1.005    0.100    0.475
    71.00    1.000    1.005    0.100    0.475
    71.10    1.000    1.005    0.100    0.475
    71.20    1.000    1.005    0.100    0.475
    71.30    1.000    1.005    0.100    0.475
    71.40    1.000    1.005    0.100    0.475
    71.50    1.000    1.005    0.100    0.475
    71.60    1.000    1.005    0.100    0.475
    71.70    1.000    1.005    0.100    0.475
    71.80    1.000    1.005    0.100    0.475
    71.90    1.000    1.005    0.100    0.475
    72.00    1.000    1.005    0.100    0.475
    72.10    1.000    1.005    0.100    0.475
    72.20    1.000    1.005    0.100    0.475
    72.30    1.000    1.005    0.100    0.475
    72.40    1.000    1.005    0.100    0.475
    72.50    1.000    1.005    0.100    0.475
    72.60    1.000    1.005    0.100    0.475
    72.70    1.000    1.005    0.100    0.475
    72.80    1.000    1.005    0.100    0.475
    72.90    1.000    1.005    0.100    0.475
    73.00    1.000    1.005    0.100    0.475
    73.10    1.000    1.005    0.100    0.475
    73.20    1.000    1.005    0.100    0.475
    73.30    1.000    1.005    0.100    0.475
    73.40    1.000    1.005    0.100    0.475
    73.50    1.000    1.005    0.100    0.475
    73.60    1.000    1.005    0.100    0.475
    73.70    1.000    1.005    0.100    0.475
    73.80    1.000    1.005    0.100    0.475
    73.90    1.000    1.005    0.100    0.475
    74.00    1.000    1.005    0.100    0.475
    74.10    1.000    1.005    0.100    0.475
    74.20    1.000    1.005    0.100    0.475
    74.30    1.000    1.005    0.100    0.475
    74.40    1.000    1.005    0.100    0.475
    74.50    1.000    1.005    0.100    0.475
    74.60    1.000    1.005    0.100    0.475
    74.70    1.000    1.005    0.100    0.475
    74.80    1.000    1.005    0.100    0.475
    74.90   -1.000    1.005    0.100    0.475
    75.00   -1.000    0.970    0.100   -8.945
    75.10   -1.000    0.865    0.100   -9.205
    75.20   -1.000    0.670    0.095   -8.720
    75.30   -1.000    0.390    0.095   -7.795
    75.40   -1.000    0.030    0.095   -6.410
    75.50   -1.000   -0.375    0.095   -4.675
    75.60   -1.000   -0.810    0.095   -2.660
    75.70   -1.000   -1.240    0.095   -0.505
    75.80   -1.000   -1.645    0.095    1.620
    75.90   -1.000   -1.995    0.100    3.600
    76.00   -1.000   -2.270    0.100    5.385
    76.10   -1.000   -2.455    0.100    6.745
    76.20   -1.000   -2.525    0.100    7.645
    76.30   -1.000   -2.490    0.100    8.005
    76.40   -1.000   -2.365    0.100    7.840
    76.50   -1.000   -2.155    0.100    7.235
    76.60   -1.000   -1.875    0.105    6.215
    76.70   -1.000   -1.540    0.105    4.875
    76.80   -1.000   -1.175    0.100    3.235
    76.90   -1.000   -0.800    0.100    1.405
    77.00   -1.000   -0.435    0.100   -0.450
    77.10   -1.000   -0.105    0.100   -2.240
    77.20   -1.000    0.165    0.100   -3.875
    77.30   -1.000    0.365    0.100   -5.240
    77.40   -1.000    0.475    0.100   -6.225
    77.50   -1.000    0.495    0.100   -6.755
    77.60   -1.000    0.440    0.100   -6.860
    77.70   -1.000    0.300    0.095   -6.625
    77.80   -1.000    0.095    0.095   -5.970
    77.90   -1.000   -0.160    0.095   -4.975
    78.00   -1.000   -0.460    0.095   -3.700
    78.10   -1.000   -0.775    0.095   -2.225
    78.20   -1.000   -1.090    0.095   -0.660
    78.30   -1.000   -1.385    0.095    0.875
    78.40   -1.000   -1.645    0.100    2.335
    78.50   -1.000   -1.850    0.100    3.645
    78.60   -1.000   -1.985    0.100    4.665
    78.70   -1.000   -2.045    0.100    5.340
    78.80   -1.000   -2.030    0.100    5.645
    78.90   -1.000   -1.950    0.100    5.575
    79.00   -1.000   -1.820    0.100    5.195
    79.10   -1.000   -1.640    0.100    4.555
    79.20   -1.000   -1.425    0.100    3.680
    79.30   -1.000   -1.185    0.100    2.620
    79.40   -1.000   -0.935    0.100    1.440
    79.50   -1.000   -0.690    0.100    0.220
    79.60   -1.000   -0.470    0.100   -0.970
    79.70   -1.000   -0.280    0.100   -2.090
    79.80   -1.000   -0.135    0.100   -3.055
    79.90   -1.000   -0.050    0.100   -3.755
    80.00   -1.000   -0.020    0.100   -4.200
    80.10   -1.000   -0.050    0.100   -4.330
    80.20   -1.000   -0.120    0.100   -4.190
    80.30   -1.000   -0.230    0.100   -3.855
    80.40   -1.000   -0.370    0.100   -3.315
    80.50   -1.000   -0.530    0.100   -2.630
    80.60   -1.000   -0.705    0.100   -1.835
    80.70   -1.000   -0.875    0.100   -0.980
    80.80   -1.000   -1.045    0.100   -0.140
    80.90   -1.000   -1.190    0.100    0.705
    81.00   -1.000   -1.310    0.100    1.445
    81.10   -1.000   -1.400    0.100    2.045
    81.20   -1.000   -1.445    0.100    2.465
    81.30   -1.000   -1.460    0.100    2.695
    81.40   -1.000   -1.440    0.100    2.770
    81.50   -1.000   -1.395    0.100    2.675
    81.60   -1.000   -1.330    0.100    2.455
    81.70   -1.000   -1.250    0.100    2.135
    81.80   -1.000   -1.160    0.100    1.745
    81.90   -1.000   -1.065    0.100    1.305
    82.00   -1.000   -0.965    0.100    0.835
    82.10   -1.000   -0.875    0.100    0.340
    82.20   -1.000   -0.790    0.100   -0.110
    82.30   -1.000   -0.725    0.100   -0.500
    82.40   -1.000   -0.680    0.100   -0.850
    82.50   -1.000   -0.660    0.100   -1.075
    82.60   -1.000   -0.660    0.100   -1.170
    82.70   -1.000   -0.670    0.100   -1.175
    82.80   -1.000   -0.685    0.100   -1.130
    82.90   -1.000   -0.695    0.100   -1.055
    83.00   -1.000   -0.710    0.100   -1.005
    83.10   -1.000   -0.725    0.100   -0.935
    83.20   -1.000   -0.735    0.100   -0.860
    83.30   -1.000   -0.745    0.100   -0.810
    83.40   -1.000   -0.750    0.100   -0.760
    83.50   -1.000   -0.760    0.100   -0.735
    83.60   -1.000   -0.760    0.100   -0.685
    83.70   -1.000   -0.760    0.100   -0.685
    83.80   -1.000   -0.760    0.100   -0.685
    83.90   -1.000   -0.760    0.100   -0.685
    84.00   -1.000   -0.760    0.100   -0.685
    84.10   -1.000   -0.760    0.100   -0.685
    84.20   -1.000   -0.760    0.100   -0.685
    84.30   -1.000   -0.760    0.100   -0.685
    84.40   -1.000   -0.760    0.100   -0.685
    84.50   -1.000   -0.760    0.100   -0.685
    84.60   -1.000   -0.760    0.100   -0.685
    84.70   -1.000   -0.760    0.100   -0.685
    84.80   -1.000   -0.760    0.100   -0.685
    84.90   -1.000   -0.760    0.100   -0.685
    85.00   -1.000   -0.760    0.100   -0.685
    85.10   -1.000   -0.760    0.100   -0.685
    85.20   -1.000   -0.760    0.100   -0.685
    85.30   -1.000   -0.760    0.100   -0.685
    85.40   -1.000   -0.760    0.100   -0.685
    85.50   -1.000   -0.760    0.100   -0.685
    85.60   -1.000   -0.760    0.100   -0.685
    85.70   -1.000   -0.760    0.100   -0.685
    85.80   -1.000   -0.760    0.100   -0.685
    85.90   -1.000   -0.760    0.100   -0.685
    86.00   -1.000   -0.760    0.100   -0.685
    86.10   -1.000   -0.760    0.100   -0.685
    86.20   -1.000   -0.760    0.100   -0.685
    86.30   -1.000   -0.760    0.100   -0.685
    86.40   -1.000   -0.760    0.100   -0.685
    86.50   -1.000   -0.760    0.100   -0.685
    86.60   -1.000   -0.760    0.100   -0.660
    86.70   -1.000   -0.760    0.100   -0.680
    86.80   -1.000   -0.760    0.100   -0.685
    86.90   -1.000   -0.760    0.100   -0.685
    87.00   -1.000   -0.760    0.100   -0.685
    87.10   -1.000   -0.760    0.100   -0.685
    87.20   -1.000   -0.760    0.100   -0.685
    87.30   -1.000   -0.760    0.100   -0.685
    87.40   -1.000   -0.760    0.100   -0.685
    87.50   -1.000   -0.760    0.100   -0.685
    87.60   -1.000   -0.760    0.100   -0.685
    87.70   -1.000   -0.760    0.100   -0.685
    87.80   -1.000   -0.760    0.100   -0.685
    87.90   -1.000   -0.760    0.100   -0.685
    88.00   -1.000   -0.760    0.100   -0.685
    88.10   -1.000   -0.760    0.100   -0.685
    88.20   -1.000   -0.760    0.100   -0.685
    88.30   -1.000   -0.760    0.100   -0.685
    88.40   -1.000   -0.760    0.100   -0.685
    88.50   -1.000   -0.760    0.100   -0.685
    88.60   -1.000   -0.760    0.100   -0.685
    88.70   -1.000   -0.760    0.100   -0.685
    88.80   -1.000   -0.760    0.100   -0.685
    88.90   -1.000   -0.760    0.100   -0.685
    89.00   -1.000   -0.760    0.100   -0.685
    89.10   -1.000   -0.760    0.100   -0.685
    89.20   -1.000   -0.760    0.100   -0.685
    89.30   -1.000   -0.760    0.100   -0.685
    89.40   -1.000   -0.760    0.100   -0.685
    89.50   -1.000   -0.760    0.100   -0.685
    89.60   -1.000   -0.760    0.100   -0.685
    89.70   -1.000   -0.760    0.100   -0.685
    89.80   -1.000   -0.760    0.100   -0.685
    89.90   -1.000   -0.760    0.100   -0.685
    90.00   -1.000   -0.760    0.100   -0.685
    90.10   -1.000   -0.760    0.100   -0.685
    90.20   -1.000   -0.760    0.100   -0.685
    90.30   -1.000   -0.760    0.100   -0.685
    90.40   -1.000   -0.760    0.100   -0.685
    90.50   -1.000   -0.760    0.100   -0.685
    90.60   -1.000   -0.760    0.100   -0.685
    90.70   -1.000   -0.765    0.100   -0.685
    90.80   -1.000   -0.760    0.100   -0.685
    90.90   -1.000   -0.760    0.100   -0.685
    91.00   -1.000   -0.760    0.100   -0.685
    91.10   -1.000   -0.760    0.100   -0.685
    91.20   -1.000   -0.760    0.100   -0.685
    91.30   -1.000   -0.760    0.100   -0.685
    91.40   -1.000   -0.760    0.100   -0.685
    91.50   -1.000   -0.760    0.100   -0.685
    91.60   -1.000   -0.765    0.100   -0.685
    91.70   -1.000   -0.760    0.100   -0.685
    91.80   -1.000   -0.760    0.100   -0.685
    91.90   -1.000   -0.760    0.100   -0.685
    92.00   -1.000   -0.760    0.100   -0.685
    92.10   -1.000   -0.760    0.100   -0.685
    92.20   -1.000   -0.760    0.100   -0.685
    92.30   -1.000   -0.760    0.100   -0.685
    92.40   -1.000   -0.760    0.100   -0.685
    92.50   -1.000   -0.760    0.100   -0.685
    92.60   -1.000   -0.760    0.100   -0.685
    92.70   -1.000   -0.765    0.100   -0.685
    92.80   -1.000   -0.760    0.100   -0.685
    92.90   -1.000   -0.760    0.100   -0.685
    93.00   -1.000   -0.760    0.100   -0.685
    93.10   -1.000   -0.765    0.100   -0.685
    93.20   -1.000   -0.760    0.100   -0.685
    93.30   -1.000   -0.760    0.100   -0.685
    93.40   -1.000   -0.760    0.100   -0.685
    93.50   -1.000   -0.760    0.100   -0.685
    93.60   -1.000   -0.760    0.100   -0.685
    93.70   -1.000   -0.760    0.100   -0.685
    93.80   -1.000   -0.760    0.100   -0.685
    93.90   -1.000   -0.760    0.100   -0.685
    94.00   -1.000   -0.760    0.100   -0.685
    94.10   -1.000   -0.760    0.100   -0.685
    94.20   -1.000   -0.760    0.100   -0.685
    94.30   -1.000   -0.760    0.100   -0.685
    94.40   -1.000   -0.760    0.100   -0.685
    94.50   -1.000   -0.760    0.100   -0.685
    94.60   -1.000   -0.760    0.100   -0.685
    94.70   -1.000   -0.760    0.100   -0.685
    94.80   -1.000   -0.760    0.100   -0.685
    94.90   -1.000   -0.760    0.100   -0.685
    95.00   -1.000   -0.760    0.100   -0.685
    95.10   -1.000   -0.760    0.100   -0.685
    95.20   -1.000   -0.760    0.100   -0.685
    95.30   -1.000   -0.760    0.100   -0.685
    95.40   -1.000   -0.760    0.100   -0.685
    95.50   -1.000   -0.760    0.100   -0.685
    95.60   -1.000   -0.760    0.100   -0.685
    95.70   -1.000   -0.760    0.100   -0.685
    95.80   -1.000   -0.760    0.100   -0.685
    95.90   -1.000   -0.760    0.100   -0.685
    96.00   -1.000   -0.765    0.100   -0.685
    96.10   -1.000   -0.760    0.100   -0.685
    96.20   -1.000   -0.760    0.100   -0.685
    96.30   -1.000   -0.760    0.100   -0.685
    96.40   -1.000   -0.760    0.100   -0.685
    96.50   -1.000   -0.760    0.100   -0.685
    96.60   -1.000   -0.760    0.100   -0.685
    96.70   -1.000   -0.760    0.100   -0.685
    96.80   -1.000   -0.760    0.100   -0.685
    96.90   -1.000   -0.760    0.100   -0.685
    97.00   -1.000   -0.760    0.100   -0.685
    97.10   -1.000   -0.760    0.100   -0.685
    97.20   -1.000   -0.760    0.100   -0.685
    97.30   -1.000   -0.760    0.100   -0.685
    97.40   -1.000   -0.760    0.100   -0.685
    97.50   -1.000   -0.760    0.100   -0.685
    97.60   -1.000   -0.760    0.100   -0.685
    97.70   -1.000   -0.760    0.100   -0.685
    97.80   -1.000   -0.760    0.100   -0.685
    97.90   -1.000   -0.760    0.100   -0.685
    98.00   -1.000   -0.760    0.100   -0.685
    98.10   -1.000   -0.760    0.100   -0.685
    98.20   -1.000   -0.760    0.100   -0.685
    98.30   -1.000   -0.760    0.100   -0.685
    98.40   -1.000   -0.760    0.100   -0.685
    98.50   -1.000   -0.760    0.100   -0.685
    98.60   -1.000   -0.760    0.100   -0.685
    98.70   -1.000   -0.760    0.100   -0.685
    98.80   -1.000   -0.760    0.100   -0.685
    98.90   -1.000   -0.760    0.100   -0.685
    99.00   -1.000   -0.760    0.100   -0.685
    99.10   -1.000   -0.760    0.100   -0.685
    99.20   -1.000   -0.760    0.100   -0.685
    99.30   -1.000   -0.760    0.100   -0.685
    99.40   -1.000   -0.760    0.100   -0.685
    99.50   -1.000   -0.760    0.100   -0.685
    99.60   -1.000   -0.760    0.100   -0.685
    99.70   -1.000   -0.760    0.100   -0.685
    99.80   -1.000   -0.760    0.100   -0.685
    99.90    1.000   -0.760    0.100   -0.685
   100.00    1.000   -0.740    0.100    8.740
   100.10    1.000   -0.645    0.100    9.070
   100.20    1.000   -0.455    0.100    8.590
   100.30    1.000   -0.175    0.100    7.690
   100.40    1.000    0.170    0.100    6.320
   100.50    1.000    0.570    0.100    4.610
   100.60    1.000    0.995    0.100    2.670
   100.70    1.000    1.425    0.100    0.545
   100.80    1.000    1.825    0.100   -1.530
   100.90    1.000    2.175    0.100   -3.520
   101.00    1.000    2.450    0.100   -5.275
   101.10    1.000    2.630    0.100   -6.640
   101.20    1.000    2.710    0.100   -7.530
   101.30    1.000    2.685    0.100   -7.910
   101.40    1.000    2.565    0.100   -7.795
   101.50    1.000    2.365    0.100   -7.225
   101.60    1.000    2.095    0.095   -6.275
   101.70    1.000    1.775    0.095   -4.980
   101.80    1.000    1.415    0.095   -3.390
   101.90    1.000    1.045    0.095   -1.610
   102.00    1.000    0.680    0.095    0.220
   102.10    1.000    0.355    0.095    2.005
   102.20    1.000    0.080    0.095    3.640
   102.30    1.000   -0.125    0.100    4.980
   102.40    1.000   -0.240    0.100    6.015
   102.50    1.000   -0.270    0.100    6.595
   102.60    1.000   -0.220    0.100    6.750
   102.70    1.000   -0.090    0.100    6.515
   102.80    1.000    0.110    0.100    5.860
   102.90    1.000    0.365    0.100    4.890
   103.00    1.000    0.655    0.100    3.660
   103.10    1.000    0.965    0.100    2.235
   103.20    1.000    1.275    0.100    0.705
   103.30    1.000    1.570    0.100   -0.810
   103.40    1.000    1.825    0.100   -2.280
   103.50    1.000    2.030    0.100   -3.565
   103.60    1.000    2.170    0.100   -4.580
   103.70    1.000    2.230    0.100   -5.280
   103.80    1.000    2.215    0.100   -5.560
   103.90    1.000    2.140    0.100   -5.510
   104.00    1.000    2.010    0.095   -5.155
   104.10    1.000    1.835    0.095   -4.550
   104.20    1.000    1.620    0.095   -3.670
   104.30    1.000    1.380    0.095   -2.610
   104.40    1.000    1.135    0.095   -1.445
   104.50    1.000    0.890    0.095   -0.230
   104.60    1.000    0.670    0.095    0.985
   104.70    1.000    0.485    0.095    2.080
   104.80    1.000    0.345    0.100    3.020
   104.90    1.000    0.260    0.100    3.715
   105.00    1.000    0.230    0.100    4.140
   105.10    1.000    0.245    0.100    4.290
   105.20    1.000    0.320    0.100    4.220
   105.30    1.000    0.435    0.100    3.870
   105.40    1.000    0.580    0.100    3.305
   105.50    1.000    0.745    0.100    2.590
   105.60    1.000    0.925    0.100    1.775
   105.70    1.000    1.110    0.100    0.900
   105.80    1.000    1.285    0.100   -0.015
   105.90    1.000    1.440    0.100   -0.885
   106.00    1.000    1.560    0.100   -1.655
   106.10    1.000    1.650    0.100   -2.280
   106.20    1.000    1.695    0.100   -2.700
   106.30    1.000    1.700    0.100   -2.930
   106.40    1.000    1.690    0.100   -2.985
   106.50    1.000    1.635    0.100   -2.935
   106.60    1.000    1.565    0.095   -2.670
   106.70    1.000    1.470    0.100   -2.325
   106.80    1.000    1.370    0.100   -1.850
   106.90    1.000    1.255    0.100   -1.340
   107.00    1.000    1.145    0.095   -0.775
   107.10    1.000    1.040    0.095   -0.250
   107.20    1.000    0.945    0.100    0.265
   107.30    1.000    0.875    0.100    0.765
   107.40    1.000    0.830    0.100    1.110
   107.50    1.000    0.810    0.100    1.335
   107.60    1.000    0.815    0.100    1.435
   107.70    1.000    0.825    0.100    1.415
   107.80    1.000    0.845    0.100    1.370
   107.90    1.000    0.865    0.100    1.270
   108.00    1.000    0.895    0.100    1.150
   108.10    1.000    0.925    0.100    1.025
   108.20    1.000    0.955    0.100    0.875
   108.30    1.000    0.985    0.100    0.725
   108.40    1.000    1.010    0.100    0.600
   108.50    1.000    1.035    0.100    0.455
   108.60    1.000    1.055    0.100    0.330
   108.70    1.000    1.070    0.100    0.235
   108.80    1.000    1.075    0.100    0.160
   108.90    1.000    1.075    0.100    0.135
   109.00    1.000    1.075    0.100    0.130
   109.10    1.000    1.075    0.100    0.130
   109.20    1.000    1.075    0.100    0.130
   109.30    1.000    1.075    0.100    0.130
   109.40    1.000    1.075    0.100    0.130
   109.50    1.000    1.075    0.100    0.130
   109.60    1.000    1.075    0.100    0.130
   109.70    1.000    1.075    0.100    0.130
   109.80    1.000    1.075    0.100    0.130
   109.90    1.000    1.075    0.100    0.130
   110.00    1.000    1.075    0.100    0.130
   110.10    1.000    1.075    0.100    0.130
   110.20    1.000    1.075    0.100    0.130
   110.30    1.000    1.075    0.100    0.130
   110.40    1.000    1.075    0.100    0.130
   110.50    1.000    1.075    0.100    0.130
   110.60    1.000    1.075    0.100    0.130
   110.70    1.000    1.075    0.100    0.130
   110.80    1.000    1.075    0.100    0.130
   110.90    1.000    1.075    0.100    0.130
   111.00    1.000    1.075    0.100    0.130
   111.10    1.000    1.075    0.100    0.130
   111.20    1.000    1.075    0.100    0.130
   111.30    1.000    1.075    0.100    0.130
   111.40    1.000    1.075    0.100    0.130
   111.50    1.000    1.075    0.100    0.130
   111.60    1.000    1.075    0.100    0.130
   111.70    1.000    1.075    0.100    0.130
   111.80    1.000    1.075    0.100    0.130
   111.90    1.000    1.075    0.100    0.130
   112.00    1.000    1.075    0.100    0.130
   112.10    1.000    1.075    0.100    0.130
   112.20    1.000    1.075    0.100    0.130
   112.30    1.000    1.075    0.100    0.130
   112.40    1.000    1.075    0.100    0.130
   112.50    1.000    1.075    0.100    0.130
   112.60    1.000    1.075    0.100    0.130
   112.70    1.000    1.075    0.100    0.130
   112.80    1.000    1.075    0.100    0.130
   112.90    1.000    1.075    0.100    0.130
   113.00    1.000    1.075    0.100    0.130
   113.10    1.000    1.075    0.100    0.130
   113.20    1.000    1.075    0.100    0.130
   113.30    1.000    1.075    0.100    0.130
   113.40    1.000    1.075    0.100    0.130
   113.50    1.000    1.075    0.100    0.130
   113.60    1.000    1.075    0.100    0.130
   113.70    1.000    1.075    0.100    0.130
   113.80    1.000    1.075    0.100    0.130
   113.90    1.000    1.075    0.100    0.130
   114.00    1.000    1.075    0.100    0.130
   114.10    1.000    1.075    0.100    0.130
   114.20    1.000    1.075    0.100    0.130
   114.30    1.000    1.075    0.100    0.130
   114.40    1.000    1.075    0.100    0.130
   114.50    1.000    1.075    0.100    0.130
   114.60    1.000    1.075    0.100    0.130
   114.70    1.000    1.075    0.100    0.130
   114.80    1.000    1.075    0.100    0.130
   114.90    1.000    1.075    0.100    0.130
   115.00    1.000    1.075    0.100    0.130
   115.10    1.000    1.075    0.100    0.130
   115.20    1.000    1.075    0.100    0.130
   115.30    1.000    1.075    0.100    0.130
   115.40    1.000    1.075    0.100    0.130
   115.50    1.000    1.075    0.100    0.130
   115.60    1.000    1.075    0.100    0.130
   115.70    1.000    1.075    0.100    0.130
   115.80    1.000    1.075    0.100    0.130
   115.90    1.000    1.075    0.100    0.130
   116.00    1.000    1.075    0.100    0.130
   116.10    1.000    1.075    0.100    0.130
   116.20    1.000    1.075    0.100    0.130
   116.30    1.000    1.075    0.100    0.130
   116.40    1.000    1.075    0.100    0.130
   116.50    1.000    1.075    0.100    0.130
   116.60    1.000    1.075    0.100    0.130
   116.70    1.000    1.075    0.100    0.130
   116.80    1.000    1.075    0.100    0.130
   116.90    1.000    1.075    0.100    0.130
   117.00    1.000    1.075    0.100    0.130
   117.10    1.000    1.075    0.100    0.130
   117.20    1.000    1.075    0.100    0.130
   117.30    1.000    1.075    0.100    0.130
   117.40    1.000    1.075    0.100    0.130
   117.50    1.000    1.075    0.100    0.130
   117.60    1.000    1.075    0.100    0.130
   117.70    1.000    1.075    0.100    0.130
   117.80    1.000    1.075    0.100    0.130
   117.90    1.000    1.075    0.100    0.130
   118.00    1.000    1.075    0.100    0.130
   118.10    1.000    1.075    0.100    0.130
   118.20    1.000    1.075    0.100    0.130
   118.30    1.000    1.075    0.100    0.130
   118.40    1.000    1.075    0.100    0.130
   118.50    1.000    1.075    0.100    0.130
   118.60    1.000    1.075    0.100    0.130
   118.70    1.000    1.075    0.100    0.130
   118.80    1.000    1.075    0.100    0.130
   118.90    1.000    1.075    0.100    0.130
   119.00    1.000    1.075    0.100    0.130
   119.10    1.000    1.075    0.100    0.130
   119.20    1.000    1.075    0.100    0.130
   119.30    1.000    1.075    0.100    0.130
   119.40    1.000    1.075    0.100    0.130
   119.50    1.000    1.075    0.100    0.130
   119.60    1.000    1.075    0.100    0.130
   119.70    1.000    1.075    0.100    0.130
   119.80    1.000    1.075    0.100    0.130
   119.90    1.000    1.075    0.100    0.130
   120.00    1.000    1.075    0.100    0.130
   120.10    1.000    1.075    0.100    0.130
   120.20    1.000    1.075    0.100    0.130
   120.30    1.000    1.075    0.100    0.130
   120.40    1.000    1.075    0.100    0.130
   120.50    1.000    1.075    0.100    0.130
   120.60    1.000    1.075    0.100    0.130
   120.70    1.000    1.075    0.100    0.130
   120.80    1.000    1.075    0.100    0.130
   120.90    1.000    1.075    0.100    0.130
   121.00    1.000    1.075    0.100    0.130
   121.10    1.000    1.075    0.100    0.130
   121.20    1.000    1.075    0.100    0.130
   121.30    1.000    1.075    0.100    0.130
   121.40    1.000    1.075    0.100    0.130
   121.50    1.000    1.075    0.100    0.130
   121.60    1.000    1.075    0.100    0.130
   121.70    1.000    1.075    0.100    0.130
   121.80    1.000    1.075    0.100    0.130
   121.90    1.000    1.075    0.100    0.130
   122.00    1.000    1.075    0.100    0.130
   122.10    1.000    1.075    0.100    0.130
   122.20    1.000    1.075    0.100    0.130
   122.30    1.000    1.075    0.100    0.130
   122.40    1.000    1.075    0.100    0.130
   122.50    1.000    1.075    0.100    0.130
   122.60    1.000    1.075    0.100    0.130
   122.70    1.000    1.075    0.100    0.130
   122.80    1.000    1.075    0.100    0.130
   122.90    1.000    1.075    0.100    0.130
   123.00    1.000    1.075    0.100    0.130
   123.10    1.000    1.075    0.100    0.130
   123.20    1.000    1.075    0.100    0.130
   123.30    1.000    1.075    0.100    0.130
   123.40    1.000    1.075    0.100    0.130
   123.50    1.000    1.075    0.100    0.130
   123.60    1.000    1.075    0.100    0.130
   123.70    1.000    1.075    0.100    0.130
   123.80    1.000    1.075    0.100    0.130
   123.90    1.000    1.075    0.100    0.130
   124.00    1.000    1.075    0.100    0.130
   124.10    1.000    1.075    0.100    0.130
   124.20    1.000    1.075    0.100    0.130
   124.30    1.000    1.075    0.100    0.130
   124.40    1.000    1.075    0.100    0.130
   124.50    1.000    1.075    0.100    0.130
   124.60    1.000    1.075    0.100    0.130
   124.70    1.000    1.075    0.100    0.130
   124.80    1.000    1.075    0.100    0.130
   124.90   -1.000    1.075    0.100    0.130
   125.00   -1.000    1.090    0.100   -9.300
   125.10   -1.000    0.990    0.095   -9.790
   125.20   -1.000    0.790    0.095   -9.340
   125.30   -1.000    0.490    0.095   -8.365
   125.40   -1.000    0.115    0.095   -6.900
   125.50   -1.000   -0.315    0.095   -5.095
   125.60   -1.000   -0.775    0.095   -2.960
   125.70   -1.000   -1.240    0.095   -0.680
   125.80   -1.000   -1.675    0.095    1.615
   125.90   -1.000   -2.060    0.095    3.770
   126.00   -1.000   -2.360    0.100    5.650
   126.10   -1.000   -2.560    0.100    7.160
   126.20   -1.000   -2.645    0.100    8.160
   126.30   -1.000   -2.615    0.100    8.590
   126.40   -1.000   -2.485    0.100    8.460
   126.50   -1.000   -2.265    0.100    7.830
   126.60   -1.000   -1.965    0.105    6.760
   126.70   -1.000   -1.610    0.105    5.315
   126.80   -1.000   -1.215    0.105    3.575
   126.90   -1.000   -0.805    0.100    1.630
   127.00   -1.000   -0.405    0.100   -0.395
   127.10   -1.000   -0.045    0.100   -2.385
   127.20   -1.000    0.255    0.100   -4.165
   127.30   -1.000    0.475    0.100   -5.650
   127.40   -1.000    0.595    0.100   -6.740
   127.50   -1.000    0.615    0.100   -7.365
   127.60   -1.000    0.545    0.100   -7.470
   127.70   -1.000    0.390    0.100   -7.115
   127.80   -1.000    0.165    0.095   -6.395
   127.90   -1.000   -0.115    0.095   -5.325
   128.00   -1.000   -0.440    0.095   -3.930
   128.10   -1.000   -0.785    0.095   -2.325
   128.20   -1.000   -1.130    0.095   -0.615
   128.30   -1.000   -1.450    0.095    1.070
   128.40   -1.000   -1.735    0.100    2.685
   128.50   -1.000   -1.955    0.100    4.090
   128.60   -1.000   -2.100    0.100    5.185
   128.70   -1.000   -2.160    0.100    5.905
   128.80   -1.000   -2.135    0.100    6.205
   128.90   -1.000   -2.040    0.100    6.090
   129.00   -1.000   -1.885    0.100    5.635
   129.10   -1.000   -1.675    0.100    4.885
   129.20   -1.000   -1.425    0.100    3.855
   129.30   -1.000   -1.155    0.100    2.625
   129.40   -1.000   -0.870    0.100    1.295
   129.50   -1.000   -0.600    0.100   -0.100
   129.60   -1.000   -0.350    0.100   -1.440
   129.70   -1.000   -0.150    0.100   -2.680
   129.80   -1.000    0.005    0.100   -3.690
   129.90   -1.000    0.085    0.100   -4.440
   130.00   -1.000    0.100    0.100   -4.865
   130.10   -1.000    0.050    0.100   -4.925
   130.20   -1.000   -0.050    0.100   -4.710
   130.30   -1.000   -0.195    0.100   -4.200
   130.40   -1.000   -0.370    0.100   -3.515
   130.50   -1.000   -0.570    0.095   -2.635
   130.60   -1.000   -0.780    0.100   -1.660
   130.70   -1.000   -0.990    0.100   -0.610
   130.80   -1.000   -1.185    0.095    0.425
   130.90   -1.000   -1.350    0.100    1.365
   131.00   -1.000   -1.485    0.100    2.230
   131.10   -1.000   -1.565    0.100    2.885
   131.20   -1.000   -1.600    0.100    3.305
   131.30   -1.000   -1.585    0.100    3.455
   131.40   -1.000   -1.530    0.100    3.390
   131.50   -1.000   -1.450    0.100    3.150
   131.60   -1.000   -1.345    0.100    2.730
   131.70   -1.000   -1.220    0.100    2.215
   131.80   -1.000   -1.090    0.100    1.600
   131.90   -1.000   -0.950    0.100    0.965
   132.00   -1.000   -0.820    0.100    0.275
   132.10   -1.000   -0.705    0.100   -0.370
   132.20   -1.000   -0.605    0.100   -0.945
   132.30   -1.000   -0.540    0.100   -1.440
   132.40   -1.000   -0.505    0.100   -1.765
   132.50   -1.000   -0.500    0.100   -1.935
   132.60   -1.000   -0.520    0.100   -1.965
   132.70   -1.000   -0.545    0.100   -1.870
   132.80   -1.000   -0.585    0.100   -1.745
   132.90   -1.000   -0.635    0.100   -1.550
   133.00   -1.000   -0.690    0.100   -1.305
   133.10   -1.000   -0.745    0.100   -1.035
   133.20   -1.000   -0.795    0.100   -0.765
   133.30   -1.000   -0.845    0.100   -0.515
   133.40   -1.000   -0.885    0.100   -0.270
   133.50   -1.000   -0.910    0.100   -0.070
   133.60   -1.000   -0.930    0.100    0.055
   133.70   -1.000   -0.930    0.100    0.150
   133.80   -1.000   -0.930    0.100    0.155
   133.90   -1.000   -0.930    0.100    0.155
   134.00   -1.000   -0.930    0.100    0.155
   134.10   -1.000   -0.930    0.100    0.155
   134.20   -1.000   -0.930    0.100    0.155
   134.30   -1.000   -0.930    0.100    0.155
   134.40   -1.000   -0.930    0.100    0.155
   134.50   -1.000   -0.930    0.100    0.155
   134.60   -1.000   -0.930    0.100    0.155
   134.70   -1.000   -0.930    0.100    0.155
   134.80   -1.000   -0.930    0.100    0.155
   134.90   -1.000   -0.930    0.100    0.155
   135.00   -1.000   -0.930    0.100    0.155
   135.10   -1.000   -0.930    0.100    0.155
   135.20   -1.000   -0.930    0.100    0.155
   135.30   -1.000   -0.930    0.100    0.155
   135.40   -1.000   -0.930    0.100    0.155
   135.50   -1.000   -0.930    0.100    0.155
   135.60   -1.000   -0.930    0.100    0.155
   135.70   -1.000   -0.930    0.100    0.155
   135.80   -1.000   -0.930    0.100    0.155
   135.90   -1.000   -0.930    0.100    0.155
   136.00   -1.000   -0.930    0.100    0.180
   136.10   -1.000   -0.930    0.100    0.180
   136.20   -1.000   -0.930    0.100    0.155
   136.30   -1.000   -0.930    0.100    0.155
   136.40   -1.000   -0.930    0.100    0.155
   136.50   -1.000   -0.930    0.100    0.155
   136.60   -1.000   -0.930    0.100    0.155
   136.70   -1.000   -0.930    0.100    0.155
   136.80   -1.000   -0.930    0.100    0.155
   136.90   -1.000   -0.930    0.100    0.155
   137.00    0.000    0.000    0.000    0.000

