Data export from TecQuipment CE2000

Data series 1

    Time Func. Gen. position  pos ref motor i/p 
     0.00    1.000    0.110    0.195   -0.010
     0.10    1.000    0.120    0.195    4.395
     0.20    1.000    0.175    0.195    4.995
     0.30    1.000    0.290    0.195    4.995
     0.40    1.000    0.465    0.195    4.995
     0.50    1.000    0.690    0.195    4.995
     0.60    1.000    0.965    0.195    4.995
     0.70    1.000    1.280    0.195    4.995
     0.80    1.000    1.640    0.195    4.995
     0.90    1.000    2.045    0.195    4.995
     1.00    1.000    2.480    0.195    4.995
     1.10    1.000    2.950    0.195    4.995
     1.20    1.000    3.455    0.200    4.995
     1.30    1.000    3.970    0.200   -3.310
     1.40    1.000    4.405    0.195   -5.045
     1.50    1.000    4.725    0.195   -5.045
     1.60    1.000    4.935    0.195   -5.045
     1.70    1.000    5.045    0.195   -5.045
     1.80    1.000    5.060    0.195   -5.045
     1.90    1.000    5.000    0.195   -5.045
     2.00    1.000    4.880    0.195   -5.045
     2.10    1.000    4.710    0.195   -5.045
     2.20    1.000    4.485    0.195   -5.045
     2.30    1.000    4.210    0.190   -5.045
     2.40    1.000    3.895    0.190   -5.045
     2.50    1.000    3.535    0.190   -5.045
     2.60    1.000    3.140    0.190   -5.045
     2.70    1.000    2.705    0.190   -5.045
     2.80    1.000    2.240    0.190   -5.045
     2.90    1.000    1.740    0.190   -5.035
     3.00    1.000    1.215    0.190   -2.720
     3.10    1.000    0.695    0.190   -0.185
     3.20    1.000    0.215    0.190    2.330
     3.30    1.000   -0.185    0.190    4.625
     3.40    1.000   -0.480    0.190    4.980
     3.50    1.000   -0.675    0.195    4.995
     3.60    1.000   -0.770    0.195    4.995
     3.70    1.000   -0.775    0.195    4.995
     3.80    1.000   -0.705    0.195    4.995
     3.90    1.000   -0.580    0.195    4.995
     4.00    1.000   -0.400    0.195    4.995
     4.10    1.000   -0.165    0.195    4.995
     4.20    1.000    0.110    0.195    4.995
     4.30    1.000    0.435    0.195    4.995
     4.40    1.000    0.800    0.195    3.680
     4.50    1.000    1.185    0.195    1.945
     4.60    1.000    1.560    0.195    0.090
     4.70    1.000    1.900    0.195   -1.725
     4.80    1.000    2.180    0.195   -3.375
     4.90    1.000    2.385    0.195   -4.730
     5.00    1.000    2.495    0.195   -5.035
     5.10    1.000    2.510    0.195   -5.045
     5.20    1.000    2.455    0.195   -5.045
     5.30    1.000    2.335    0.195   -5.045
     5.40    1.000    2.165    0.195   -5.045
     5.50    1.000    1.935    0.190   -4.690
     5.60    1.000    1.670    0.190   -3.625
     5.70    1.000    1.380    0.190   -2.350
     5.80    1.000    1.085    0.190   -0.965
     5.90    1.000    0.805    0.190    0.465
     6.00    1.000    0.560    0.190    1.815
     6.10    1.000    0.370    0.190    3.005
     6.20    1.000    0.245    0.190    3.925
     6.30    1.000    0.205    0.195    4.540
     6.40    1.000    0.230    0.195    4.755
     6.50    1.000    0.315    0.195    4.645
     6.60    1.000    0.455    0.195    4.240
     6.70    1.000    0.635    0.195    3.575
     6.80    1.000    0.845    0.195    2.715
     6.90    1.000    1.070    0.195    1.695
     7.00    1.000    1.295    0.195    0.625
     7.10    1.000    1.505    0.195   -0.460
     7.20    1.000    1.680    0.195   -1.480
     7.30    1.000    1.810    0.195   -2.335
     7.40    1.000    1.890    0.195   -2.965
     7.50    1.000    1.910    0.195   -3.355
     7.60    1.000    1.885    0.195   -3.455
     7.70    1.000    1.820    0.195   -3.340
     7.80    1.000    1.720    0.195   -3.035
     7.90    1.000    1.595    0.190   -2.555
     8.00    1.000    1.450    0.190   -1.975
     8.10    1.000    1.300    0.190   -1.275
     8.20    1.000    1.150    0.195   -0.555
     8.30    1.000    1.015    0.190    0.190
     8.40    1.000    0.900    0.195    0.820
     8.50    1.000    0.815    0.195    1.405
     8.60    1.000    0.765    0.195    1.815
     8.70    1.000    0.755    0.195    2.065
     8.80    1.000    0.755    0.195    2.115
     8.90    1.000    0.790    0.195    2.115
     9.00    1.000    0.845    0.195    1.950
     9.10    1.000    0.910    0.195    1.685
     9.20    1.000    0.980    0.195    1.375
     9.30    1.000    1.060    0.195    1.040
     9.40    1.000    1.135    0.195    0.660
     9.50    1.000    1.205    0.195    0.290
     9.60    1.000    1.265    0.195   -0.050
     9.70    1.000    1.310    0.195   -0.340
     9.80    1.000    1.335    0.195   -0.560
     9.90    1.000    1.340    0.195   -0.680
    10.00   -1.000    1.340    0.195   -0.705
    10.10   -1.000    1.340    0.195   -4.855
    10.20   -1.000    1.280    0.195   -5.045
    10.30   -1.000    1.165    0.195   -5.045
    10.40   -1.000    0.990    0.190   -5.045
    10.50   -1.000    0.760    0.190   -5.045
    10.60   -1.000    0.480    0.190   -5.045
    10.70   -1.000    0.160    0.190   -5.045
    10.80   -1.000   -0.200    0.190   -4.675
    10.90   -1.000   -0.595    0.190   -3.000
    11.00   -1.000   -0.990    0.190   -1.085
    11.10   -1.000   -1.370    0.190    0.825
    11.20   -1.000   -1.700    0.190    2.640
    11.30   -1.000   -1.960    0.195    4.240
    11.40   -1.000   -2.130    0.195    4.965
    11.50   -1.000   -2.200    0.195    4.995
    11.60   -1.000   -2.185    0.195    4.995
    11.70   -1.000   -2.110    0.195    4.995
    11.80   -1.000   -1.970    0.195    4.995
    11.90   -1.000   -1.780    0.195    4.995
    12.00   -1.000   -1.540    0.195    4.690
    12.10   -1.000   -1.255    0.195    3.565
    12.20   -1.000   -0.955    0.195    2.195
    12.30   -1.000   -0.650    0.195    0.750
    12.40   -1.000   -0.360    0.195   -0.730
    12.50   -1.000   -0.120    0.195   -2.120
    12.60   -1.000    0.070    0.195   -3.285
    12.70   -1.000    0.185    0.195   -4.205
    12.80   -1.000    0.220    0.195   -4.770
    12.90   -1.000    0.180    0.195   -4.950
    13.00   -1.000    0.080    0.195   -4.765
    13.10   -1.000   -0.070    0.195   -4.290
    13.20   -1.000   -0.260    0.195   -3.575
    13.30   -1.000   -0.480    0.195   -2.665
    13.40   -1.000   -0.720    0.195   -1.600
    13.50   -1.000   -0.950    0.190   -0.440
    13.60   -1.000   -1.155    0.195    0.650
    13.70   -1.000   -1.330    0.195    1.655
    13.80   -1.000   -1.460    0.195    2.505
    13.90   -1.000   -1.530    0.195    3.140
    14.00   -1.000   -1.545    0.195    3.480
    14.10   -1.000   -1.510    0.195    3.560
    14.20   -1.000   -1.435    0.195    3.395
    14.30   -1.000   -1.325    0.195    3.045
    14.40   -1.000   -1.190    0.195    2.515
    14.50   -1.000   -1.045    0.195    1.870
    14.60   -1.000   -0.885    0.195    1.165
    14.70   -1.000   -0.735    0.195    0.390
    14.80   -1.000   -0.595    0.195   -0.335
    14.90   -1.000   -0.485    0.195   -1.000
    15.00   -1.000   -0.405    0.195   -1.540
    15.10   -1.000   -0.365    0.195   -1.930
    15.20   -1.000   -0.360    0.195   -2.130
    15.30   -1.000   -0.385    0.195   -2.155
    15.40   -1.000   -0.425    0.195   -2.040
    15.50   -1.000   -0.485    0.195   -1.845
    15.60   -1.000   -0.555    0.195   -1.560
    15.70   -1.000   -0.630    0.195   -1.220
    15.80   -1.000   -0.705    0.195   -0.865
    15.90   -1.000   -0.770    0.195   -0.500
    16.00   -1.000   -0.825    0.195   -0.185
    16.10   -1.000   -0.870    0.195    0.080
    16.20   -1.000   -0.895    0.195    0.300
    16.30   -1.000   -0.900    0.195    0.420
    16.40   -1.000   -0.900    0.195    0.450
    16.50   -1.000   -0.905    0.195    0.450
    16.60   -1.000   -0.905    0.195    0.475
    16.70   -1.000   -0.905    0.195    0.475
    16.80   -1.000   -0.900    0.195    0.475
    16.90   -1.000   -0.900    0.195    0.450
    17.00   -1.000   -0.905    0.195    0.450
    17.10   -1.000   -0.905    0.195    0.475
    17.20   -1.000   -0.900    0.195    0.475
    17.30   -1.000   -0.900    0.195    0.450
    17.40   -1.000   -0.905    0.195    0.450
    17.50   -1.000   -0.905    0.195    0.475
    17.60   -1.000   -0.900    0.195    0.475
    17.70   -1.000   -0.905    0.195    0.450
    17.80   -1.000   -0.900    0.195    0.475
    17.90   -1.000   -0.905    0.195    0.450
    18.00   -1.000   -0.905    0.195    0.475
    18.10   -1.000   -0.905    0.195    0.475
    18.20   -1.000   -0.900    0.195    0.475
    18.30   -1.000   -0.900    0.195    0.450
    18.40   -1.000   -0.900    0.195    0.450
    18.50   -1.000   -0.900    0.195    0.450
    18.60   -1.000   -0.900    0.195    0.450
    18.70   -1.000   -0.905    0.195    0.450
    18.80   -1.000   -0.900    0.195    0.475
    18.90   -1.000   -0.900    0.195    0.450
    19.00   -1.000   -0.900    0.195    0.450
    19.10   -1.000   -0.905    0.195    0.450
    19.20   -1.000   -0.905    0.195    0.475
    19.30   -1.000   -0.900    0.195    0.475
    19.40   -1.000   -0.905    0.195    0.450
    19.50   -1.000   -0.900    0.195    0.475
    19.60   -1.000   -0.900    0.195    0.450
    19.70   -1.000   -0.905    0.195    0.450
    19.80   -1.000   -0.905    0.195    0.475
    19.90   -1.000   -0.905    0.195    0.475
    20.00    1.000   -0.900    0.195    0.475
    20.10    1.000   -0.890    0.195    4.810
    20.20    1.000   -0.830    0.195    4.995
    20.30    1.000   -0.710    0.195    4.995
    20.40    1.000   -0.530    0.195    4.995
    20.50    1.000   -0.305    0.195    4.995
    20.60    1.000   -0.030    0.195    4.995
    20.70    1.000    0.290    0.195    4.995
    20.80    1.000    0.655    0.195    4.350
    20.90    1.000    1.040    0.195    2.630
    21.00    1.000    1.435    0.195    0.790
    21.10    1.000    1.800    0.195   -1.115
    21.20    1.000    2.115    0.195   -2.890
    21.30    1.000    2.355    0.195   -4.410
    21.40    1.000    2.505    0.195   -5.025
    21.50    1.000    2.565    0.195   -5.045
    21.60    1.000    2.555    0.195   -5.045
    21.70    1.000    2.470    0.195   -5.045
    21.80    1.000    2.320    0.190   -5.045
    21.90    1.000    2.120    0.190   -5.045
    22.00    1.000    1.865    0.190   -4.500
    22.10    1.000    1.580    0.190   -3.290
    22.20    1.000    1.275    0.190   -1.930
    22.30    1.000    0.970    0.190   -0.455
    22.40    1.000    0.690    0.190    1.015
    22.50    1.000    0.455    0.190    2.375
    22.60    1.000    0.280    0.190    3.515
    22.70    1.000    0.180    0.195    4.360
    22.80    1.000    0.165    0.195    4.870
    22.90    1.000    0.215    0.195    4.955
    23.00    1.000    0.325    0.195    4.725
    23.10    1.000    0.485    0.195    4.200
    23.20    1.000    0.685    0.195    3.435
    23.30    1.000    0.915    0.195    2.470
    23.40    1.000    1.150    0.195    1.375
    23.50    1.000    1.385    0.195    0.240
    23.60    1.000    1.590    0.195   -0.900
    23.70    1.000    1.765    0.195   -1.895
    23.80    1.000    1.885    0.195   -2.745
    23.90    1.000    1.950    0.195   -3.330
    24.00    1.000    1.965    0.195   -3.645
    24.10    1.000    1.930    0.195   -3.725
    24.20    1.000    1.845    0.195   -3.560
    24.30    1.000    1.725    0.190   -3.155
    24.40    1.000    1.580    0.195   -2.610
    24.50    1.000    1.415    0.190   -1.880
    24.60    1.000    1.245    0.190   -1.115
    24.70    1.000    1.085    0.190   -0.295
    24.80    1.000    0.940    0.190    0.480
    24.90    1.000    0.820    0.195    1.180
    25.00    1.000    0.735    0.195    1.785
    25.10    1.000    0.695    0.195    2.200
    25.20    1.000    0.700    0.195    2.400
    25.30    1.000    0.730    0.195    2.385
    25.40    1.000    0.780    0.195    2.240
    25.50    1.000    0.850    0.195    2.000
    25.60    1.000    0.930    0.195    1.665
    25.70    1.000    1.020    0.195    1.275
    25.80    1.000    1.110    0.195    0.845
    25.90    1.000    1.195    0.195    0.410
    26.00    1.000    1.270    0.195    0.000
    26.10    1.000    1.330    0.195   -0.360
    26.20    1.000    1.370    0.195   -0.650
    26.30    1.000    1.390    0.195   -0.850
    26.40    1.000    1.385    0.195   -0.945
    26.50    1.000    1.380    0.195   -0.930
    26.60    1.000    1.370    0.195   -0.905
    26.70    1.000    1.365    0.195   -0.855
    26.80    1.000    1.360    0.195   -0.830
    26.90    1.000    1.360    0.195   -0.805
    27.00    1.000    1.350    0.195   -0.805
    27.10    1.000    1.350    0.195   -0.760
    27.20    1.000    1.350    0.195   -0.755
    27.30    1.000    1.350    0.195   -0.755
    27.40    1.000    1.350    0.195   -0.755
    27.50    1.000    1.350    0.195   -0.755
    27.60    1.000    1.350    0.195   -0.755
    27.70    1.000    1.350    0.195   -0.755
    27.80    1.000    1.350    0.195   -0.755
    27.90    1.000    1.350    0.195   -0.755
    28.00    1.000    1.350    0.195   -0.755
    28.10    1.000    1.350    0.195   -0.755
    28.20    1.000    1.350    0.195   -0.755
    28.30    1.000    1.350    0.195   -0.755
    28.40    1.000    1.350    0.195   -0.755
    28.50    1.000    1.350    0.195   -0.755
    28.60    1.000    1.350    0.195   -0.755
    28.70    1.000    1.350    0.195   -0.755
    28.80    1.000    1.350    0.195   -0.755
    28.90    1.000    1.350    0.195   -0.755
    29.00    1.000    1.350    0.195   -0.755
    29.10    1.000    1.350    0.195   -0.755
    29.20    1.000    1.350    0.195   -0.755
    29.30    1.000    1.350    0.195   -0.755
    29.40    1.000    1.350    0.195   -0.755
    29.50    1.000    1.350    0.195   -0.755
    29.60    1.000    1.350    0.195   -0.755
    29.70    1.000    1.350    0.195   -0.755
    29.80    1.000    1.350    0.195   -0.755
    29.90    1.000    1.350    0.195   -0.755
    30.00   -1.000    1.350    0.195   -0.755
    30.10   -1.000    1.345    0.195   -4.850
    30.20   -1.000    1.280    0.195   -5.045
    30.30   -1.000    1.165    0.195   -5.045
    30.40   -1.000    0.990    0.190   -5.050
    30.50   -1.000    0.760    0.190   -5.045
    30.60   -1.000    0.485    0.190   -5.045
    30.70   -1.000    0.165    0.190   -5.045
    30.80   -1.000   -0.195    0.190   -4.700
    30.90   -1.000   -0.590    0.190   -3.025
    31.00   -1.000   -0.990    0.190   -1.115
    31.10   -1.000   -1.365    0.190    0.820
    31.20   -1.000   -1.695    0.190    2.640
    31.30   -1.000   -1.955    0.195    4.230
    31.40   -1.000   -2.130    0.195    4.965
    31.50   -1.000   -2.200    0.195    4.995
    31.60   -1.000   -2.190    0.195    4.995
    31.70   -1.000   -2.110    0.195    4.995
    31.80   -1.000   -1.975    0.195    4.995
    31.90   -1.000   -1.780    0.195    4.995
    32.00   -1.000   -1.540    0.195    4.690
    32.10   -1.000   -1.260    0.195    3.565
    32.20   -1.000   -0.955    0.195    2.220
    32.30   -1.000   -0.650    0.195    0.750
    32.40   -1.000   -0.360    0.195   -0.725
    32.50   -1.000   -0.120    0.195   -2.130
    32.60   -1.000    0.070    0.195   -3.285
    32.70   -1.000    0.185    0.195   -4.205
    32.80   -1.000    0.220    0.195   -4.770
    32.90   -1.000    0.185    0.195   -4.945
    33.00   -1.000    0.085    0.195   -4.785
    33.10   -1.000   -0.065    0.195   -4.310
    33.20   -1.000   -0.255    0.195   -3.600
    33.30   -1.000   -0.475    0.190   -2.690
    33.40   -1.000   -0.710    0.190   -1.650
    33.50   -1.000   -0.940    0.190   -0.515
    33.60   -1.000   -1.150    0.195    0.600
    33.70   -1.000   -1.330    0.195    1.635
    33.80   -1.000   -1.460    0.195    2.505
    33.90   -1.000   -1.530    0.195    3.135
    34.00   -1.000   -1.545    0.195    3.480
    34.10   -1.000   -1.515    0.195    3.560
    34.20   -1.000   -1.440    0.195    3.420
    34.30   -1.000   -1.335    0.195    3.065
    34.40   -1.000   -1.200    0.195    2.565
    34.50   -1.000   -1.050    0.195    1.915
    34.60   -1.000   -0.895    0.195    1.190
    34.70   -1.000   -0.740    0.195    0.440
    34.80   -1.000   -0.600    0.195   -0.305
    34.90   -1.000   -0.485    0.195   -0.980
    35.00   -1.000   -0.405    0.195   -1.535
    35.10   -1.000   -0.360    0.195   -1.925
    35.20   -1.000   -0.340    0.195   -2.155
    35.30   -1.000   -0.360    0.195   -2.255
    35.40   -1.000   -0.405    0.195   -2.155
    35.50   -1.000   -0.470    0.190   -1.940
    35.60   -1.000   -0.545    0.195   -1.655
    35.70   -1.000   -0.625    0.195   -1.275
    35.80   -1.000   -0.705    0.195   -0.890
    35.90   -1.000   -0.780    0.195   -0.500
    36.00   -1.000   -0.840    0.195   -0.140
    36.10   -1.000   -0.890    0.195    0.155
    36.20   -1.000   -0.925    0.195    0.395
    36.30   -1.000   -0.940    0.195    0.570
    36.40   -1.000   -0.940    0.195    0.640
    36.50   -1.000   -0.935    0.195    0.645
    36.60   -1.000   -0.930    0.195    0.620
    36.70   -1.000   -0.935    0.195    0.595
    36.80   -1.000   -0.935    0.195    0.620
    36.90   -1.000   -0.935    0.195    0.620
    37.00   -1.000   -0.935    0.195    0.620
    37.10   -1.000   -0.930    0.195    0.620
    37.20   -1.000   -0.935    0.195    0.595
    37.30   -1.000   -0.935    0.195    0.620
    37.40   -1.000   -0.935    0.195    0.620
    37.50   -1.000   -0.935    0.195    0.620
    37.60   -1.000   -0.935    0.195    0.620
    37.70   -1.000   -0.930    0.195    0.620
    37.80   -1.000   -0.935    0.195    0.595
    37.90   -1.000   -0.930    0.195    0.620
    38.00   -1.000   -0.935    0.195    0.600
    38.10   -1.000   -0.930    0.195    0.620
    38.20   -1.000   -0.935    0.195    0.595
    38.30   -1.000   -0.935    0.195    0.620
    38.40   -1.000   -0.935    0.195    0.620
    38.50   -1.000   -0.935    0.195    0.620
    38.60   -1.000   -0.935    0.195    0.620
    38.70   -1.000   -0.935    0.195    0.620
    38.80   -1.000   -0.935    0.195    0.620
    38.90   -1.000   -0.935    0.195    0.620
    39.00   -1.000   -0.935    0.195    0.620
    39.10   -1.000   -0.935    0.195    0.620
    39.20   -1.000   -0.935    0.195    0.620
    39.30   -1.000   -0.935    0.195    0.620
    39.40   -1.000   -0.935    0.195    0.620
    39.50   -1.000   -0.935    0.195    0.620
    39.60   -1.000   -0.930    0.195    0.620
    39.70   -1.000   -0.935    0.195    0.595
    39.80   -1.000   -0.930    0.195    0.620
    39.90   -1.000   -0.930    0.195    0.595
    40.00    1.000   -0.935    0.195    0.595
    40.10    1.000   -0.925    0.195    4.805
    40.20    1.000   -0.865    0.195    4.995
    40.30    1.000   -0.745    0.195    4.995
    40.40    1.000   -0.565    0.195    4.995
    40.50    1.000   -0.340    0.195    4.995
    40.60    1.000   -0.065    0.195    4.995
    40.70    1.000    0.255    0.195    4.995
    40.80    1.000    0.615    0.195    4.515
    40.90    1.000    1.010    0.195    2.825
    41.00    1.000    1.405    0.195    0.920
    41.10    1.000    1.775    0.195   -0.970
    41.20    1.000    2.100    0.195   -2.765
    41.30    1.000    2.350    0.195   -4.335
    41.40    1.000    2.510    0.195   -5.020
    41.50    1.000    2.575    0.195   -5.045
    41.60    1.000    2.555    0.195   -5.045
    41.70    1.000    2.470    0.190   -5.045
    41.80    1.000    2.330    0.190   -5.045
    41.90    1.000    2.130    0.190   -5.045
    42.00    1.000    1.880    0.190   -4.550
    42.10    1.000    1.595    0.190   -3.370
    42.20    1.000    1.290    0.190   -1.990
    42.30    1.000    0.990    0.190   -0.530
    42.40    1.000    0.705    0.190    0.920
    42.50    1.000    0.470    0.190    2.300
    42.60    1.000    0.290    0.195    3.440
    42.70    1.000    0.185    0.190    4.335
    42.80    1.000    0.165    0.195    4.825
    42.90    1.000    0.205    0.195    4.955
    43.00    1.000    0.310    0.195    4.770
    43.10    1.000    0.465    0.195    4.270
    43.20    1.000    0.665    0.195    3.530
    43.30    1.000    0.890    0.195    2.570
    43.40    1.000    1.125    0.195    1.485
    43.50    1.000    1.360    0.195    0.360
    43.60    1.000    1.570    0.195   -0.775
    43.70    1.000    1.745    0.195   -1.795
    43.80    1.000    1.875    0.195   -2.650
    43.90    1.000    1.945    0.195   -3.280
    44.00    1.000    1.970    0.195   -3.620
    44.10    1.000    1.935    0.195   -3.745
    44.20    1.000    1.855    0.195   -3.585
    44.30    1.000    1.740    0.195   -3.200
    44.40    1.000    1.595    0.190   -2.655
    44.50    1.000    1.435    0.190   -1.975
    44.60    1.000    1.265    0.190   -1.205
    44.70    1.000    1.100    0.195   -0.385
    44.80    1.000    0.955    0.190    0.430
    44.90    1.000    0.830    0.195    1.115
    45.00    1.000    0.745    0.190    1.735
    45.10    1.000    0.700    0.190    2.130
    45.20    1.000    0.695    0.195    2.355
    45.30    1.000    0.705    0.195    2.405
    45.40    1.000    0.755    0.195    2.355
    45.50    1.000    0.825    0.195    2.120
    45.60    1.000    0.910    0.195    1.785
    45.70    1.000    1.000    0.195    1.375
    45.80    1.000    1.095    0.195    0.940
    45.90    1.000    1.185    0.195    0.480
    46.00    1.000    1.265    0.195    0.050
    46.10    1.000    1.335    0.195   -0.335
    46.20    1.000    1.380    0.195   -0.675
    46.30    1.000    1.405    0.195   -0.900
    46.40    1.000    1.400    0.195   -1.015
    46.50    1.000    1.395    0.195   -1.000
    46.60    1.000    1.385    0.195   -0.975
    46.70    1.000    1.375    0.195   -0.930
    46.80    1.000    1.365    0.195   -0.880
    46.90    1.000    1.360    0.195   -0.830
    47.00    1.000    1.350    0.195   -0.805
    47.10    1.000    1.345    0.195   -0.760
    47.20    1.000    1.340    0.195   -0.735
    47.30    1.000    1.340    0.195   -0.710
    47.40    1.000    1.340    0.195   -0.710
    47.50    1.000    1.340    0.195   -0.710
    47.60    1.000    1.340    0.195   -0.710
    47.70    1.000    1.340    0.195   -0.705
    47.80    1.000    1.340    0.195   -0.710
    47.90    1.000    1.340    0.195   -0.705
    48.00    1.000    1.340    0.195   -0.705
    48.10    1.000    1.340    0.195   -0.705
    48.20    1.000    1.340    0.195   -0.710
    48.30    1.000    1.340    0.195   -0.710
    48.40    1.000    1.340    0.195   -0.705
    48.50    1.000    1.340    0.195   -0.710
    48.60    1.000    1.340    0.195   -0.705
    48.70    1.000    1.340    0.195   -0.710
    48.80    1.000    1.340    0.195   -0.705
    48.90    1.000    1.340    0.195   -0.710
    49.00    1.000    1.340    0.195   -0.710
    49.10    1.000    1.340    0.195   -0.710
    49.20    1.000    1.340    0.195   -0.710
    49.30    1.000    1.340    0.195   -0.710
    49.40    1.000    1.340    0.195   -0.705
    49.50    1.000    1.340    0.195   -0.705
    49.60    1.000    1.340    0.195   -0.710
    49.70    1.000    1.340    0.195   -0.705
    49.80    1.000    1.340    0.195   -0.710
    49.90    1.000    1.340    0.195   -0.710
    50.00   -1.000    1.340    0.195   -0.710
    50.10   -1.000    1.330    0.195   -4.880
    50.20   -1.000    1.270    0.195   -5.045
    50.30   -1.000    1.155    0.195   -5.045
    50.40   -1.000    0.980    0.190   -5.045
    50.50   -1.000    0.750    0.190   -5.045
    50.60   -1.000    0.475    0.190   -5.045
    50.70   -1.000    0.160    0.190   -5.045
    50.80   -1.000   -0.200    0.190   -4.680
    50.90   -1.000   -0.595    0.190   -3.005
    51.00   -1.000   -0.990    0.190   -1.095
    51.10   -1.000   -1.370    0.190    0.815
    51.20   -1.000   -1.700    0.190    2.655
    51.30   -1.000   -1.955    0.195    4.250
    51.40   -1.000   -2.125    0.195    4.970
    51.50   -1.000   -2.200    0.195    4.995
    51.60   -1.000   -2.185    0.195    4.995
    51.70   -1.000   -2.110    0.195    4.995
    51.80   -1.000   -1.975    0.195    4.995
    51.90   -1.000   -1.785    0.195    4.995
    52.00   -1.000   -1.545    0.195    4.710
    52.10   -1.000   -1.265    0.195    3.595
    52.20   -1.000   -0.965    0.195    2.245
    52.30   -1.000   -0.660    0.195    0.800
    52.40   -1.000   -0.375    0.195   -0.675
    52.50   -1.000   -0.130    0.195   -2.055
    52.60   -1.000    0.060    0.195   -3.245
    52.70   -1.000    0.180    0.195   -4.155
    52.80   -1.000    0.220    0.195   -4.745
    52.90   -1.000    0.185    0.195   -4.945
    53.00   -1.000    0.095    0.190   -4.785
    53.10   -1.000   -0.050    0.195   -4.380
    53.20   -1.000   -0.240    0.190   -3.665
    53.30   -1.000   -0.455    0.195   -2.790
    53.40   -1.000   -0.690    0.190   -1.725
    53.50   -1.000   -0.920    0.190   -0.615
    53.60   -1.000   -1.130    0.195    0.500
    53.70   -1.000   -1.315    0.195    1.540
    53.80   -1.000   -1.450    0.195    2.435
    53.90   -1.000   -1.525    0.195    3.085
    54.00   -1.000   -1.545    0.195    3.455
    54.10   -1.000   -1.520    0.195    3.560
    54.20   -1.000   -1.450    0.195    3.440
    54.30   -1.000   -1.350    0.195    3.115
    54.40   -1.000   -1.215    0.195    2.630
    54.50   -1.000   -1.070    0.195    1.990
    54.60   -1.000   -0.915    0.195    1.290
    54.70   -1.000   -0.760    0.195    0.540
    54.80   -1.000   -0.620    0.195   -0.210
    54.90   -1.000   -0.500    0.195   -0.885
    55.00   -1.000   -0.410    0.195   -1.470
    55.10   -1.000   -0.365    0.195   -1.900
    55.20   -1.000   -0.360    0.195   -2.130
    55.30   -1.000   -0.380    0.195   -2.155
    55.40   -1.000   -0.420    0.195   -2.065
    55.50   -1.000   -0.480    0.195   -1.870
    55.60   -1.000   -0.550    0.195   -1.580
    55.70   -1.000   -0.625    0.195   -1.250
    55.80   -1.000   -0.700    0.195   -0.890
    55.90   -1.000   -0.770    0.195   -0.525
    56.00   -1.000   -0.825    0.195   -0.185
    56.10   -1.000   -0.870    0.195    0.085
    56.20   -1.000   -0.905    0.195    0.300
    56.30   -1.000   -0.910    0.195    0.470
    56.40   -1.000   -0.915    0.195    0.495
    56.50   -1.000   -0.910    0.195    0.520
    56.60   -1.000   -0.915    0.195    0.500
    56.70   -1.000   -0.915    0.195    0.520
    56.80   -1.000   -0.915    0.195    0.525
    56.90   -1.000   -0.915    0.195    0.525
    57.00   -1.000   -0.915    0.195    0.520
    57.10   -1.000   -0.910    0.195    0.525
    57.20   -1.000   -0.915    0.195    0.500
    57.30   -1.000   -0.910    0.195    0.520
    57.40   -1.000   -0.915    0.195    0.500
    57.50   -1.000   -0.915    0.195    0.520
    57.60   -1.000   -0.910    0.195    0.525
    57.70   -1.000   -0.915    0.195    0.500
    57.80   -1.000   -0.915    0.195    0.520
    57.90   -1.000   -0.915    0.195    0.525
    58.00   -1.000   -0.910    0.195    0.520
    58.10   -1.000   -0.915    0.195    0.500
    58.20   -1.000   -0.915    0.195    0.520
    58.30   -1.000   -0.910    0.195    0.525
    58.40   -1.000   -0.915    0.195    0.500
    58.50   -1.000   -0.915    0.195    0.520
    58.60   -1.000   -0.910    0.195    0.525
    58.70   -1.000   -0.915    0.195    0.500
    58.80   -1.000   -0.915    0.195    0.520
    58.90   -1.000   -0.910    0.195    0.525
    59.00   -1.000   -0.915    0.195    0.500
    59.10   -1.000   -0.915    0.195    0.520
    59.20   -1.000   -0.915    0.195    0.525
    59.30   -1.000   -0.915    0.195    0.525
    59.40   -1.000   -0.915    0.195    0.525
    59.50   -1.000   -0.915    0.195    0.525
    59.60   -1.000   -0.915    0.195    0.525
    59.70   -1.000   -0.910    0.195    0.525
    59.80   -1.000   -0.915    0.195    0.500
    59.90   -1.000   -0.915    0.195    0.520
    60.00    1.000   -0.910    0.195    0.525
    60.10    1.000   -0.915    0.195    4.795
    60.20    1.000   -0.860    0.195    4.995
    60.30    1.000   -0.745    0.195    4.995
    60.40    1.000   -0.565    0.195    4.995
    60.50    1.000   -0.340    0.195    4.995
    60.60    1.000   -0.065    0.195    4.995
    60.70    1.000    0.250    0.195    4.995
    60.80    1.000    0.610    0.195    4.540
    60.90    1.000    1.000    0.195    2.855
    61.00    1.000    1.395    0.195    0.975
    61.10    1.000    1.770    0.195   -0.935
    61.20    1.000    2.095    0.195   -2.735
    61.30    1.000    2.345    0.195   -4.315
    61.40    1.000    2.505    0.195   -5.020
    61.50    1.000    2.575    0.195   -5.045
    61.60    1.000    2.560    0.195   -5.045
    61.70    1.000    2.475    0.190   -5.045
    61.80    1.000    2.335    0.190   -5.045
    61.90    1.000    2.145    0.190   -5.045
    62.00    1.000    1.895    0.190   -4.615
    62.10    1.000    1.615    0.190   -3.440
    62.20    1.000    1.310    0.190   -2.090
    62.30    1.000    1.010    0.190   -0.615
    62.40    1.000    0.725    0.190    0.820
    62.50    1.000    0.485    0.190    2.200
    62.60    1.000    0.305    0.190    3.365
    62.70    1.000    0.195    0.195    4.235
    62.80    1.000    0.165    0.195    4.805
    62.90    1.000    0.200    0.195    4.955
    63.00    1.000    0.300    0.195    4.795
    63.10    1.000    0.450    0.195    4.320
    63.20    1.000    0.645    0.195    3.600
    63.30    1.000    0.870    0.195    2.665
    63.40    1.000    1.100    0.195    1.585
    63.50    1.000    1.335    0.195    0.470
    63.60    1.000    1.550    0.195   -0.650
    63.70    1.000    1.725    0.195   -1.695
    63.80    1.000    1.860    0.195   -2.550
    63.90    1.000    1.935    0.195   -3.200
    64.00    1.000    1.950    0.195   -3.570
    64.10    1.000    1.915    0.195   -3.650
    64.20    1.000    1.845    0.195   -3.485
    64.30    1.000    1.735    0.195   -3.155
    64.40    1.000    1.595    0.190   -2.630
    64.50    1.000    1.440    0.190   -1.980
    64.60    1.000    1.280    0.190   -1.230
    64.70    1.000    1.120    0.195   -0.455
    64.80    1.000    0.980    0.190    0.340
    64.90    1.000    0.860    0.195    0.990
    65.00    1.000    0.770    0.190    1.590
    65.10    1.000    0.725    0.190    2.005
    65.20    1.000    0.715    0.195    2.235
    65.30    1.000    0.720    0.195    2.305
    65.40    1.000    0.765    0.195    2.280
    65.50    1.000    0.825    0.195    2.070
    65.60    1.000    0.900    0.195    1.785
    65.70    1.000    0.985    0.195    1.425
    65.80    1.000    1.075    0.195    1.015
    65.90    1.000    1.160    0.195    0.580
    66.00    1.000    1.235    0.195    0.165
    66.10    1.000    1.305    0.195   -0.190
    66.20    1.000    1.350    0.195   -0.530
    66.30    1.000    1.375    0.195   -0.755
    66.40    1.000    1.380    0.195   -0.875
    66.50    1.000    1.385    0.195   -0.900
    66.60    1.000    1.390    0.195   -0.925
    66.70    1.000    1.380    0.195   -0.950
    66.80    1.000    1.375    0.195   -0.905
    66.90    1.000    1.370    0.195   -0.880
    67.00    1.000    1.360    0.195   -0.855
    67.10    1.000    1.360    0.195   -0.810
    67.20    1.000    1.360    0.195   -0.805
    67.30    1.000    1.360    0.195   -0.805
    67.40    1.000    1.360    0.195   -0.805
    67.50    1.000    1.360    0.195   -0.805
    67.60    1.000    1.360    0.195   -0.805
    67.70    1.000    1.360    0.195   -0.805
    67.80    1.000    1.360    0.195   -0.805
    67.90    1.000    1.360    0.195   -0.805
    68.00    1.000    1.360    0.195   -0.805
    68.10    1.000    1.360    0.195   -0.805
    68.20    1.000    1.360    0.195   -0.805
    68.30    1.000    1.360    0.195   -0.805
    68.40    1.000    1.360    0.195   -0.805
    68.50    1.000    1.360    0.195   -0.805
    68.60    1.000    1.360    0.195   -0.805
    68.70    1.000    1.360    0.195   -0.805
    68.80    1.000    1.360    0.190   -0.805
    68.90    1.000    1.360    0.195   -0.830
    69.00    1.000    1.360    0.195   -0.805
    69.10    1.000    1.360    0.195   -0.805
    69.20    1.000    1.360    0.195   -0.805
    69.30    1.000    1.360    0.195   -0.805
    69.40    0.000    0.000    0.000    0.000

