Data export from TecQuipment CE2000

Data series 1

    Time Func. Gen. position  pos ref motor i/p 
     0.00    1.000    0.200    0.195   -0.010
     0.10    1.000    0.210    0.195    2.680
     0.20    1.000    0.240    0.195    3.040
     0.30    1.000    0.300    0.195    3.040
     0.40    1.000    0.390    0.195    3.040
     0.50    1.000    0.505    0.195    3.040
     0.60    1.000    0.645    0.195    3.040
     0.70    1.000    0.815    0.195    3.040
     0.80    1.000    1.005    0.195    3.040
     0.90    1.000    1.215    0.195    3.035
     1.00    1.000    1.445    0.195    3.040
     1.10    1.000    1.690    0.195    3.040
     1.20    1.000    1.960    0.195    3.040
     1.30    1.000    2.230    0.195   -2.455
     1.40    1.000    2.445    0.195   -3.085
     1.50    1.000    2.595    0.195   -3.085
     1.60    1.000    2.675    0.195   -3.085
     1.70    1.000    2.695    0.195   -3.085
     1.80    1.000    2.670    0.195   -3.085
     1.90    1.000    2.610    0.195   -3.085
     2.00    1.000    2.525    0.195   -3.085
     2.10    1.000    2.410    0.190   -3.085
     2.20    1.000    2.275    0.190   -3.085
     2.30    1.000    2.110    0.195   -3.085
     2.40    1.000    1.930    0.190   -3.085
     2.50    1.000    1.725    0.190   -3.085
     2.60    1.000    1.500    0.190   -2.595
     2.70    1.000    1.270    0.190   -1.535
     2.80    1.000    1.045    0.190   -0.420
     2.90    1.000    0.835    0.190    0.670
     3.00    1.000    0.665    0.190    1.680
     3.10    1.000    0.540    0.195    2.510
     3.20    1.000    0.475    0.195    3.020
     3.30    1.000    0.465    0.195    3.040
     3.40    1.000    0.500    0.195    3.040
     3.50    1.000    0.565    0.195    3.040
     3.60    1.000    0.665    0.195    3.030
     3.70    1.000    0.785    0.195    2.560
     3.80    1.000    0.930    0.195    1.980
     3.90    1.000    1.080    0.195    1.290
     4.00    1.000    1.230    0.195    0.565
     4.10    1.000    1.365    0.195   -0.160
     4.20    1.000    1.480    0.195   -0.815
     4.30    1.000    1.565    0.195   -1.370
     4.40    1.000    1.620    0.195   -1.785
     4.50    1.000    1.630    0.195   -2.055
     4.60    1.000    1.615    0.195   -2.110
     4.70    1.000    1.580    0.195   -2.040
     4.80    1.000    1.525    0.195   -1.870
     4.90    1.000    1.465    0.190   -1.605
     5.00    1.000    1.400    0.195   -1.340
     5.10    1.000    1.330    0.190   -1.005
     5.20    1.000    1.265    0.195   -0.690
     5.30    1.000    1.205    0.195   -0.355
     5.40    1.000    1.155    0.195   -0.065
     5.50    1.000    1.120    0.195    0.180
     5.60    1.000    1.100    0.195    0.350
     5.70    1.000    1.100    0.195    0.445
     5.80    1.000    1.095    0.195    0.450
     5.90    1.000    1.095    0.195    0.475
     6.00    1.000    1.100    0.195    0.475
     6.10    1.000    1.100    0.195    0.450
     6.20    1.000    1.100    0.195    0.450
     6.30    1.000    1.100    0.195    0.450
     6.40    1.000    1.095    0.195    0.450
     6.50    1.000    1.095    0.195    0.475
     6.60    1.000    1.100    0.195    0.475
     6.70    1.000    1.095    0.195    0.450
     6.80    1.000    1.100    0.195    0.475
     6.90    1.000    1.100    0.195    0.450
     7.00    1.000    1.100    0.195    0.450
     7.10    1.000    1.095    0.195    0.450
     7.20    1.000    1.100    0.195    0.475
     7.30    1.000    1.095    0.195    0.450
     7.40    1.000    1.100    0.195    0.475
     7.50    1.000    1.095    0.195    0.450
     7.60    1.000    1.095    0.195    0.475
     7.70    1.000    1.100    0.195    0.475
     7.80    1.000    1.100    0.195    0.450
     7.90    1.000    1.100    0.195    0.450
     8.00    1.000    1.100    0.195    0.450
     8.10    1.000    1.100    0.195    0.450
     8.20    1.000    1.095    0.195    0.450
     8.30    1.000    1.095    0.195    0.475
     8.40    1.000    1.100    0.195    0.475
     8.50    1.000    1.100    0.195    0.450
     8.60    1.000    1.095    0.195    0.450
     8.70    1.000    1.100    0.195    0.475
     8.80    1.000    1.095    0.195    0.450
     8.90    1.000    1.100    0.195    0.475
     9.00    1.000    1.095    0.195    0.450
     9.10    1.000    1.095    0.190    0.475
     9.20    1.000    1.100    0.195    0.450
     9.30    1.000    1.100    0.195    0.450
     9.40    1.000    1.095    0.195    0.450
     9.50    1.000    1.100    0.195    0.475
     9.60    1.000    1.100    0.195    0.450
     9.70    1.000    1.095    0.195    0.450
     9.80    1.000    1.095    0.195    0.475
     9.90    1.000    1.095    0.195    0.475
    10.00   -1.000    1.095    0.195    0.475
    10.10   -1.000    1.095    0.195   -2.930
    10.20   -1.000    1.060    0.195   -3.085
    10.30   -1.000    0.995    0.195   -3.085
    10.40   -1.000    0.905    0.190   -3.085
    10.50   -1.000    0.785    0.190   -3.085
    10.60   -1.000    0.640    0.190   -3.085
    10.70   -1.000    0.475    0.190   -3.085
    10.80   -1.000    0.290    0.190   -3.085
    10.90   -1.000    0.080    0.190   -3.085
    11.00   -1.000   -0.145    0.190   -3.085
    11.10   -1.000   -0.390    0.190   -3.085
    11.20   -1.000   -0.650    0.190   -2.065
    11.30   -1.000   -0.910    0.190   -0.810
    11.40   -1.000   -1.150    0.195    0.440
    11.50   -1.000   -1.355    0.195    1.625
    11.60   -1.000   -1.515    0.195    2.625
    11.70   -1.000   -1.610    0.195    3.025
    11.80   -1.000   -1.645    0.195    3.040
    11.90   -1.000   -1.630    0.195    3.040
    12.00   -1.000   -1.580    0.195    3.040
    12.10   -1.000   -1.505    0.195    3.040
    12.20   -1.000   -1.400    0.195    3.040
    12.30   -1.000   -1.265    0.195    2.865
    12.40   -1.000   -1.110    0.195    2.230
    12.50   -1.000   -0.945    0.195    1.485
    12.60   -1.000   -0.780    0.195    0.685
    12.70   -1.000   -0.625    0.195   -0.115
    12.80   -1.000   -0.490    0.195   -0.865
    12.90   -1.000   -0.385    0.195   -1.515
    13.00   -1.000   -0.325    0.195   -2.025
    13.10   -1.000   -0.305    0.195   -2.320
    13.20   -1.000   -0.320    0.195   -2.420
    13.30   -1.000   -0.360    0.195   -2.355
    13.40   -1.000   -0.415    0.195   -2.160
    13.50   -1.000   -0.490    0.195   -1.895
    13.60   -1.000   -0.575    0.190   -1.540
    13.70   -1.000   -0.660    0.195   -1.155
    13.80   -1.000   -0.740    0.195   -0.720
    13.90   -1.000   -0.815    0.195   -0.335
    14.00   -1.000   -0.875    0.195    0.030
    14.10   -1.000   -0.920    0.195    0.320
    14.20   -1.000   -0.950    0.195    0.540
    14.30   -1.000   -0.955    0.195    0.685
    14.40   -1.000   -0.955    0.195    0.715
    14.50   -1.000   -0.955    0.195    0.715
    14.60   -1.000   -0.955    0.195    0.715
    14.70   -1.000   -0.955    0.195    0.715
    14.80   -1.000   -0.955    0.195    0.715
    14.90   -1.000   -0.955    0.195    0.715
    15.00   -1.000   -0.955    0.195    0.715
    15.10   -1.000   -0.955    0.195    0.715
    15.20   -1.000   -0.955    0.195    0.715
    15.30   -1.000   -0.955    0.195    0.715
    15.40   -1.000   -0.955    0.195    0.715
    15.50   -1.000   -0.955    0.195    0.715
    15.60   -1.000   -0.955    0.195    0.715
    15.70   -1.000   -0.955    0.195    0.715
    15.80   -1.000   -0.955    0.195    0.715
    15.90   -1.000   -0.955    0.195    0.715
    16.00   -1.000   -0.955    0.195    0.715
    16.10   -1.000   -0.955    0.195    0.715
    16.20   -1.000   -0.955    0.195    0.715
    16.30   -1.000   -0.955    0.195    0.715
    16.40   -1.000   -0.955    0.195    0.715
    16.50   -1.000   -0.955    0.195    0.715
    16.60   -1.000   -0.955    0.195    0.715
    16.70   -1.000   -0.955    0.195    0.715
    16.80   -1.000   -0.955    0.195    0.715
    16.90   -1.000   -0.955    0.195    0.715
    17.00   -1.000   -0.955    0.195    0.715
    17.10   -1.000   -0.955    0.195    0.715
    17.20   -1.000   -0.955    0.195    0.715
    17.30   -1.000   -0.955    0.195    0.715
    17.40   -1.000   -0.955    0.195    0.715
    17.50   -1.000   -0.955    0.195    0.715
    17.60   -1.000   -0.955    0.195    0.715
    17.70   -1.000   -0.955    0.195    0.715
    17.80   -1.000   -0.955    0.195    0.715
    17.90   -1.000   -0.955    0.195    0.715
    18.00   -1.000   -0.955    0.195    0.715
    18.10   -1.000   -0.955    0.195    0.715
    18.20   -1.000   -0.955    0.195    0.715
    18.30   -1.000   -0.955    0.195    0.715
    18.40   -1.000   -0.955    0.195    0.715
    18.50   -1.000   -0.955    0.195    0.715
    18.60   -1.000   -0.955    0.195    0.715
    18.70   -1.000   -0.955    0.195    0.715
    18.80   -1.000   -0.955    0.195    0.715
    18.90   -1.000   -0.955    0.195    0.715
    19.00   -1.000   -0.955    0.195    0.720
    19.10   -1.000   -0.955    0.195    0.715
    19.20   -1.000   -0.955    0.195    0.715
    19.30   -1.000   -0.955    0.195    0.715
    19.40   -1.000   -0.955    0.195    0.715
    19.50   -1.000   -0.955    0.195    0.715
    19.60   -1.000   -0.955    0.195    0.715
    19.70   -1.000   -0.955    0.195    0.715
    19.80   -1.000   -0.955    0.195    0.715
    19.90   -1.000   -0.955    0.195    0.715
    20.00    1.000   -0.955    0.195    0.715
    20.10    1.000   -0.955    0.195    2.945
    20.20    1.000   -0.940    0.195    3.040
    20.30    1.000   -0.880    0.195    3.040
    20.40    1.000   -0.795    0.195    3.040
    20.50    1.000   -0.680    0.195    3.040
    20.60    1.000   -0.540    0.195    3.040
    20.70    1.000   -0.375    0.195    3.040
    20.80    1.000   -0.185    0.195    3.040
    20.90    1.000    0.020    0.195    3.040
    21.00    1.000    0.250    0.195    3.040
    21.10    1.000    0.495    0.195    3.040
    21.20    1.000    0.760    0.195    3.040
    21.30    1.000    1.045    0.195    2.105
    21.40    1.000    1.325    0.195    0.745
    21.50    1.000    1.585    0.195   -0.600
    21.60    1.000    1.810    0.195   -1.860
    21.70    1.000    1.985    0.195   -2.955
    21.80    1.000    2.095    0.195   -3.080
    21.90    1.000    2.140    0.195   -3.085
    22.00    1.000    2.150    0.195   -3.085
    22.10    1.000    2.115    0.195   -3.085
    22.20    1.000    2.045    0.195   -3.085
    22.30    1.000    1.940    0.195   -3.085
    22.40    1.000    1.810    0.195   -3.085
    22.50    1.000    1.660    0.195   -2.975
    22.60    1.000    1.485    0.190   -2.270
    22.70    1.000    1.300    0.190   -1.445
    22.80    1.000    1.115    0.190   -0.560
    22.90    1.000    0.950    0.190    0.330
    23.00    1.000    0.805    0.190    1.135
    23.10    1.000    0.700    0.190    1.830
    23.20    1.000    0.635    0.195    2.345
    23.30    1.000    0.625    0.195    2.690
    23.40    1.000    0.650    0.195    2.740
    23.50    1.000    0.705    0.195    2.625
    23.60    1.000    0.785    0.195    2.365
    23.70    1.000    0.885    0.195    1.975
    23.80    1.000    0.990    0.195    1.495
    23.90    1.000    1.100    0.195    0.990
    24.00    1.000    1.210    0.195    0.465
    24.10    1.000    1.305    0.195   -0.070
    24.20    1.000    1.385    0.195   -0.530
    24.30    1.000    1.440    0.195   -0.915
    24.40    1.000    1.465    0.195   -1.185
    24.50    1.000    1.470    0.195   -1.305
    24.60    1.000    1.455    0.195   -1.330
    24.70    1.000    1.440    0.195   -1.265
    24.80    1.000    1.415    0.195   -1.190
    24.90    1.000    1.390    0.195   -1.075
    25.00    1.000    1.360    0.195   -0.955
    25.10    1.000    1.330    0.195   -0.810
    25.20    1.000    1.305    0.195   -0.665
    25.30    1.000    1.280    0.195   -0.540
    25.40    1.000    1.260    0.195   -0.425
    25.50    1.000    1.250    0.195   -0.325
    25.60    1.000    1.240    0.195   -0.275
    25.70    1.000    1.240    0.195   -0.230
    25.80    1.000    1.240    0.195   -0.225
    25.90    1.000    1.240    0.195   -0.225
    26.00    1.000    1.240    0.195   -0.225
    26.10    1.000    1.240    0.195   -0.225
    26.20    1.000    1.240    0.195   -0.225
    26.30    1.000    1.240    0.195   -0.225
    26.40    1.000    1.240    0.195   -0.225
    26.50    1.000    1.240    0.195   -0.225
    26.60    1.000    1.240    0.195   -0.225
    26.70    1.000    1.240    0.195   -0.225
    26.80    1.000    1.240    0.195   -0.225
    26.90    1.000    1.240    0.195   -0.225
    27.00    1.000    1.240    0.195   -0.225
    27.10    1.000    1.240    0.195   -0.225
    27.20    1.000    1.240    0.195   -0.225
    27.30    1.000    1.240    0.195   -0.225
    27.40    1.000    1.240    0.195   -0.225
    27.50    1.000    1.240    0.195   -0.225
    27.60    1.000    1.240    0.195   -0.225
    27.70    1.000    1.240    0.195   -0.225
    27.80    1.000    1.240    0.195   -0.225
    27.90    1.000    1.240    0.195   -0.225
    28.00    1.000    1.240    0.195   -0.225
    28.10    1.000    1.240    0.195   -0.225
    28.20    1.000    1.240    0.195   -0.225
    28.30    1.000    1.240    0.195   -0.225
    28.40    1.000    1.240    0.195   -0.225
    28.50    1.000    1.240    0.195   -0.225
    28.60    1.000    1.240    0.195   -0.225
    28.70    1.000    1.240    0.195   -0.225
    28.80    1.000    1.240    0.195   -0.225
    28.90    1.000    1.240    0.195   -0.225
    29.00    1.000    1.240    0.195   -0.225
    29.10    1.000    1.240    0.195   -0.225
    29.20    1.000    1.240    0.195   -0.225
    29.30    1.000    1.240    0.195   -0.225
    29.40    1.000    1.240    0.195   -0.225
    29.50    1.000    1.240    0.195   -0.225
    29.60    1.000    1.240    0.195   -0.225
    29.70    1.000    1.240    0.195   -0.225
    29.80    1.000    1.240    0.195   -0.225
    29.90    1.000    1.240    0.195   -0.225
    30.00   -1.000    1.240    0.195   -0.225
    30.10   -1.000    1.235    0.195   -2.955
    30.20   -1.000    1.200    0.195   -3.085
    30.30   -1.000    1.130    0.195   -3.085
    30.40   -1.000    1.030    0.190   -3.085
    30.50   -1.000    0.905    0.190   -3.085
    30.60   -1.000    0.755    0.190   -3.085
    30.70   -1.000    0.580    0.195   -3.085
    30.80   -1.000    0.380    0.190   -3.085
    30.90   -1.000    0.165    0.190   -3.085
    31.00   -1.000   -0.070    0.190   -3.085
    31.10   -1.000   -0.325    0.190   -3.085
    31.20   -1.000   -0.595    0.190   -2.355
    31.30   -1.000   -0.870    0.195   -1.080
    31.40   -1.000   -1.130    0.190    0.270
    31.50   -1.000   -1.360    0.195    1.505
    31.60   -1.000   -1.540    0.195    2.645
    31.70   -1.000   -1.660    0.195    3.025
    31.80   -1.000   -1.720    0.195    3.040
    31.90   -1.000   -1.720    0.195    3.040
    32.00   -1.000   -1.680    0.195    3.040
    32.10   -1.000   -1.615    0.195    3.040
    32.20   -1.000   -1.520    0.195    3.040
    32.30   -1.000   -1.400    0.195    3.040
    32.40   -1.000   -1.250    0.195    2.865
    32.50   -1.000   -1.080    0.195    2.155
    32.60   -1.000   -0.905    0.195    1.340
    32.70   -1.000   -0.735    0.195    0.495
    32.80   -1.000   -0.575    0.195   -0.325
    32.90   -1.000   -0.435    0.195   -1.100
    33.00   -1.000   -0.340    0.195   -1.780
    33.10   -1.000   -0.285    0.195   -2.245
    33.20   -1.000   -0.265    0.195   -2.515
    33.30   -1.000   -0.275    0.195   -2.615
    33.40   -1.000   -0.325    0.195   -2.575
    33.50   -1.000   -0.395    0.195   -2.335
    33.60   -1.000   -0.485    0.195   -1.995
    33.70   -1.000   -0.585    0.190   -1.560
    33.80   -1.000   -0.685    0.195   -1.105
    33.90   -1.000   -0.780    0.195   -0.595
    34.00   -1.000   -0.870    0.195   -0.140
    34.10   -1.000   -0.945    0.195    0.295
    34.20   -1.000   -0.995    0.195    0.660
    34.30   -1.000   -1.025    0.195    0.905
    34.40   -1.000   -1.040    0.195    1.050
    34.50   -1.000   -1.040    0.195    1.125
    34.60   -1.000   -1.030    0.195    1.125
    34.70   -1.000   -1.015    0.195    1.080
    34.80   -1.000   -1.000    0.195    1.010
    34.90   -1.000   -0.980    0.195    0.935
    35.00   -1.000   -0.965    0.195    0.840
    35.10   -1.000   -0.950    0.195    0.770
    35.20   -1.000   -0.935    0.195    0.695
    35.30   -1.000   -0.930    0.195    0.625
    35.40   -1.000   -0.925    0.195    0.595
    35.50   -1.000   -0.925    0.195    0.575
    35.60   -1.000   -0.925    0.195    0.570
    35.70   -1.000   -0.925    0.195    0.570
    35.80   -1.000   -0.925    0.195    0.570
    35.90   -1.000   -0.925    0.195    0.570
    36.00   -1.000   -0.925    0.195    0.570
    36.10   -1.000   -0.925    0.195    0.570
    36.20   -1.000   -0.925    0.195    0.570
    36.30   -1.000   -0.925    0.195    0.570
    36.40   -1.000   -0.925    0.195    0.570
    36.50   -1.000   -0.925    0.195    0.570
    36.60   -1.000   -0.925    0.195    0.570
    36.70   -1.000   -0.925    0.195    0.570
    36.80   -1.000   -0.925    0.195    0.570
    36.90   -1.000   -0.925    0.195    0.570
    37.00   -1.000   -0.925    0.195    0.570
    37.10   -1.000   -0.925    0.195    0.570
    37.20   -1.000   -0.925    0.195    0.570
    37.30   -1.000   -0.925    0.195    0.570
    37.40   -1.000   -0.925    0.195    0.570
    37.50   -1.000   -0.925    0.195    0.570
    37.60   -1.000   -0.925    0.195    0.570
    37.70   -1.000   -0.925    0.195    0.570
    37.80   -1.000   -0.925    0.195    0.570
    37.90   -1.000   -0.925    0.195    0.570
    38.00   -1.000   -0.925    0.195    0.570
    38.10   -1.000   -0.925    0.195    0.570
    38.20   -1.000   -0.925    0.195    0.570
    38.30   -1.000   -0.925    0.195    0.570
    38.40   -1.000   -0.925    0.195    0.570
    38.50   -1.000   -0.925    0.195    0.570
    38.60   -1.000   -0.925    0.195    0.570
    38.70   -1.000   -0.925    0.195    0.570
    38.80   -1.000   -0.925    0.195    0.570
    38.90   -1.000   -0.925    0.195    0.570
    39.00   -1.000   -0.925    0.195    0.570
    39.10   -1.000   -0.925    0.195    0.570
    39.20   -1.000   -0.925    0.195    0.570
    39.30   -1.000   -0.925    0.195    0.570
    39.40   -1.000   -0.925    0.195    0.570
    39.50   -1.000   -0.925    0.195    0.570
    39.60   -1.000   -0.925    0.195    0.570
    39.70   -1.000   -0.925    0.195    0.570
    39.80   -1.000   -0.925    0.195    0.570
    39.90   -1.000   -0.925    0.195    0.570
    40.00    1.000   -0.925    0.195    0.570
    40.10    1.000   -0.920    0.195    2.935
    40.20    1.000   -0.890    0.195    3.040
    40.30    1.000   -0.825    0.195    3.040
    40.40    1.000   -0.735    0.195    3.040
    40.50    1.000   -0.610    0.195    3.040
    40.60    1.000   -0.465    0.195    3.040
    40.70    1.000   -0.290    0.195    3.040
    40.80    1.000   -0.100    0.195    3.040
    40.90    1.000    0.115    0.195    3.040
    41.00    1.000    0.345    0.195    3.040
    41.10    1.000    0.600    0.195    3.040
    41.20    1.000    0.870    0.195    2.850
    41.30    1.000    1.150    0.195    1.590
    41.40    1.000    1.425    0.195    0.235
    41.50    1.000    1.675    0.195   -1.090
    41.60    1.000    1.880    0.195   -2.305
    41.70    1.000    2.030    0.195   -3.050
    41.80    1.000    2.115    0.195   -3.085
    41.90    1.000    2.145    0.195   -3.085
    42.00    1.000    2.140    0.195   -3.085
    42.10    1.000    2.085    0.195   -3.085
    42.20    1.000    2.000    0.195   -3.085
    42.30    1.000    1.890    0.190   -3.085
    42.40    1.000    1.745    0.195   -3.085
    42.50    1.000    1.585    0.190   -2.670
    42.60    1.000    1.405    0.190   -1.930
    42.70    1.000    1.220    0.190   -1.065
    42.80    1.000    1.045    0.190   -0.170
    42.90    1.000    0.885    0.190    0.670
    43.00    1.000    0.760    0.190    1.445
    43.10    1.000    0.675    0.195    2.050
    43.20    1.000    0.630    0.195    2.490
    43.30    1.000    0.635    0.195    2.710
    43.40    1.000    0.675    0.195    2.695
    43.50    1.000    0.740    0.195    2.505
    43.60    1.000    0.825    0.195    2.195
    43.70    1.000    0.930    0.195    1.785
    43.80    1.000    1.040    0.195    1.280
    43.90    1.000    1.150    0.195    0.750
    44.00    1.000    1.255    0.195    0.220
    44.10    1.000    1.340    0.195   -0.285
    44.20    1.000    1.405    0.195   -0.700
    44.30    1.000    1.450    0.195   -1.015
    44.40    1.000    1.465    0.195   -1.235
    44.50    1.000    1.460    0.195   -1.310
    44.60    1.000    1.445    0.195   -1.285
    44.70    1.000    1.425    0.195   -1.215
    44.80    1.000    1.400    0.195   -1.120
    44.90    1.000    1.375    0.195   -1.000
    45.00    1.000    1.345    0.195   -0.885
    45.10    1.000    1.320    0.195   -0.740
    45.20    1.000    1.295    0.195   -0.615
    45.30    1.000    1.275    0.195   -0.495
    45.40    1.000    1.255    0.195   -0.395
    45.50    1.000    1.245    0.195   -0.300
    45.60    1.000    1.240    0.195   -0.250
    45.70    1.000    1.240    0.195   -0.225
    45.80    1.000    1.240    0.195   -0.225
    45.90    1.000    1.240    0.195   -0.225
    46.00    1.000    1.240    0.195   -0.225
    46.10    1.000    1.240    0.195   -0.225
    46.20    1.000    1.240    0.195   -0.225
    46.30    1.000    1.240    0.195   -0.225
    46.40    1.000    1.240    0.195   -0.225
    46.50    1.000    1.240    0.195   -0.225
    46.60    1.000    1.240    0.195   -0.225
    46.70    1.000    1.240    0.195   -0.225
    46.80    1.000    1.240    0.195   -0.225
    46.90    1.000    1.240    0.195   -0.225
    47.00    1.000    1.240    0.195   -0.225
    47.10    1.000    1.240    0.195   -0.225
    47.20    1.000    1.240    0.195   -0.225
    47.30    1.000    1.240    0.195   -0.225
    47.40    1.000    1.240    0.195   -0.225
    47.50    1.000    1.240    0.195   -0.225
    47.60    1.000    1.240    0.195   -0.225
    47.70    1.000    1.240    0.195   -0.225
    47.80    1.000    1.240    0.195   -0.225
    47.90    1.000    1.240    0.195   -0.225
    48.00    1.000    1.240    0.195   -0.225
    48.10    1.000    1.240    0.195   -0.225
    48.20    1.000    1.240    0.195   -0.225
    48.30    1.000    1.240    0.195   -0.225
    48.40    1.000    1.240    0.195   -0.225
    48.50    1.000    1.240    0.195   -0.225
    48.60    1.000    1.240    0.195   -0.225
    48.70    1.000    1.240    0.195   -0.225
    48.80    1.000    1.240    0.195   -0.225
    48.90    1.000    1.240    0.195   -0.225
    49.00    1.000    1.240    0.195   -0.225
    49.10    1.000    1.240    0.195   -0.225
    49.20    1.000    1.240    0.195   -0.225
    49.30    1.000    1.240    0.195   -0.225
    49.40    1.000    1.240    0.195   -0.225
    49.50    1.000    1.240    0.195   -0.225
    49.60    1.000    1.240    0.195   -0.225
    49.70    1.000    1.240    0.195   -0.225
    49.80    1.000    1.240    0.195   -0.225
    49.90    1.000    1.240    0.195   -0.225
    50.00   -1.000    1.240    0.195   -0.225
    50.10   -1.000    1.235    0.195   -2.980
    50.20   -1.000    1.200    0.195   -3.085
    50.30   -1.000    1.130    0.195   -3.085
    50.40   -1.000    1.030    0.195   -3.085
    50.50   -1.000    0.905    0.195   -3.085
    50.60   -1.000    0.755    0.190   -3.085
    50.70   -1.000    0.580    0.190   -3.085
    50.80   -1.000    0.385    0.190   -3.085
    50.90   -1.000    0.165    0.190   -3.085
    51.00   -1.000   -0.070    0.190   -3.085
    51.10   -1.000   -0.320    0.190   -3.085
    51.20   -1.000   -0.595    0.190   -2.380
    51.30   -1.000   -0.865    0.190   -1.070
    51.40   -1.000   -1.125    0.190    0.220
    51.50   -1.000   -1.355    0.190    1.480
    51.60   -1.000   -1.535    0.195    2.595
    51.70   -1.000   -1.660    0.195    3.020
    51.80   -1.000   -1.715    0.195    3.040
    51.90   -1.000   -1.715    0.195    3.040
    52.00   -1.000   -1.675    0.195    3.040
    52.10   -1.000   -1.605    0.195    3.040
    52.20   -1.000   -1.510    0.195    3.040
    52.30   -1.000   -1.385    0.195    3.040
    52.40   -1.000   -1.235    0.195    2.795
    52.50   -1.000   -1.070    0.195    2.080
    52.60   -1.000   -0.890    0.195    1.295
    52.70   -1.000   -0.720    0.195    0.425
    52.80   -1.000   -0.565    0.195   -0.400
    52.90   -1.000   -0.430    0.195   -1.150
    53.00   -1.000   -0.335    0.195   -1.800
    53.10   -1.000   -0.285    0.195   -2.275
    53.20   -1.000   -0.280    0.195   -2.515
    53.30   -1.000   -0.305    0.195   -2.545
    53.40   -1.000   -0.355    0.195   -2.425
    53.50   -1.000   -0.425    0.195   -2.190
    53.60   -1.000   -0.510    0.195   -1.850
    53.70   -1.000   -0.605    0.195   -1.440
    53.80   -1.000   -0.700    0.195   -0.985
    53.90   -1.000   -0.790    0.195   -0.525
    54.00   -1.000   -0.865    0.195   -0.090
    54.10   -1.000   -0.930    0.195    0.270
    54.20   -1.000   -0.980    0.195    0.590
    54.30   -1.000   -1.000    0.195    0.835
    54.40   -1.000   -1.000    0.195    0.930
    54.50   -1.000   -0.995    0.195    0.935
    54.60   -1.000   -0.990    0.195    0.910
    54.70   -1.000   -0.980    0.195    0.885
    54.80   -1.000   -0.975    0.195    0.840
    54.90   -1.000   -0.970    0.195    0.815
    55.00   -1.000   -0.965    0.195    0.790
    55.10   -1.000   -0.965    0.195    0.765
    55.20   -1.000   -0.965    0.195    0.765
    55.30   -1.000   -0.965    0.195    0.765
    55.40   -1.000   -0.965    0.195    0.765
    55.50   -1.000   -0.965    0.195    0.765
    55.60   -1.000   -0.965    0.195    0.765
    55.70   -1.000   -0.965    0.195    0.765
    55.80   -1.000   -0.965    0.195    0.765
    55.90   -1.000   -0.965    0.195    0.765
    56.00   -1.000   -0.965    0.195    0.765
    56.10   -1.000   -0.965    0.195    0.765
    56.20   -1.000   -0.965    0.195    0.765
    56.30   -1.000   -0.965    0.195    0.765
    56.40   -1.000   -0.965    0.195    0.765
    56.50   -1.000   -0.965    0.195    0.765
    56.60   -1.000   -0.965    0.195    0.765
    56.70   -1.000   -0.965    0.195    0.765
    56.80   -1.000   -0.965    0.195    0.765
    56.90   -1.000   -0.965    0.195    0.765
    57.00   -1.000   -0.965    0.195    0.765
    57.10   -1.000   -0.965    0.195    0.765
    57.20   -1.000   -0.965    0.195    0.765
    57.30   -1.000   -0.965    0.195    0.765
    57.40   -1.000   -0.965    0.195    0.765
    57.50   -1.000   -0.965    0.195    0.765
    57.60   -1.000   -0.965    0.195    0.765
    57.70   -1.000   -0.965    0.195    0.765
    57.80   -1.000   -0.965    0.195    0.765
    57.90   -1.000   -0.965    0.195    0.765
    58.00   -1.000   -0.965    0.195    0.765
    58.10   -1.000   -0.965    0.195    0.765
    58.20   -1.000   -0.965    0.195    0.765
    58.30   -1.000   -0.965    0.195    0.765
    58.40   -1.000   -0.965    0.195    0.765
    58.50   -1.000   -0.965    0.195    0.765
    58.60   -1.000   -0.965    0.195    0.765
    58.70   -1.000   -0.965    0.195    0.765
    58.80   -1.000   -0.965    0.195    0.765
    58.90   -1.000   -0.965    0.195    0.765
    59.00   -1.000   -0.965    0.195    0.765
    59.10   -1.000   -0.965    0.195    0.765
    59.20   -1.000   -0.965    0.195    0.765
    59.30   -1.000   -0.965    0.195    0.765
    59.40   -1.000   -0.965    0.195    0.765
    59.50   -1.000   -0.965    0.195    0.765
    59.60   -1.000   -0.965    0.195    0.765
    59.70   -1.000   -0.965    0.195    0.765
    59.80   -1.000   -0.965    0.195    0.765
    59.90   -1.000   -0.965    0.195    0.765
    60.00    1.000   -0.965    0.195    0.765
    60.10    1.000   -0.955    0.195    2.940
    60.20    1.000   -0.925    0.195    3.040
    60.30    1.000   -0.865    0.195    3.040
    60.40    1.000   -0.780    0.195    3.040
    60.50    1.000   -0.660    0.195    3.040
    60.60    1.000   -0.515    0.195    3.040
    60.70    1.000   -0.350    0.195    3.040
    60.80    1.000   -0.160    0.195    3.040
    60.90    1.000    0.050    0.195    3.040
    61.00    1.000    0.280    0.195    3.040
    61.10    1.000    0.530    0.195    3.040
    61.20    1.000    0.800    0.195    3.040
    61.30    1.000    1.080    0.195    1.925
    61.40    1.000    1.360    0.195    0.580
    61.50    1.000    1.620    0.195   -0.775
    61.60    1.000    1.840    0.195   -2.035
    61.70    1.000    2.005    0.195   -3.050
    61.80    1.000    2.105    0.195   -3.085
    61.90    1.000    2.145    0.195   -3.085
    62.00    1.000    2.145    0.195   -3.085
    62.10    1.000    2.105    0.190   -3.085
    62.20    1.000    2.025    0.195   -3.085
    62.30    1.000    1.920    0.190   -3.085
    62.40    1.000    1.785    0.190   -3.085
    62.50    1.000    1.625    0.190   -2.885
    62.60    1.000    1.445    0.190   -2.125
    62.70    1.000    1.260    0.190   -1.255
    62.80    1.000    1.080    0.190   -0.365
    62.90    1.000    0.915    0.190    0.505
    63.00    1.000    0.780    0.195    1.300
    63.10    1.000    0.685    0.190    1.975
    63.20    1.000    0.630    0.195    2.415
    63.30    1.000    0.630    0.195    2.715
    63.40    1.000    0.655    0.195    2.720
    63.50    1.000    0.715    0.195    2.600
    63.60    1.000    0.795    0.195    2.315
    63.70    1.000    0.895    0.195    1.930
    63.80    1.000    1.005    0.195    1.450
    63.90    1.000    1.115    0.195    0.920
    64.00    1.000    1.220    0.195    0.385
    64.10    1.000    1.310    0.195   -0.120
    64.20    1.000    1.385    0.195   -0.550
    64.30    1.000    1.435    0.195   -0.915
    64.40    1.000    1.460    0.195   -1.160
    64.50    1.000    1.460    0.195   -1.280
    64.60    1.000    1.465    0.195   -1.285
    64.70    1.000    1.450    0.195   -1.310
    64.80    1.000    1.430    0.195   -1.240
    64.90    1.000    1.400    0.195   -1.145
    65.00    1.000    1.375    0.195   -1.005
    65.10    1.000    1.340    0.195   -0.885
    65.20    1.000    1.310    0.190   -0.710
    65.30    1.000    1.280    0.195   -0.585
    65.40    1.000    1.250    0.195   -0.425
    65.50    1.000    1.230    0.195   -0.280
    65.60    1.000    1.220    0.195   -0.180
    65.70    1.000    1.220    0.195   -0.130
    65.80    1.000    1.215    0.195   -0.130
    65.90    1.000    1.220    0.195   -0.105
    66.00    1.000    1.220    0.195   -0.130
    66.10    1.000    1.220    0.195   -0.130
    66.20    1.000    1.220    0.195   -0.130
    66.30    1.000    1.215    0.195   -0.130
    66.40    1.000    1.220    0.195   -0.105
    66.50    1.000    1.220    0.195   -0.130
    66.60    1.000    1.220    0.195   -0.130
    66.70    1.000    1.215    0.195   -0.130
    66.80    1.000    1.220    0.195   -0.105
    66.90    1.000    1.215    0.195   -0.130
    67.00    1.000    1.220    0.195   -0.105
    67.10    1.000    1.220    0.195   -0.130
    67.20    1.000    1.220    0.195   -0.130
    67.30    1.000    1.220    0.195   -0.130
    67.40    1.000    1.215    0.195   -0.130
    67.50    1.000    1.220    0.195   -0.105
    67.60    1.000    1.220    0.195   -0.110
    67.70    1.000    1.220    0.195   -0.130
    67.80    1.000    1.220    0.195   -0.130
    67.90    0.000    0.000    0.000    0.000

