Data export from TecQuipment CE2000

Data series 1

    Time Func. Gen.    h o/p  pos ref motor i/p 
     0.00    1.000    0.370    0.100    0.005
     0.10    1.000    0.370    0.100    3.430
     0.20    1.000    0.370    0.100    3.610
     0.30    1.000    0.370    0.100    3.610
     0.40    1.000    0.370    0.100    3.610
     0.50    1.000    0.370    0.100    3.610
     0.60    1.000    0.420    0.100    3.610
     0.70    1.000    0.600    0.100    3.610
     0.80    1.000    0.805    0.100    3.610
     0.90    1.000    1.035    0.100    3.610
     1.00    1.000    1.290    0.100    3.610
     1.10    1.000    1.560    0.100    1.380
     1.20    1.000    1.825    0.100   -2.260
     1.30    1.000    2.040    0.100   -3.550
     1.40    1.000    2.185    0.100   -4.610
     1.50    1.000    2.260    0.100   -5.345
     1.60    1.000    2.280    0.100   -5.725
     1.70    1.000    2.280    0.100   -5.825
     1.80    1.000    2.280    0.095   -5.800
     1.90    1.000    2.280    0.095   -5.820
     2.00    1.000    2.280    0.095   -5.815
     2.10    1.000    2.190    0.095   -5.810
     2.20    1.000    1.855    0.095   -5.385
     2.30    1.000    1.470    0.095   -3.785
     2.40    1.000    1.065    0.095   -1.890
     2.50    1.000    0.675    0.095    0.110
     2.60    1.000    0.315    0.095    2.040
     2.70    1.000    0.010    0.095    3.805
     2.80    1.000   -0.220    0.095    5.315
     2.90    1.000   -0.355    0.100    6.455
     3.00    1.000   -0.405    0.100    7.155
     3.10    1.000   -0.410    0.100    7.415
     3.20    1.000   -0.410    0.100    7.435
     3.30    1.000   -0.410    0.100    7.430
     3.40    1.000   -0.410    0.100    7.430
     3.50    1.000   -0.215    0.100    7.395
     3.60    1.000    0.220    0.100    6.490
     3.70    1.000    0.705    0.105    4.395
     3.80    1.000    1.205    0.105    2.030
     3.90    1.000    1.700    0.100   -0.415
     4.00    1.000    2.145    0.100   -2.895
     4.10    1.000    2.525    0.100   -5.115
     4.20    1.000    2.800    0.100   -6.990
     4.30    1.000    2.965    0.100   -8.355
     4.40    1.000    3.015    0.100   -9.180
     4.50    1.000    3.020    0.100   -9.440
     4.60    1.000    3.020    0.095   -9.445
     4.70    1.000    3.015    0.095   -9.455
     4.80    1.000    2.965    0.095   -9.455
     4.90    1.000    2.560    0.095   -9.180
     5.00    1.000    2.030    0.095   -7.245
     5.10    1.000    1.445    0.095   -4.685
     5.20    1.000    0.845    0.095   -1.800
     5.30    1.000    0.265    0.095    1.190
     5.40    1.000   -0.260    0.095    4.055
     5.50    1.000   -0.695    0.095    6.645
     5.60    1.000   -1.005    0.095    8.775
     5.70    1.000   -1.180    0.100    9.805
     5.80    1.000   -1.245    0.100    9.850
     5.90    1.000   -1.250    0.100    9.850
     6.00    1.000   -1.250    0.100    9.850
     6.10    1.000   -1.250    0.100    9.850
     6.20    1.000   -1.235    0.100    9.850
     6.30    1.000   -0.920    0.105    9.850
     6.40    1.000   -0.420    0.105    9.850
     6.50    1.000    0.155    0.105    7.555
     6.60    1.000    0.785    0.105    4.740
     6.70    1.000    1.425    0.105    1.660
     6.80    1.000    2.045    0.105   -1.500
     6.90    1.000    2.600    0.105   -4.570
     7.00    1.000    3.055    0.105   -7.295
     7.10    1.000    3.380    0.100   -9.565
     7.20    1.000    3.570    0.100   -9.840
     7.30    1.000    3.635    0.100   -9.850
     7.40    1.000    3.640    0.100   -9.850
     7.50    1.000    3.640    0.100   -9.850
     7.60    1.000    3.640    0.095   -9.850
     7.70    1.000    3.610    0.095   -9.850
     7.80    1.000    3.250    0.095   -9.850
     7.90    1.000    2.720    0.095   -9.850
     8.00    1.000    2.120    0.095   -8.020
     8.10    1.000    1.460    0.095   -5.110
     8.20    1.000    0.780    0.095   -1.885
     8.30    1.000    0.130    0.095    1.470
     8.40    1.000   -0.460    0.095    4.710
     8.50    1.000   -0.945    0.095    7.620
     8.60    1.000   -1.300    0.095    9.765
     8.70    1.000   -1.520    0.100    9.850
     8.80    1.000   -1.610    0.100    9.850
     8.90    1.000   -1.635    0.100    9.850
     9.00    1.000   -1.635    0.100    9.850
     9.10    1.000   -1.630    0.100    9.850
     9.20    1.000   -1.630    0.105    9.850
     9.30    1.000   -1.435    0.105    9.850
     9.40    1.000   -0.955    0.105    9.850
     9.50    1.000   -0.405    0.105    9.850
     9.60    1.000    0.220    0.105    7.480
     9.70    1.000    0.890    0.105    4.450
     9.80    1.000    1.570    0.105    1.145
     9.90    1.000    2.215    0.105   -2.220
    10.00    1.000    2.790    0.105   -5.395
    10.10    1.000    3.250    0.100   -8.240
    10.20    1.000    3.575    0.100   -9.785
    10.30    1.000    3.765    0.100   -9.850
    10.40    1.000    3.830    0.100   -9.850
    10.50    1.000    3.840    0.100   -9.850
    10.60    1.000    3.835    0.100   -9.850
    10.70    1.000    3.835    0.095   -9.850
    10.80    1.000    3.810    0.095   -9.850
    10.90    1.000    3.455    0.095   -9.850
    11.00    1.000    2.930    0.095   -9.850
    11.10    1.000    2.330    0.095   -9.010
    11.20    1.000    1.660    0.095   -6.165
    11.30    1.000    0.960    0.095   -2.880
    11.40    1.000    0.270    0.095    0.605
    11.50    1.000   -0.365    0.095    3.990
    11.60    1.000   -0.900    0.095    7.125
    11.70    1.000   -1.305    0.095    9.750
    11.80    1.000   -1.575    0.100    9.850
    11.90    1.000   -1.715    0.100    9.850
    12.00    1.000   -1.750    0.100    9.850
    12.10    1.000   -1.750    0.100    9.850
    12.20    1.000   -1.750    0.100    9.850
    12.30    1.000   -1.750    0.100    9.850
    12.40    1.000   -1.680    0.105    9.850
    12.50    1.000   -1.270    0.105    9.850
    12.60    1.000   -0.745    0.105    9.850
    12.70    1.000   -0.150    0.105    9.100
    12.80    1.000    0.515    0.105    6.230
    12.90    1.000    1.210    0.105    2.990
    13.00    1.000    1.890    0.105   -0.405
    13.10    1.000    2.525    0.105   -3.800
    13.20    1.000    3.060    0.105   -6.905
    13.30    1.000    3.470    0.100   -9.580
    13.40    1.000    3.745    0.100   -9.845
    13.50    1.000    3.885    0.100   -9.850
    13.60    1.000    3.920    0.100   -9.850
    13.70    1.000    3.920    0.100   -9.850
    13.80    1.000    3.915    0.100   -9.850
    13.90    1.000    3.915    0.095   -9.850
    14.00    1.000    3.800    0.095   -9.850
    14.10    1.000    3.345    0.095   -9.850
    14.20    1.000    2.790    0.095   -9.850
    14.30    1.000    2.165    0.095   -8.360
    14.40    1.000    1.475    0.095   -5.355
    14.50    1.000    0.770    0.095   -1.980
    14.60    1.000    0.090    0.095    1.520
    14.70    1.000   -0.525    0.095    4.890
    14.80    1.000   -1.030    0.095    7.920
    14.90    1.000   -1.405    0.095    9.770
    15.00    1.000   -1.640    0.100    9.850
    15.10    1.000   -1.750    0.100    9.850
    15.20    1.000   -1.770    0.100    9.850
    15.30    1.000   -1.770    0.100    9.850
    15.40    1.000   -1.770    0.100    9.850
    15.50    1.000   -1.770    0.100    9.850
    15.60    1.000   -1.650    0.105    9.850
    15.70    1.000   -1.200    0.105    9.850
    15.80    1.000   -0.660    0.105    9.850
    15.90    1.000   -0.050    0.105    8.675
    16.00    1.000    0.620    0.105    5.740
    16.10    1.000    1.320    0.105    2.475
    16.20    1.000    2.000    0.105   -0.955
    16.30    1.000    2.620    0.105   -4.325
    16.40    1.000    3.140    0.100   -7.375
    16.50    1.000    3.530    0.100   -9.755
    16.60    1.000    3.785    0.100   -9.850
    16.70    1.000    3.910    0.100   -9.850
    16.80    1.000    3.935    0.100   -9.850
    16.90    1.000    3.935    0.095   -9.850
    17.00    1.000    3.935    0.100   -9.850
    17.10    1.000    3.935    0.095   -9.850
    17.20    1.000    3.795    0.095   -9.850
    17.30    1.000    3.325    0.095   -9.850
    17.40    1.000    2.765    0.095   -9.850
    17.50    1.000    2.135    0.095   -8.240
    17.60    1.000    1.445    0.095   -5.205
    17.70    1.000    0.740    0.095   -1.800
    17.80    1.000    0.060    0.095    1.705
    17.90    1.000   -0.550    0.095    5.040
    18.00    1.000   -1.055    0.095    8.050
    18.10    1.000   -1.425    0.095    9.780
    18.20    1.000   -1.655    0.100    9.850
    18.30    1.000   -1.760    0.100    9.850
    18.40    1.000   -1.780    0.100    9.850
    18.50    1.000   -1.775    0.100    9.850
    18.60    1.000   -1.775    0.100    9.850
    18.70    1.000   -1.775    0.100    9.850
    18.80    1.000   -1.640    0.105    9.850
    18.90    1.000   -1.190    0.105    9.850
    19.00    1.000   -0.650    0.105    9.850
    19.10    1.000   -0.045    0.105    8.660
    19.20    1.000    0.625    0.105    5.760
    19.30    1.000    1.320    0.105    2.465
    19.40    1.000    1.995    0.105   -0.965
    19.50    1.000    2.615    0.105   -4.310
    19.60    1.000    3.135    0.105   -7.385
    19.70    1.000    3.525    0.100   -9.760
    19.80    1.000    3.775    0.100   -9.850
    19.90    1.000    3.900    0.100   -9.850
    20.00    1.000    3.920    0.100   -9.850
    20.10    1.000    3.920    0.100   -9.850
    20.20    1.000    3.920    0.095   -9.850
    20.30    1.000    3.920    0.095   -9.850
    20.40    1.000    3.765    0.095   -9.850
    20.50    1.000    3.295    0.095   -9.850
    20.60    1.000    2.735    0.095   -9.850
    20.70    1.000    2.105    0.095   -8.095
    20.80    1.000    1.420    0.095   -5.045
    20.90    1.000    0.715    0.095   -1.665
    21.00    1.000    0.045    0.095    1.780
    21.10    1.000   -0.565    0.095    5.120
    21.20    1.000   -1.060    0.095    8.105
    21.30    1.000   -1.425    0.095    9.785
    21.40    1.000   -1.650    0.100    9.850
    21.50    1.000   -1.755    0.100    9.850
    21.60    1.000   -1.770    0.100    9.850
    21.70    1.000   -1.770    0.100    9.850
    21.80    1.000   -1.770    0.100    9.850
    21.90    1.000   -1.770    0.100    9.850
    22.00    1.000   -1.630    0.105    9.850
    22.10    1.000   -1.170    0.105    9.850
    22.20    1.000   -0.635    0.105    9.850
    22.30    1.000   -0.025    0.105    8.565
    22.40    1.000    0.645    0.105    5.630
    22.50    1.000    1.340    0.105    2.335
    22.60    1.000    2.015    0.105   -1.075
    22.70    1.000    2.630    0.105   -4.415
    22.80    1.000    3.145    0.105   -7.435
    22.90    1.000    3.530    0.100   -9.745
    23.00    1.000    3.780    0.100   -9.850
    23.10    1.000    3.900    0.100   -9.850
    23.20    1.000    3.920    0.100   -9.850
    23.30    1.000    3.920    0.100   -9.850
    23.40    1.000    3.920    0.100   -9.850
    23.50    1.000    3.915    0.095   -9.850
    23.60    1.000    3.755    0.095   -9.850
    23.70    1.000    3.285    0.095   -9.850
    23.80    1.000    2.725    0.095   -9.850
    23.90    1.000    2.090    0.095   -8.040
    24.00    1.000    1.405    0.095   -4.995
    24.10    1.000    0.705    0.095   -1.615
    24.20    1.000    0.030    0.095    1.865
    24.30    1.000   -0.575    0.095    5.180
    24.40    1.000   -1.070    0.095    8.165
    24.50    1.000   -1.430    0.095    9.790
    24.60    1.000   -1.655    0.100    9.850
    24.70    1.000   -1.760    0.100    9.850
    24.80    1.000   -1.775    0.100    9.850
    24.90   -1.000   -1.775    0.100    9.850
    25.00   -1.000   -1.775    0.100    4.540
    25.10   -1.000   -1.775    0.100    4.305
    25.20   -1.000   -1.745    0.100    4.300
    25.30   -1.000   -1.485    0.105    4.155
    25.40   -1.000   -1.155    0.100    2.945
    25.50   -1.000   -0.815    0.100    1.310
    25.60   -1.000   -0.490    0.100   -0.375
    25.70   -1.000   -0.195    0.100   -1.985
    25.80   -1.000    0.050    0.100   -3.455
    25.90   -1.000    0.230    0.100   -4.675
    26.00   -1.000    0.335    0.100   -5.565
    26.10   -1.000    0.370    0.100   -6.065
    26.20   -1.000    0.375    0.100   -6.245
    26.30   -1.000    0.375    0.100   -6.270
    26.40   -1.000    0.375    0.100   -6.265
    26.50   -1.000    0.375    0.095   -6.260
    26.60   -1.000    0.335    0.095   -6.275
    26.70   -1.000    0.030    0.095   -6.115
    26.80   -1.000   -0.365    0.095   -4.640
    26.90   -1.000   -0.785    0.095   -2.730
    27.00   -1.000   -1.200    0.095   -0.625
    27.10   -1.000   -1.595    0.095    1.430
    27.20   -1.000   -1.940    0.095    3.385
    27.30   -1.000   -2.215    0.100    5.070
    27.40   -1.000   -2.400    0.100    6.445
    27.50   -1.000   -2.485    0.100    7.380
    27.60   -1.000   -2.500    0.100    7.805
    27.70   -1.000   -2.495    0.100    7.855
    27.80   -1.000   -2.495    0.100    7.855
    27.90   -1.000   -2.495    0.105    7.845
    28.00   -1.000   -2.405    0.105    7.860
    28.10   -1.000   -2.005    0.105    7.430
    28.20   -1.000   -1.525    0.105    5.495
    28.30   -1.000   -1.010    0.105    3.160
    28.40   -1.000   -0.495    0.105    0.645
    28.50   -1.000   -0.015    0.105   -1.905
    28.60   -1.000    0.415    0.100   -4.300
    28.70   -1.000    0.750    0.100   -6.425
    28.80   -1.000    0.980    0.100   -8.110
    28.90   -1.000    1.090    0.100   -9.245
    29.00   -1.000    1.115    0.100   -9.805
    29.10   -1.000    1.115    0.100   -9.850
    29.20   -1.000    1.115    0.095   -9.850
    29.30   -1.000    1.115    0.095   -9.850
    29.40   -1.000    0.945    0.095   -9.850
    29.50   -1.000    0.470    0.095   -9.105
    29.60   -1.000   -0.085    0.095   -6.830
    29.70   -1.000   -0.685    0.095   -4.110
    29.80   -1.000   -1.290    0.095   -1.150
    29.90   -1.000   -1.870    0.095    1.865
    30.00   -1.000   -2.380    0.095    4.705
    30.10   -1.000   -2.800    0.100    7.225
    30.20   -1.000   -3.090    0.100    9.305
    30.30   -1.000   -3.260    0.100    9.835
    30.40   -1.000   -3.315    0.100    9.850
    30.50   -1.000   -3.315    0.100    9.850
    30.60   -1.000   -3.315    0.105    9.850
    30.70   -1.000   -3.315    0.105    9.850
    30.80   -1.000   -3.295    0.105    9.850
    30.90   -1.000   -2.975    0.105    9.850
    31.00   -1.000   -2.480    0.105    9.850
    31.10   -1.000   -1.915    0.105    7.855
    31.20   -1.000   -1.295    0.105    5.075
    31.30   -1.000   -0.655    0.105    2.070
    31.40   -1.000   -0.035    0.105   -1.085
    31.50   -1.000    0.530    0.105   -4.155
    31.60   -1.000    1.000    0.100   -6.965
    31.70   -1.000    1.350    0.100   -9.325
    31.80   -1.000    1.570    0.100   -9.830
    31.90   -1.000    1.660    0.100   -9.850
    32.00   -1.000    1.675    0.100   -9.850
    32.10   -1.000    1.675    0.100   -9.850
    32.20   -1.000    1.675    0.095   -9.850
    32.30   -1.000    1.670    0.095   -9.850
    32.40   -1.000    1.435    0.095   -9.850
    32.50   -1.000    0.940    0.095   -9.850
    32.60   -1.000    0.365    0.095   -9.070
    32.70   -1.000   -0.275    0.095   -6.330
    32.80   -1.000   -0.950    0.095   -3.185
    32.90   -1.000   -1.615    0.095    0.150
    33.00   -1.000   -2.235    0.095    3.465
    33.10   -1.000   -2.770    0.095    6.490
    33.20   -1.000   -3.185    0.100    9.140
    33.30   -1.000   -3.465    0.100    9.825
    33.40   -1.000   -3.615    0.100    9.850
    33.50   -1.000   -3.655    0.100    9.850
    33.60   -1.000   -3.655    0.100    9.850
    33.70   -1.000   -3.655    0.100    9.850
    33.80   -1.000   -3.655    0.105    9.850
    33.90   -1.000   -3.615    0.105    9.850
    34.00   -1.000   -3.245    0.105    9.850
    34.10   -1.000   -2.740    0.105    9.850
    34.20   -1.000   -2.165    0.105    9.080
    34.30   -1.000   -1.520    0.105    6.290
    34.40   -1.000   -0.845    0.105    3.180
    34.50   -1.000   -0.180    0.105   -0.150
    34.60   -1.000    0.445    0.105   -3.465
    34.70   -1.000    0.975    0.105   -6.520
    34.80   -1.000    1.390    0.100   -9.170
    34.90   -1.000    1.670    0.100   -9.825
    35.00   -1.000    1.815    0.100   -9.850
    35.10   -1.000    1.855    0.100   -9.850
    35.20   -1.000    1.855    0.100   -9.850
    35.30   -1.000    1.855    0.095   -9.850
    35.40   -1.000    1.855    0.095   -9.850
    35.50   -1.000    1.775    0.095   -9.850
    35.60   -1.000    1.350    0.095   -9.850
    35.70   -1.000    0.815    0.095   -9.850
    35.80   -1.000    0.205    0.095   -8.475
    35.90   -1.000   -0.465    0.095   -5.540
    36.00   -1.000   -1.155    0.095   -2.240
    36.10   -1.000   -1.825    0.095    1.170
    36.20   -1.000   -2.435    0.095    4.470
    36.30   -1.000   -2.945    0.095    7.485
    36.40   -1.000   -3.330    0.100    9.755
    36.50   -1.000   -3.575    0.100    9.850
    36.60   -1.000   -3.700    0.100    9.850
    36.70   -1.000   -3.730    0.100    9.850
    36.80   -1.000   -3.735    0.105    9.850
    36.90   -1.000   -3.730    0.105    9.850
    37.00   -1.000   -3.730    0.105    9.850
    37.10   -1.000   -3.655    0.105    9.850
    37.20   -1.000   -3.240    0.105    9.850
    37.30   -1.000   -2.720    0.105    9.850
    37.40   -1.000   -2.125    0.105    8.965
    37.50   -1.000   -1.470    0.105    6.145
    37.60   -1.000   -0.785    0.105    2.930
    37.70   -1.000   -0.115    0.105   -0.450
    37.80   -1.000    0.510    0.105   -3.770
    37.90   -1.000    1.040    0.105   -6.850
    38.00   -1.000    1.450    0.100   -9.470
    38.10   -1.000    1.725    0.100   -9.840
    38.20   -1.000    1.870    0.100   -9.850
    38.30   -1.000    1.910    0.100   -9.850
    38.40   -1.000    1.915    0.100   -9.850
    38.50   -1.000    1.915    0.095   -9.850
    38.60   -1.000    1.910    0.095   -9.850
    38.70   -1.000    1.840    0.095   -9.850
    38.80   -1.000    1.420    0.095   -9.850
    38.90   -1.000    0.885    0.095   -9.850
    39.00   -1.000    0.275    0.095   -8.805
    39.10   -1.000   -0.395    0.095   -5.875
    39.20   -1.000   -1.090    0.095   -2.610
    39.30   -1.000   -1.770    0.095    0.845
    39.40   -1.000   -2.395    0.095    4.210
    39.50   -1.000   -2.925    0.100    7.295
    39.60   -1.000   -3.325    0.100    9.755
    39.70   -1.000   -3.595    0.100    9.850
    39.80   -1.000   -3.735    0.100    9.850
    39.90   -1.000   -3.770    0.100    9.850
    40.00   -1.000   -3.775    0.100    9.850
    40.10   -1.000   -3.775    0.105    9.850
    40.20   -1.000   -3.770    0.105    9.850
    40.30   -1.000   -3.735    0.105    9.850
    40.40   -1.000   -3.370    0.105    9.850
    40.50   -1.000   -2.865    0.105    9.850
    40.60   -1.000   -2.285    0.105    9.645
    40.70   -1.000   -1.640    0.105    6.925
    40.80   -1.000   -0.960    0.105    3.760
    40.90   -1.000   -0.275    0.105    0.405
    41.00   -1.000    0.365    0.105   -2.985
    41.10   -1.000    0.925    0.105   -6.115
    41.20   -1.000    1.370    0.100   -8.875
    41.30   -1.000    1.675    0.100   -9.815
    41.40   -1.000    1.855    0.100   -9.850
    41.50   -1.000    1.915    0.100   -9.850
    41.60   -1.000    1.915    0.100   -9.850
    41.70   -1.000    1.915    0.095   -9.850
    41.80   -1.000    1.915    0.095   -9.850
    41.90   -1.000    1.885    0.095   -9.850
    42.00   -1.000    1.535    0.095   -9.850
    42.10   -1.000    1.020    0.095   -9.850
    42.20   -1.000    0.430    0.095   -9.445
    42.30   -1.000   -0.230    0.095   -6.635
    42.40   -1.000   -0.925    0.095   -3.410
    42.50   -1.000   -1.615    0.095    0.015
    42.60   -1.000   -2.255    0.095    3.445
    42.70   -1.000   -2.815    0.095    6.610
    42.80   -1.000   -3.250    0.100    9.350
    42.90   -1.000   -3.550    0.100    9.835
    43.00   -1.000   -3.720    0.100    9.850
    43.10   -1.000   -3.775    0.100    9.850
    43.20   -1.000   -3.780    0.100    9.850
    43.30   -1.000   -3.780    0.105    9.850
    43.40   -1.000   -3.775    0.105    9.850
    43.50   -1.000   -3.765    0.105    9.850
    43.60   -1.000   -3.475    0.105    9.850
    43.70   -1.000   -2.985    0.105    9.850
    43.80   -1.000   -2.425    0.105    9.850
    43.90   -1.000   -1.795    0.105    7.565
    44.00   -1.000   -1.120    0.105    4.510
    44.10   -1.000   -0.435    0.105    1.220
    44.20   -1.000    0.220    0.105   -2.175
    44.30   -1.000    0.800    0.105   -5.405
    44.40   -1.000    1.270    0.100   -8.290
    44.50   -1.000    1.610    0.100   -9.790
    44.60   -1.000    1.815    0.100   -9.850
    44.70   -1.000    1.900    0.100   -9.850
    44.80   -1.000    1.915    0.100   -9.850
    44.90   -1.000    1.915    0.100   -9.850
    45.00   -1.000    1.915    0.095   -9.850
    45.10   -1.000    1.910    0.095   -9.850
    45.20   -1.000    1.655    0.095   -9.850
    45.30   -1.000    1.155    0.095   -9.850
    45.40   -1.000    0.585    0.095   -9.850
    45.50   -1.000   -0.060    0.095   -7.395
    45.60   -1.000   -0.745    0.095   -4.245
    45.70   -1.000   -1.440    0.095   -0.860
    45.80   -1.000   -2.095    0.095    2.595
    45.90   -1.000   -2.675    0.095    5.795
    46.00   -1.000   -3.145    0.095    8.670
    46.10   -1.000   -3.480    0.100    9.805
    46.20   -1.000   -3.685    0.100    9.850
    46.30   -1.000   -3.770    0.100    9.850
    46.40   -1.000   -3.780    0.100    9.850
    46.50   -1.000   -3.775    0.100    9.850
    46.60   -1.000   -3.775    0.105    9.850
    46.70   -1.000   -3.775    0.105    9.850
    46.80   -1.000   -3.595    0.105    9.850
    46.90   -1.000   -3.135    0.105    9.850
    47.00   -1.000   -2.595    0.105    9.850
    47.10   -1.000   -1.985    0.105    8.365
    47.20   -1.000   -1.320    0.105    5.445
    47.30   -1.000   -0.630    0.105    2.170
    47.40   -1.000    0.035    0.105   -1.215
    47.50   -1.000    0.640    0.105   -4.500
    47.60   -1.000    1.150    0.100   -7.505
    47.70   -1.000    1.530    0.100   -9.765
    47.80   -1.000    1.775    0.100   -9.850
    47.90   -1.000    1.895    0.100   -9.850
    48.00   -1.000    1.920    0.100   -9.850
    48.10   -1.000    1.920    0.095   -9.850
    48.20   -1.000    1.915    0.095   -9.850
    48.30   -1.000    1.915    0.095   -9.850
    48.40   -1.000    1.775    0.095   -9.850
    48.50   -1.000    1.315    0.095   -9.850
    48.60   -1.000    0.765    0.095   -9.850
    48.70   -1.000    0.140    0.095   -8.240
    48.80   -1.000   -0.535    0.095   -5.220
    48.90   -1.000   -1.225    0.095   -1.890
    49.00   -1.000   -1.895    0.095    1.510
    49.10   -1.000   -2.500    0.095    4.825
    49.20   -1.000   -3.005    0.095    7.810
    49.30   -1.000   -3.380    0.100    9.770
    49.40   -1.000   -3.620    0.100    9.850
    49.50   -1.000   -3.735    0.100    9.850
    49.60   -1.000   -3.760    0.100    9.850
    49.70   -1.000   -3.760    0.105    9.850
    49.80   -1.000   -3.760    0.105    9.850
    49.90    1.000   -3.755    0.105    9.850
    50.00    1.000   -3.675    0.105    9.850
    50.10    1.000   -3.255    0.105    9.850
    50.20    1.000   -2.740    0.105    9.850
    50.30    1.000   -2.150    0.105    9.850
    50.40    1.000   -1.490    0.105    9.850
    50.50    1.000   -0.760    0.105    9.850
    50.60    1.000    0.025    0.105    9.155
    50.70    1.000    0.860    0.105    5.415
    50.80    1.000    1.710    0.105    1.315
    50.90    1.000    2.520    0.105   -2.865
    51.00    1.000    3.240    0.105   -6.880
    51.10    1.000    3.835    0.105   -9.730
    51.20    1.000    4.285    0.105   -9.850
    51.30    1.000    4.590    0.100   -9.850
    51.40    1.000    4.765    0.100   -9.850
    51.50    1.000    4.825    0.100   -9.850
    51.60    1.000    4.835    0.100   -9.850
    51.70    1.000    4.835    0.100   -9.850
    51.80    1.000    4.830    0.095   -9.850
    51.90    1.000    4.815    0.095   -9.850
    52.00    1.000    4.480    0.095   -9.850
    52.10    1.000    3.970    0.095   -9.850
    52.20    1.000    3.385    0.095   -9.850
    52.30    1.000    2.725    0.095   -9.850
    52.40    1.000    1.995    0.095   -8.010
    52.50    1.000    1.220    0.090   -4.510
    52.60    1.000    0.440    0.095   -0.745
    52.70    1.000   -0.295    0.095    3.155
    52.80    1.000   -0.945    0.095    6.780
    52.90    1.000   -1.470    0.095    9.725
    53.00    1.000   -1.855    0.095    9.850
    53.10    1.000   -2.110    0.100    9.850
    53.20    1.000   -2.235    0.100    9.850
    53.30    1.000   -2.270    0.100    9.850
    53.40    1.000   -2.275    0.100    9.850
    53.50    1.000   -2.270    0.100    9.850
    53.60    1.000   -2.270    0.105    9.850
    53.70    1.000   -2.210    0.105    9.850
    53.80    1.000   -1.820    0.105    9.850
    53.90    1.000   -1.310    0.105    9.850
    54.00    1.000   -0.725    0.105    9.850
    54.10    1.000   -0.075    0.105    9.005
    54.20    1.000    0.635    0.105    5.880
    54.30    1.000    1.365    0.105    2.405
    54.40    1.000    2.080    0.105   -1.225
    54.50    1.000    2.730    0.105   -4.700
    54.60    1.000    3.280    0.105   -7.930
    54.70    1.000    3.695    0.100   -9.775
    54.80    1.000    3.975    0.100   -9.850
    54.90    1.000    4.120    0.100   -9.850
    55.00    1.000    4.160    0.100   -9.850
    55.10    1.000    4.160    0.100   -9.850
    55.20    1.000    4.160    0.100   -9.850
    55.30    1.000    4.155    0.095   -9.850
    55.40    1.000    4.105    0.095   -9.850
    55.50    1.000    3.705    0.095   -9.850
    55.60    1.000    3.185    0.095   -9.850
    55.70    1.000    2.585    0.095   -9.850
    55.80    1.000    1.915    0.095   -7.390
    55.90    1.000    1.200    0.095   -4.125
    56.00    1.000    0.485    0.095   -0.600
    56.10    1.000   -0.190    0.095    2.965
    56.20    1.000   -0.785    0.095    6.290
    56.30    1.000   -1.260    0.095    9.180
    56.40    1.000   -1.605    0.100    9.825
    56.50    1.000   -1.815    0.100    9.850
    56.60    1.000   -1.905    0.100    9.850
    56.70    1.000   -1.920    0.100    9.850
    56.80    1.000   -1.915    0.100    9.850
    56.90    1.000   -1.915    0.100    9.850
    57.00    1.000   -1.915    0.105    9.850
    57.10    1.000   -1.775    0.105    9.850
    57.20    1.000   -1.325    0.105    9.850
    57.30    1.000   -0.795    0.105    9.850
    57.40    1.000   -0.195    0.105    9.310
    57.50    1.000    0.470    0.105    6.470
    57.60    1.000    1.165    0.105    3.230
    57.70    1.000    1.855    0.105   -0.195
    57.80    1.000    2.495    0.105   -3.610
    57.90    1.000    3.045    0.105   -6.790
    58.00    1.000    3.475    0.100   -9.515
    58.10    1.000    3.775    0.100   -9.840
    58.20    1.000    3.940    0.100   -9.850
    58.30    1.000    3.990    0.100   -9.850
    58.40    1.000    3.995    0.100   -9.850
    58.50    1.000    3.995    0.100   -9.850
    58.60    1.000    3.995    0.095   -9.850
    58.70    1.000    3.965    0.095   -9.850
    58.80    1.000    3.610    0.095   -9.850
    58.90    1.000    3.095    0.095   -9.850
    59.00    1.000    2.505    0.095   -9.805
    59.10    1.000    1.840    0.095   -7.005
    59.20    1.000    1.140    0.095   -3.765
    59.30    1.000    0.445    0.095   -0.290
    59.40    1.000   -0.215    0.095    3.140
    59.50    1.000   -0.790    0.095    6.370
    59.60    1.000   -1.245    0.095    9.215
    59.70    1.000   -1.570    0.100    9.830
    59.80    1.000   -1.760    0.100    9.850
    59.90    1.000   -1.840    0.100    9.850
    60.00    1.000   -1.855    0.100    9.850
    60.10    1.000   -1.850    0.100    9.850
    60.20    1.000   -1.850    0.100    9.850
    60.30    1.000   -1.850    0.100    9.850
    60.40    1.000   -1.660    0.105    9.850
    60.50    1.000   -1.195    0.105    9.850
    60.60    1.000   -0.655    0.105    9.850
    60.70    1.000   -0.045    0.105    8.655
    60.80    1.000    0.625    0.105    5.750
    60.90    1.000    1.315    0.105    2.460
    61.00    1.000    1.990    0.105   -0.950
    61.10    1.000    2.610    0.105   -4.315
    61.20    1.000    3.135    0.105   -7.340
    61.30    1.000    3.530    0.100   -9.745
    61.40    1.000    3.800    0.100   -9.850
    61.50    1.000    3.935    0.100   -9.850
    61.60    1.000    3.975    0.100   -9.850
    61.70    1.000    3.975    0.100   -9.850
    61.80    1.000    3.975    0.095   -9.850
    61.90    1.000    3.975    0.095   -9.850
    62.00    1.000    3.900    0.095   -9.850
    62.10    1.000    3.485    0.095   -9.850
    62.20    1.000    2.955    0.095   -9.850
    62.30    1.000    2.345    0.095   -9.130
    62.40    1.000    1.675    0.095   -6.240
    62.50    1.000    0.975    0.095   -2.950
    62.60    1.000    0.285    0.095    0.510
    62.70    1.000   -0.350    0.095    3.915
    62.80    1.000   -0.895    0.095    7.075
    62.90    1.000   -1.320    0.095    9.750
    63.00    1.000   -1.610    0.100    9.850
    63.10    1.000   -1.770    0.100    9.850
    63.20    1.000   -1.825    0.100    9.850
    63.30    1.000   -1.830    0.100    9.850
    63.40    1.000   -1.830    0.100    9.850
    63.50    1.000   -1.830    0.100    9.850
    63.60    1.000   -1.820    0.100    9.850
    63.70    1.000   -1.540    0.105    9.850
    63.80    1.000   -1.060    0.105    9.850
    63.90    1.000   -0.500    0.105    9.850
    64.00    1.000    0.120    0.105    7.920
    64.10    1.000    0.795    0.105    4.905
    64.20    1.000    1.485    0.105    1.635
    64.30    1.000    2.145    0.105   -1.770
    64.40    1.000    2.740    0.105   -5.040
    64.50    1.000    3.230    0.100   -7.995
    64.60    1.000    3.590    0.100   -9.780
    64.70    1.000    3.820    0.100   -9.850
    64.80    1.000    3.925    0.100   -9.850
    64.90    1.000    3.940    0.100   -9.850
    65.00    1.000    3.940    0.100   -9.850
    65.10    1.000    3.940    0.095   -9.850
    65.20    1.000    3.940    0.095   -9.850
    65.30    1.000    3.770    0.095   -9.850
    65.40    1.000    3.305    0.095   -9.850
    65.50    1.000    2.750    0.095   -9.850
    65.60    1.000    2.125    0.095   -8.170
    65.70    1.000    1.450    0.095   -5.150
    65.80    1.000    0.755    0.095   -1.820
    65.90    1.000    0.085    0.095    1.630
    66.00    1.000   -0.520    0.095    4.950
    66.10    1.000   -1.025    0.095    7.900
    66.20    1.000   -1.400    0.095    9.770
    66.30    1.000   -1.640    0.100    9.850
    66.40    1.000   -1.760    0.100    9.850
    66.50    1.000   -1.790    0.100    9.850
    66.60    1.000   -1.790    0.100    9.850
    66.70    1.000   -1.790    0.100    9.850
    66.80    1.000   -1.790    0.100    9.850
    66.90    1.000   -1.725    0.105    9.850
    67.00    1.000   -1.325    0.105    9.850
    67.10    1.000   -0.810    0.105    9.850
    67.20    1.000   -0.230    0.105    9.410
    67.30    1.000    0.420    0.105    6.640
    67.40    1.000    1.100    0.105    3.470
    67.50    1.000    1.780    0.105    0.120
    67.60    1.000    2.415    0.105   -3.245
    67.70    1.000    2.965    0.105   -6.405
    67.80    1.000    3.400    0.100   -9.120
    67.90    1.000    3.705    0.100   -9.820
    68.00    1.000    3.880    0.100   -9.850
    68.10    1.000    3.935    0.100   -9.850
    68.20    1.000    3.940    0.100   -9.850
    68.30    1.000    3.935    0.100   -9.850
    68.40    1.000    3.935    0.095   -9.850
    68.50    1.000    3.910    0.095   -9.850
    68.60    1.000    3.570    0.095   -9.850
    68.70    1.000    3.060    0.095   -9.850
    68.80    1.000    2.475    0.095   -9.640
    68.90    1.000    1.820    0.095   -6.855
    69.00    1.000    1.130    0.095   -3.640
    69.10    1.000    0.440    0.095   -0.265
    69.20    1.000   -0.210    0.095    3.170
    69.30    1.000   -0.775    0.095    6.350
    69.40    1.000   -1.225    0.095    9.140
    69.50    1.000   -1.545    0.095    9.830
    69.60    1.000   -1.730    0.100    9.850
    69.70    1.000   -1.800    0.100    9.850
    69.80    1.000   -1.810    0.100    9.850
    69.90    1.000   -1.810    0.100    9.850
    70.00    1.000   -1.810    0.100    9.850
    70.10    1.000   -1.810    0.105    9.850
    70.20    1.000   -1.615    0.105    9.850
    70.30    1.000   -1.145    0.105    9.850
    70.40    1.000   -0.605    0.105    9.850
    70.50    1.000    0.005    0.105    8.420
    70.60    1.000    0.675    0.105    5.480
    70.70    1.000    1.360    0.105    2.205
    70.80    1.000    2.030    0.105   -1.175
    70.90    1.000    2.640    0.105   -4.460
    71.00    1.000    3.150    0.105   -7.485
    71.10    1.000    3.540    0.100   -9.755
    71.20    1.000    3.795    0.100   -9.850
    71.30    1.000    3.925    0.100   -9.850
    71.40    1.000    3.955    0.100   -9.850
    71.50    1.000    3.955    0.100   -9.850
    71.60    1.000    3.955    0.095   -9.850
    71.70    1.000    3.955    0.095   -9.850
    71.80    1.000    3.865    0.095   -9.850
    71.90    1.000    3.435    0.095   -9.850
    72.00    1.000    2.900    0.095   -9.850
    72.10    1.000    2.290    0.095   -8.880
    72.20    1.000    1.615    0.095   -5.940
    72.30    1.000    0.920    0.095   -2.650
    72.40    1.000    0.235    0.095    0.770
    72.50    1.000   -0.390    0.095    4.170
    72.60    1.000   -0.925    0.095    7.280
    72.70    1.000   -1.335    0.095    9.735
    72.80    1.000   -1.615    0.100    9.850
    72.90    1.000   -1.770    0.100    9.850
    73.00    1.000   -1.815    0.100    9.850
    73.10    1.000   -1.815    0.100    9.850
    73.20    1.000   -1.815    0.100    9.850
    73.30    1.000   -1.815    0.100    9.850
    73.40    1.000   -1.795    0.105    9.850
    73.50    1.000   -1.470    0.105    9.850
    73.60    1.000   -0.980    0.105    9.850
    73.70    1.000   -0.415    0.105    9.850
    73.80    1.000    0.210    0.105    7.545
    73.90    1.000    0.885    0.105    4.485
    74.00    1.000    1.565    0.105    1.190
    74.10    1.000    2.220    0.105   -2.175
    74.20    1.000    2.795    0.105   -5.405
    74.30    1.000    3.270    0.100   -8.270
    74.40    1.000    3.615    0.100   -9.790
    74.50    1.000    3.830    0.100   -9.850
    74.60    1.000    3.920    0.100   -9.850
    74.70    1.000    3.935    0.100   -9.850
    74.80    1.000    3.935    0.100   -9.850
    74.90   -1.000    3.935    0.095   -9.850
    75.00   -1.000    3.930    0.095   -9.850
    75.10   -1.000    3.725    0.095   -9.850
    75.20   -1.000    3.245    0.095   -9.850
    75.30   -1.000    2.685    0.095   -9.850
    75.40   -1.000    2.050    0.095   -9.850
    75.50   -1.000    1.340    0.095   -9.850
    75.60   -1.000    0.565    0.090   -9.850
    75.70   -1.000   -0.270    0.090   -7.290
    75.80   -1.000   -1.135    0.095   -3.275
    75.90   -1.000   -1.985    0.095    1.045
    76.00   -1.000   -2.770    0.095    5.250
    76.10   -1.000   -3.440    0.095    9.115
    76.20   -1.000   -3.975    0.100    9.830
    76.30   -1.000   -4.365    0.100    9.850
    76.40   -1.000   -4.625    0.100    9.850
    76.50   -1.000   -4.760    0.100    9.850
    76.60   -1.000   -4.795    0.105    9.850
    76.70   -1.000   -4.795    0.105    9.850
    76.80   -1.000   -4.790    0.105    9.850
    76.90   -1.000   -4.790    0.105    9.850
    77.00   -1.000   -4.745    0.105    9.850
    77.10   -1.000   -4.380    0.105    9.850
    77.20   -1.000   -3.875    0.105    9.850
    77.30   -1.000   -3.305    0.105    9.850
    77.40   -1.000   -2.670    0.105    9.850
    77.50   -1.000   -1.965    0.105    8.715
    77.60   -1.000   -1.205    0.105    5.360
    77.70   -1.000   -0.435    0.105    1.640
    77.80   -1.000    0.305    0.105   -2.170
    77.90   -1.000    0.970    0.105   -5.815
    78.00   -1.000    1.520    0.105   -9.125
    78.10   -1.000    1.935    0.100   -9.825
    78.20   -1.000    2.210    0.100   -9.850
    78.30   -1.000    2.355    0.100   -9.850
    78.40   -1.000    2.390    0.100   -9.850
    78.50   -1.000    2.395    0.100   -9.850
    78.60   -1.000    2.395    0.095   -9.850
    78.70   -1.000    2.395    0.095   -9.850
    78.80   -1.000    2.335    0.095   -9.850
    78.90   -1.000    1.930    0.095   -9.850
    79.00   -1.000    1.400    0.095   -9.850
    79.10   -1.000    0.795    0.095   -9.850
    79.20   -1.000    0.120    0.095   -8.370
    79.30   -1.000   -0.610    0.095   -5.125
    79.40   -1.000   -1.350    0.095   -1.520
    79.50   -1.000   -2.060    0.095    2.100
    79.60   -1.000   -2.695    0.095    5.630
    79.70   -1.000   -3.225    0.095    8.770
    79.80   -1.000   -3.615    0.100    9.815
    79.90   -1.000   -3.875    0.100    9.850
    80.00   -1.000   -4.010    0.100    9.850
    80.10   -1.000   -4.040    0.100    9.850
    80.20   -1.000   -4.040    0.100    9.850
    80.30   -1.000   -4.040    0.105    9.850
    80.40   -1.000   -4.035    0.105    9.850
    80.50   -1.000   -3.980    0.105    9.850
    80.60   -1.000   -3.595    0.105    9.850
    80.70   -1.000   -3.085    0.105    9.850
    80.80   -1.000   -2.505    0.105    9.850
    80.90   -1.000   -1.860    0.105    7.965
    81.00   -1.000   -1.165    0.105    4.845
    81.10   -1.000   -0.460    0.105    1.420
    81.20   -1.000    0.215    0.105   -2.065
    81.30   -1.000    0.825    0.105   -5.395
    81.40   -1.000    1.320    0.105   -8.380
    81.50   -1.000    1.690    0.100   -9.790
    81.60   -1.000    1.920    0.100   -9.850
    81.70   -1.000    2.025    0.100   -9.850
    81.80   -1.000    2.040    0.100   -9.850
    81.90   -1.000    2.040    0.095   -9.850
    82.00   -1.000    2.040    0.095   -9.850
    82.10   -1.000    2.040    0.095   -9.850
    82.20   -1.000    1.870    0.095   -9.850
    82.30   -1.000    1.395    0.095   -9.850
    82.40   -1.000    0.840    0.095   -9.850
    82.50   -1.000    0.215    0.095   -8.600
    82.60   -1.000   -0.470    0.095   -5.580
    82.70   -1.000   -1.175    0.095   -2.230
    82.80   -1.000   -1.860    0.095    1.275
    82.90   -1.000   -2.485    0.095    4.665
    83.00   -1.000   -3.010    0.095    7.750
    83.10   -1.000   -3.405    0.100    9.760
    83.20   -1.000   -3.670    0.100    9.850
    83.30   -1.000   -3.810    0.100    9.850
    83.40   -1.000   -3.850    0.100    9.850
    83.50   -1.000   -3.855    0.105    9.850
    83.60   -1.000   -3.855    0.105    9.850
    83.70   -1.000   -3.850    0.105    9.850
    83.80   -1.000   -3.815    0.105    9.850
    83.90   -1.000   -3.455    0.105    9.850
    84.00   -1.000   -2.955    0.105    9.850
    84.10   -1.000   -2.385    0.105    9.850
    84.20   -1.000   -1.745    0.105    7.375
    84.30   -1.000   -1.060    0.105    4.265
    84.40   -1.000   -0.375    0.105    0.915
    84.50   -1.000    0.275    0.105   -2.475
    84.60   -1.000    0.855    0.105   -5.700
    84.70   -1.000    1.320    0.100   -8.570
    84.80   -1.000    1.660    0.100   -9.805
    84.90   -1.000    1.860    0.100   -9.850
    85.00   -1.000    1.945    0.100   -9.850
    85.10   -1.000    1.955    0.100   -9.850
    85.20   -1.000    1.955    0.095   -9.850
    85.30   -1.000    1.955    0.095   -9.850
    85.40   -1.000    1.950    0.095   -9.850
    85.50   -1.000    1.705    0.095   -9.850
    85.60   -1.000    1.210    0.095   -9.850
    85.70   -1.000    0.635    0.095   -9.850
    85.80   -1.000   -0.005    0.095   -7.625
    85.90   -1.000   -0.695    0.095   -4.505
    86.00   -1.000   -1.390    0.095   -1.105
    86.10   -1.000   -2.050    0.095    2.295
    86.20   -1.000   -2.645    0.095    5.580
    86.30   -1.000   -3.125    0.100    8.500
    86.40   -1.000   -3.480    0.100    9.800
    86.50   -1.000   -3.700    0.100    9.850
    86.60   -1.000   -3.795    0.100    9.850
    86.70   -1.000   -3.815    0.100    9.850
    86.80   -1.000   -3.815    0.105    9.850
    86.90   -1.000   -3.810    0.105    9.850
    87.00   -1.000   -3.810    0.105    9.850
    87.10   -1.000   -3.690    0.105    9.850
    87.20   -1.000   -3.250    0.105    9.850
    87.30   -1.000   -2.725    0.105    9.850
    87.40   -1.000   -2.125    0.105    8.990
    87.50   -1.000   -1.470    0.105    6.145
    87.60   -1.000   -0.785    0.105    2.925
    87.70   -1.000   -0.110    0.105   -0.450
    87.80   -1.000    0.515    0.105   -3.795
    87.90   -1.000    1.050    0.105   -6.875
    88.00   -1.000    1.465    0.100   -9.520
    88.10   -1.000    1.750    0.100   -9.840
    88.20   -1.000    1.905    0.100   -9.850
    88.30   -1.000    1.950    0.100   -9.850
    88.40   -1.000    1.955    0.095   -9.850
    88.50   -1.000    1.955    0.095   -9.850
    88.60   -1.000    1.955    0.095   -9.850
    88.70   -1.000    1.910    0.095   -9.850
    88.80   -1.000    1.530    0.095   -9.850
    88.90   -1.000    1.005    0.095   -9.850
    89.00   -1.000    0.405    0.095   -9.370
    89.10   -1.000   -0.255    0.095   -6.510
    89.20   -1.000   -0.955    0.095   -3.295
    89.30   -1.000   -1.640    0.095    0.155
    89.40   -1.000   -2.285    0.095    3.570
    89.50   -1.000   -2.840    0.095    6.750
    89.60   -1.000   -3.280    0.100    9.470
    89.70   -1.000   -3.580    0.100    9.840
    89.80   -1.000   -3.760    0.100    9.850
    89.90   -1.000   -3.825    0.100    9.850
    90.00   -1.000   -3.835    0.100    9.850
    90.10   -1.000   -3.835    0.105    9.850
    90.20   -1.000   -3.830    0.105    9.850
    90.30   -1.000   -3.830    0.105    9.850
    90.40   -1.000   -3.585    0.105    9.850
    90.50   -1.000   -3.110    0.105    9.850
    90.60   -1.000   -2.565    0.105    9.850
    90.70   -1.000   -1.945    0.105    8.230
    90.80   -1.000   -1.275    0.105    5.255
    90.90   -1.000   -0.590    0.105    1.950
    91.00   -1.000    0.075    0.105   -1.395
    91.10   -1.000    0.675    0.105   -4.690
    91.20   -1.000    1.180    0.100   -7.665
    91.30   -1.000    1.560    0.100   -9.760
    91.40   -1.000    1.810    0.100   -9.850
    91.50   -1.000    1.930    0.100   -9.850
    91.60   -1.000    1.955    0.100   -9.850
    91.70   -1.000    1.955    0.100   -9.850
    91.80   -1.000    1.955    0.095   -9.850
    91.90   -1.000    1.955    0.095   -9.850
    92.00   -1.000    1.850    0.095   -9.850
    92.10   -1.000    1.405    0.095   -9.850
    92.20   -1.000    0.865    0.095   -9.850
    92.30   -1.000    0.250    0.095   -8.715
    92.40   -1.000   -0.425    0.095   -5.765
    92.50   -1.000   -1.120    0.095   -2.450
    92.60   -1.000   -1.800    0.095    0.990
    92.70   -1.000   -2.420    0.095    4.370
    92.80   -1.000   -2.950    0.095    7.435
    92.90   -1.000   -3.355    0.100    9.745
    93.00   -1.000   -3.625    0.100    9.850
    93.10   -1.000   -3.770    0.100    9.850
    93.20   -1.000   -3.815    0.100    9.850
    93.30   -1.000   -3.815    0.100    9.850
    93.40   -1.000   -3.815    0.100    9.850
    93.50   -1.000   -3.810    0.105    9.850
    93.60   -1.000   -3.790    0.105    9.850
    93.70   -1.000   -3.455    0.105    9.850
    93.80   -1.000   -2.960    0.105    9.850
    93.90   -1.000   -2.395    0.105    9.850
    94.00   -1.000   -1.765    0.105    7.445
    94.10   -1.000   -1.090    0.105    4.390
    94.20   -1.000   -0.410    0.105    1.060
    94.30   -1.000    0.240    0.105   -2.305
    94.40   -1.000    0.820    0.105   -5.505
    94.50   -1.000    1.290    0.100   -8.375
    94.60   -1.000    1.630    0.100   -9.800
    94.70   -1.000    1.835    0.100   -9.850
    94.80   -1.000    1.920    0.100   -9.850
    94.90   -1.000    1.935    0.100   -9.850
    95.00   -1.000    1.935    0.095   -9.850
    95.10   -1.000    1.935    0.095   -9.850
    95.20   -1.000    1.930    0.095   -9.850
    95.30   -1.000    1.710    0.095   -9.850
    95.40   -1.000    1.225    0.095   -9.850
    95.50   -1.000    0.660    0.095   -9.850
    95.60   -1.000    0.025    0.095   -7.740
    95.70   -1.000   -0.660    0.095   -4.655
    95.80   -1.000   -1.350    0.095   -1.300
    95.90   -1.000   -2.010    0.095    2.125
    96.00   -1.000   -2.605    0.095    5.385
    96.10   -1.000   -3.090    0.100    8.305
    96.20   -1.000   -3.450    0.100    9.790
    96.30   -1.000   -3.675    0.100    9.850
    96.40   -1.000   -3.780    0.100    9.850
    96.50   -1.000   -3.800    0.100    9.850
    96.60   -1.000   -3.800    0.105    9.850
    96.70   -1.000   -3.795    0.105    9.850
    96.80   -1.000   -3.795    0.105    9.850
    96.90   -1.000   -3.695    0.105    9.850
    97.00   -1.000   -3.270    0.105    9.850
    97.10   -1.000   -2.750    0.105    9.850
    97.20   -1.000   -2.165    0.105    9.130
    97.30   -1.000   -1.510    0.105    6.310
    97.40   -1.000   -0.830    0.105    3.125
    97.50   -1.000   -0.155    0.105   -0.235
    97.60   -1.000    0.470    0.105   -3.575
    97.70   -1.000    1.010    0.105   -6.650
    97.80   -1.000    1.435    0.100   -9.325
    97.90   -1.000    1.725    0.100   -9.830
    98.00   -1.000    1.885    0.100   -9.850
    98.10   -1.000    1.935    0.100   -9.850
    98.20   -1.000    1.940    0.100   -9.850
    98.30   -1.000    1.935    0.095   -9.850
    98.40   -1.000    1.935    0.095   -9.850
    98.50   -1.000    1.900    0.095   -9.850
    98.60   -1.000    1.530    0.095   -9.850
    98.70   -1.000    1.015    0.095   -9.850
    98.80   -1.000    0.420    0.095   -9.400
    98.90   -1.000   -0.235    0.095   -6.580
    99.00   -1.000   -0.925    0.095   -3.390
    99.10   -1.000   -1.610    0.095   -0.020
    99.20   -1.000   -2.250    0.095    3.425
    99.30   -1.000   -2.810    0.095    6.585
    99.40   -1.000   -3.250    0.100    9.325
    99.50   -1.000   -3.560    0.100    9.835
    99.60   -1.000   -3.740    0.100    9.850
    99.70   -1.000   -3.805    0.100    9.850
    99.80   -1.000   -3.810    0.100    9.850
    99.90    1.000   -3.810    0.105    9.850
   100.00    1.000   -3.810    0.105    9.850
   100.10    1.000   -3.805    0.105    9.850
   100.20    1.000   -3.570    0.105    9.850
   100.30    1.000   -3.095    0.105    9.850
   100.40    1.000   -2.550    0.105    9.850
   100.50    1.000   -1.935    0.105    9.850
   100.60    1.000   -1.250    0.105    9.850
   100.70    1.000   -0.505    0.105    9.850
   100.80    1.000    0.300    0.105    7.935
   100.90    1.000    1.145    0.105    4.065
   101.00    1.000    1.980    0.105   -0.080
   101.10    1.000    2.765    0.105   -4.210
   101.20    1.000    3.445    0.105   -8.080
   101.30    1.000    3.990    0.105   -9.790
   101.40    1.000    4.395    0.100   -9.850
   101.50    1.000    4.660    0.100   -9.850
   101.60    1.000    4.795    0.100   -9.850
   101.70    1.000    4.830    0.100   -9.850
   101.80    1.000    4.835    0.100   -9.850
   101.90    1.000    4.830    0.100   -9.850
   102.00    1.000    4.830    0.100   -9.850
   102.10    1.000    4.760    0.095   -9.850
   102.20    1.000    4.345    0.095   -9.850
   102.30    1.000    3.815    0.095   -9.850
   102.40    1.000    3.210    0.095   -9.850
   102.50    1.000    2.530    0.095   -9.850
   102.60    1.000    1.785    0.095   -7.135
   102.70    1.000    1.010    0.095   -3.505
   102.80    1.000    0.240    0.095    0.350
   102.90    1.000   -0.480    0.095    4.150
   103.00    1.000   -1.100    0.095    7.680
   103.10    1.000   -1.590    0.095    9.775
   103.20    1.000   -1.945    0.095    9.850
   103.30    1.000   -2.170    0.100    9.850
   103.40    1.000   -2.270    0.100    9.850
   103.50    1.000   -2.290    0.100    9.850
   103.60    1.000   -2.295    0.100    9.850
   103.70    1.000   -2.290    0.100    9.850
   103.80    1.000   -2.290    0.105    9.850
   103.90    1.000   -2.200    0.105    9.850
   104.00    1.000   -1.780    0.105    9.850
   104.10    1.000   -1.260    0.105    9.850
   104.20    1.000   -0.665    0.105    9.850
   104.30    1.000   -0.010    0.105    8.720
   104.40    1.000    0.705    0.105    5.575
   104.50    1.000    1.435    0.105    2.080
   104.60    1.000    2.145    0.105   -1.525
   104.70    1.000    2.790    0.105   -5.055
   104.80    1.000    3.330    0.105   -8.240
   104.90    1.000    3.735    0.100   -9.790
   105.00    1.000    4.010    0.100   -9.850
   105.10    1.000    4.150    0.100   -9.850
   105.20    1.000    4.190    0.100   -9.850
   105.30    1.000    4.195    0.100   -9.850
   105.40    1.000    4.195    0.095   -9.850
   105.50    1.000    4.195    0.095   -9.850
   105.60    1.000    4.135    0.095   -9.850
   105.70    1.000    3.740    0.095   -9.850
   105.80    1.000    3.215    0.095   -9.850
   105.90    1.000    2.610    0.095   -9.850
   106.00    1.000    1.940    0.095   -7.495
   106.10    1.000    1.225    0.095   -4.240
   106.20    1.000    0.510    0.095   -0.705
   106.30    1.000   -0.170    0.095    2.800
   106.40    1.000   -0.770    0.095    6.150
   106.50    1.000   -1.255    0.095    9.115
   106.60    1.000   -1.610    0.095    9.825
   106.70    1.000   -1.835    0.100    9.850
   106.80    1.000   -1.935    0.100    9.850
   106.90    1.000   -1.955    0.100    9.850
   107.00    1.000   -1.955    0.100    9.850
   107.10    1.000   -1.950    0.100    9.850
   107.20    1.000   -1.950    0.105    9.850
   107.30    1.000   -1.835    0.105    9.850
   107.40    1.000   -1.400    0.105    9.850
   107.50    1.000   -0.880    0.105    9.850
   107.60    1.000   -0.285    0.105    9.710
   107.70    1.000    0.370    0.105    6.905
   107.80    1.000    1.065    0.105    3.690
   107.90    1.000    1.760    0.105    0.285
   108.00    1.000    2.410    0.105   -3.155
   108.10    1.000    2.975    0.105   -6.330
   108.20    1.000    3.430    0.100   -9.150
   108.30    1.000    3.755    0.100   -9.825
   108.40    1.000    3.945    0.100   -9.850
   108.50    1.000    4.015    0.100   -9.850
   108.60    1.000    4.020    0.100   -9.850
   108.70    1.000    4.020    0.100   -9.850
   108.80    1.000    4.015    0.095   -9.850
   108.90    1.000    4.010    0.095   -9.850
   109.00    1.000    3.725    0.095   -9.850
   109.10    1.000    3.230    0.095   -9.850
   109.20    1.000    2.655    0.095   -9.850
   109.30    1.000    2.010    0.095   -7.725
   109.40    1.000    1.320    0.095   -4.595
   109.50    1.000    0.620    0.095   -1.190
   109.60    1.000   -0.050    0.095    2.265
   109.70    1.000   -0.645    0.095    5.580
   109.80    1.000   -1.135    0.095    8.540
   109.90    1.000   -1.495    0.095    9.795
   110.00    1.000   -1.725    0.100    9.850
   110.10    1.000   -1.830    0.100    9.850
   110.20    1.000   -1.855    0.100    9.850
   110.30    1.000   -1.850    0.100    9.850
   110.40    1.000   -1.850    0.100    9.850
   110.50    1.000   -1.850    0.100    9.850
   110.60    1.000   -1.755    0.105    9.850
   110.70    1.000   -1.330    0.105    9.850
   110.80    1.000   -0.810    0.105    9.850
   110.90    1.000   -0.220    0.105    9.380
   111.00    1.000    0.435    0.105    6.570
   111.10    1.000    1.120    0.105    3.410
   111.20    1.000    1.800    0.105    0.030
   111.30    1.000    2.440    0.105   -3.360
   111.40    1.000    2.990    0.105   -6.520
   111.50    1.000    3.430    0.100   -9.240
   111.60    1.000    3.740    0.100   -9.830
   111.70    1.000    3.915    0.100   -9.850
   111.80    1.000    3.975    0.100   -9.850
   111.90    1.000    3.980    0.100   -9.850
   112.00    1.000    3.980    0.100   -9.850
   112.10    1.000    3.975    0.095   -9.850
   112.20    1.000    3.960    0.095   -9.850
   112.30    1.000    3.635    0.095   -9.850
   112.40    1.000    3.130    0.095   -9.850
   112.50    1.000    2.545    0.095   -9.850
   112.60    1.000    1.895    0.095   -7.200
   112.70    1.000    1.200    0.095   -4.015
   112.80    1.000    0.505    0.095   -0.585
   112.90    1.000   -0.150    0.095    2.875
   113.00    1.000   -0.730    0.095    6.070
   113.10    1.000   -1.200    0.095    8.945
   113.20    1.000   -1.535    0.095    9.820
   113.30    1.000   -1.740    0.100    9.850
   113.40    1.000   -1.830    0.100    9.850
   113.50    1.000   -1.855    0.100    9.850
   113.60    1.000   -1.850    0.100    9.850
   113.70    1.000   -1.850    0.100    9.850
   113.80    1.000   -1.850    0.100    9.850
   113.90    1.000   -1.710    0.105    9.850
   114.00    1.000   -1.260    0.105    9.850
   114.10    1.000   -0.730    0.105    9.850
   114.20    1.000   -0.130    0.105    9.035
   114.30    1.000    0.530    0.105    6.145
   114.40    1.000    1.225    0.105    2.905
   114.50    1.000    1.900    0.105   -0.495
   114.60    1.000    2.530    0.105   -3.865
   114.70    1.000    3.070    0.105   -6.970
   114.80    1.000    3.495    0.100   -9.620
   114.90    1.000    3.785    0.100   -9.845
   115.00    1.000    3.945    0.100   -9.850
   115.10    1.000    3.990    0.100   -9.850
   115.20    1.000    3.995    0.100   -9.850
   115.30    1.000    3.995    0.100   -9.850
   115.40    1.000    3.995    0.095   -9.850
   115.50    1.000    3.965    0.095   -9.850
   115.60    1.000    3.610    0.095   -9.850
   115.70    1.000    3.095    0.095   -9.850
   115.80    1.000    2.505    0.095   -9.805
   115.90    1.000    1.840    0.095   -6.975
   116.00    1.000    1.145    0.095   -3.765
   116.10    1.000    0.445    0.095   -0.315
   116.20    1.000   -0.210    0.095    3.125
   116.30    1.000   -0.785    0.095    6.375
   116.40    1.000   -1.245    0.095    9.200
   116.50    1.000   -1.575    0.100    9.830
   116.60    1.000   -1.775    0.100    9.850
   116.70    1.000   -1.860    0.100    9.850
   116.80    1.000   -1.870    0.100    9.850
   116.90    1.000   -1.875    0.100    9.850
   117.00    1.000   -1.870    0.100    9.850
   117.10    1.000   -1.870    0.100    9.850
   117.20    1.000   -1.725    0.105    9.850
   117.30    1.000   -1.270    0.105    9.850
   117.40    1.000   -0.735    0.105    9.850
   117.50    1.000   -0.135    0.105    9.055
   117.60    1.000    0.530    0.105    6.160
   117.70    1.000    1.220    0.105    2.915
   117.80    1.000    1.900    0.105   -0.455
   117.90    1.000    2.535    0.105   -3.845
   118.00    1.000    3.075    0.105   -6.955
   118.10    1.000    3.500    0.100   -9.655
   118.20    1.000    3.790    0.100   -9.845
   118.30    1.000    3.955    0.100   -9.850
   118.40    1.000    4.010    0.100   -9.850
   118.50    1.000    4.015    0.100   -9.850
   118.60    1.000    4.015    0.100   -9.850
   118.70    1.000    4.015    0.095   -9.850
   118.80    1.000    3.985    0.095   -9.850
   118.90    1.000    3.625    0.095   -9.850
   119.00    1.000    3.115    0.095   -9.850
   119.10    1.000    2.520    0.095   -9.850
   119.20    1.000    1.860    0.090   -7.085
   119.30    1.000    1.165    0.095   -3.875
   119.40    1.000    0.465    0.095   -0.400
   119.50    1.000   -0.195    0.095    3.065
   119.60    1.000   -0.775    0.095    6.295
   119.70    1.000   -1.235    0.095    9.135
   119.80    1.000   -1.570    0.095    9.825
   119.90    1.000   -1.775    0.100    9.850
   120.00    1.000   -1.860    0.100    9.850
   120.10    1.000   -1.875    0.100    9.850
   120.20    1.000   -1.875    0.100    9.850
   120.30    1.000   -1.875    0.100    9.850
   120.40    1.000   -1.870    0.100    9.850
   120.50    1.000   -1.725    0.105    9.850
   120.60    1.000   -1.275    0.105    9.850
   120.70    1.000   -0.745    0.105    9.850
   120.80    1.000   -0.145    0.105    9.075
   120.90    1.000    0.515    0.105    6.245
   121.00    1.000    1.205    0.105    3.010
   121.10    1.000    1.885    0.105   -0.395
   121.20    1.000    2.515    0.105   -3.760
   121.30    1.000    3.055    0.105   -6.890
   121.40    1.000    3.480    0.100   -9.565
   121.50    1.000    3.775    0.100   -9.840
   121.60    1.000    3.940    0.100   -9.850
   121.70    1.000    3.990    0.100   -9.850
   121.80    1.000    3.995    0.100   -9.850
   121.90    1.000    3.995    0.100   -9.850
   122.00    1.000    3.995    0.095   -9.850
   122.10    1.000    3.970    0.095   -9.850
   122.20    1.000    3.620    0.095   -9.850
   122.30    1.000    3.110    0.095   -9.850
   122.40    1.000    2.520    0.095   -9.850
   122.50    1.000    1.860    0.095   -7.075
   122.60    1.000    1.165    0.095   -3.835
   122.70    1.000    0.465    0.095   -0.440
   122.80    1.000   -0.190    0.095    3.020
   122.90    1.000   -0.770    0.095    6.275
   123.00    1.000   -1.230    0.095    9.120
   123.10    1.000   -1.565    0.095    9.825
   123.20    1.000   -1.770    0.100    9.850
   123.30    1.000   -1.855    0.100    9.850
   123.40    1.000   -1.870    0.100    9.850
   123.50    1.000   -1.870    0.100    9.850
   123.60    1.000   -1.870    0.100    9.850
   123.70    1.000   -1.870    0.100    9.850
   123.80    1.000   -1.730    0.105    9.850
   123.90    1.000   -1.280    0.105    9.850
   124.00    1.000   -0.750    0.105    9.850
   124.10    1.000   -0.150    0.105    9.125
   124.20    1.000    0.510    0.105    6.235
   124.30    1.000    1.205    0.105    3.090
   124.40    0.000    0.000    0.000    0.000

