Data export from TecQuipment CE2000

Data series 1

    Time Func. Gen.    h o/p  pos ref motor i/p 
     0.00    1.000   -1.630    0.100    0.005
     0.10    1.000   -1.630    0.100    9.335
     0.20    1.000   -1.625    0.100    9.850
     0.30    1.000   -1.625    0.100    9.850
     0.40    1.000   -1.625    0.100    9.850
     0.50    1.000   -1.625    0.100    9.850
     0.60    1.000   -1.625    0.105    9.850
     0.70    1.000   -1.625    0.105    9.850
     0.80    1.000   -1.320    0.105    9.850
     0.90    1.000   -0.655    0.105    9.850
     1.00    1.000    0.075    0.105    9.850
     1.10    1.000    0.870    0.105    8.005
     1.20    1.000    1.695    0.105    1.270
     1.30    1.000    2.485    0.105   -2.820
     1.40    1.000    3.190    0.105   -6.735
     1.50    1.000    3.765    0.105   -9.710
     1.60    1.000    4.195    0.100   -9.850
     1.70    1.000    4.480    0.100   -9.850
     1.80    1.000    4.635    0.100   -9.850
     1.90    1.000    4.675    0.100   -9.850
     2.00    1.000    4.675    0.100   -9.850
     2.10    1.000    4.675    0.100   -9.850
     2.20    1.000    4.675    0.095   -9.850
     2.30    1.000    4.675    0.095   -9.850
     2.40    1.000    4.670    0.095   -9.850
     2.50    1.000    4.670    0.095   -9.850
     2.60    1.000    4.670    0.095   -9.850
     2.70    1.000    4.670    0.095   -9.850
     2.80    1.000    4.670    0.095   -9.850
     2.90    1.000    4.665    0.095   -9.850
     3.00    1.000    4.665    0.090   -9.850
     3.10    1.000    4.665    0.090   -9.850
     3.20    1.000    4.155    0.090   -9.850
     3.30    1.000    3.080    0.090   -9.850
     3.40    1.000    1.955    0.090   -9.710
     3.50    1.000    0.785    0.090   -4.390
     3.60    1.000   -0.365    0.090    1.365
     3.70    1.000   -1.425    0.090    7.060
     3.80    1.000   -2.335    0.095    9.755
     3.90    1.000   -3.090    0.095    9.850
     4.00    1.000   -3.685    0.095    9.850
     4.10    1.000   -4.140    0.100    9.850
     4.20    1.000   -4.455    0.100    9.850
     4.30    1.000   -4.635    0.100    9.850
     4.40    1.000   -4.700    0.100    9.850
     4.50    1.000   -4.710    0.105    9.850
     4.60    1.000   -4.710    0.105    9.850
     4.70    1.000   -4.710    0.105    9.850
     4.80    1.000   -4.710    0.105    9.850
     4.90    1.000   -4.705    0.105    9.850
     5.00    1.000   -4.705    0.105    9.850
     5.10    1.000   -4.705    0.105    9.850
     5.20    1.000   -4.700    0.110    9.850
     5.30    1.000   -4.700    0.110    9.850
     5.40    1.000   -4.700    0.110    9.850
     5.50    1.000   -4.700    0.110    9.850
     5.60    1.000   -4.700    0.110    9.850
     5.70    1.000   -4.660    0.110    9.850
     5.80    1.000   -3.925    0.110    9.850
     5.90    1.000   -2.885    0.110    9.850
     6.00    1.000   -1.800    0.110    9.850
     6.10    1.000   -0.665    0.110    9.850
     6.20    1.000    0.515    0.110    8.675
     6.30    1.000    1.720    0.110    3.045
     6.40    1.000    2.885    0.110   -2.830
     6.50    1.000    3.940    0.105   -8.595
     6.60    1.000    4.845    0.105   -9.805
     6.70    1.000    5.585    0.105   -9.850
     6.80    1.000    1.070    0.105   -9.850
     6.90    1.000   -6.345    0.105   -0.235
     7.00    1.000   -6.340    0.105    9.375
     7.10    1.000   -6.335    0.105    9.850
     7.20    1.000   -6.330    0.105    9.850
     7.30    1.000   -6.330    0.105    9.850
     7.40    1.000   -6.325    0.105    9.850
     7.50    1.000   -6.325    0.110    9.850
     7.60    1.000   -6.320    0.110    9.850
     7.70    1.000   -6.320    0.110    9.850
     7.80    1.000   -6.320    0.110    9.850
     7.90    1.000   -6.075    0.110    9.850
     8.00    1.000   -5.090    0.110    9.850
     8.10    1.000   -4.005    0.110    9.850
     8.20    1.000   -2.875    0.110    9.850
     8.30    1.000   -1.705    0.110    9.850
     8.40    1.000   -0.485    0.110    9.850
     8.50    1.000    0.770    0.110    7.845
     8.60    1.000    2.035    0.110    1.835
     8.70    1.000    3.245    0.110   -4.420
     8.80    1.000    4.325    0.110   -9.600
     8.90    1.000    5.250    0.105   -9.850
     9.00    1.000    6.005    0.105   -9.850
     9.10    1.000   -5.520    0.105   -9.850
     9.20    1.000   -6.810    0.105    8.920
     9.30    1.000   -6.805    0.105    9.850
     9.40    1.000   -6.800    0.105    9.850
     9.50    1.000   -6.800    0.105    9.850
     9.60    1.000   -6.795    0.110    9.850
     9.70    1.000   -6.795    0.110    9.850
     9.80    1.000   -6.790    0.110    9.850
     9.90    1.000   -6.790    0.110    9.850
    10.00    1.000   -6.715    0.110    9.850
    10.10    1.000   -5.895    0.110    9.850
    10.20    1.000   -4.835    0.110    9.850
    10.30    1.000   -3.725    0.110    9.850
    10.40    1.000   -2.570    0.110    9.850
    10.50    1.000   -1.375    0.110    9.850
    10.60    1.000   -0.135    0.110    9.850
    10.70    1.000    1.140    0.110    6.185
    10.80    1.000    2.405    0.110    0.030
    10.90    1.000    3.590    0.110   -6.210
    11.00    1.000    4.635    0.110   -9.710
    11.10    1.000    5.515    0.105   -9.850
    11.20    1.000    2.885    0.105   -9.850
    11.30    1.000   -6.815    0.105   -8.820
    11.40    1.000   -6.810    0.105    8.910
    11.50    1.000   -6.805    0.105    9.850
    11.60    1.000   -6.800    0.105    9.850
    11.70    1.000   -6.800    0.105    9.850
    11.80    1.000   -6.795    0.105    9.850
    11.90    1.000   -6.795    0.110    9.850
    12.00    1.000   -6.790    0.110    9.850
    12.10    1.000   -6.790    0.110    9.850
    12.20    1.000   -6.750    0.110    9.850
    12.30    1.000   -6.010    0.110    9.850
    12.40    1.000   -4.970    0.110    9.850
    12.50    1.000   -3.880    0.110    9.850
    12.60    1.000   -2.745    0.110    9.850
    12.70    1.000   -1.565    0.110    9.850
    12.80    1.000   -0.345    0.110    9.850
    12.90    1.000    0.915    0.110    7.150
    13.00    1.000    2.180    0.110    1.165
    13.10    1.000    3.375    0.110   -5.080
    13.20    1.000    4.440    0.110   -9.650
    13.30    1.000    5.345    0.105   -9.850
    13.40    1.000    5.735    0.105   -9.850
    13.50    1.000   -6.780    0.105   -9.850
    13.60    1.000   -6.810    0.105    8.960
    13.70    1.000   -6.805    0.105    9.850
    13.80    1.000   -6.800    0.105    9.850
    13.90    1.000   -6.795    0.110    9.850
    14.00    1.000   -6.795    0.110    9.850
    14.10    1.000   -6.790    0.110    9.850
    14.20    1.000   -6.790    0.110    9.850
    14.30    1.000   -6.790    0.110    9.850
    14.40    1.000   -6.730    0.110    9.850
    14.50    1.000   -5.945    0.110    9.850
    14.60    1.000   -4.895    0.110    9.850
    14.70    1.000   -3.795    0.110    9.850
    14.80    1.000   -2.650    0.110    9.850
    14.90    1.000   -1.460    0.110    9.850
    15.00    1.000   -0.230    0.110    9.850
    15.10    1.000    1.040    0.110    6.620
    15.20    1.000    2.300    0.110    0.520
    15.30    1.000    3.490    0.110   -5.710
    15.40    1.000    4.545    0.110   -9.700
    15.50    1.000    5.435    0.105   -9.850
    15.60    1.000    4.225    0.105   -9.850
    15.70    1.000   -6.815    0.105   -9.850
    15.80    1.000   -6.805    0.105    8.865
    15.90    1.000   -6.800    0.105    9.850
    16.00    1.000   -6.800    0.105    9.850
    16.10    1.000   -6.795    0.105    9.850
    16.20    1.000   -6.795    0.105    9.850
    16.30    1.000   -6.790    0.110    9.850
    16.40    1.000   -6.790    0.110    9.850
    16.50    1.000   -6.785    0.110    9.850
    16.60    1.000   -6.745    0.110    9.850
    16.70    1.000   -5.995    0.110    9.850
    16.80    1.000   -4.950    0.110    9.850
    16.90    1.000   -3.860    0.110    9.850
    17.00    1.000   -2.720    0.110    9.850
    17.10    1.000   -1.540    0.110    9.850
    17.20    1.000   -0.320    0.110    9.850
    17.30    1.000    0.940    0.110    7.055
    17.40    1.000    2.205    0.110    1.005
    17.50    1.000    3.400    0.110   -5.220
    17.60    1.000    4.460    0.110   -9.660
    17.70    1.000    5.360    0.105   -9.850
    17.80    1.000    5.475    0.105   -9.850
    17.90    1.000   -6.805    0.105   -9.850
    18.00    1.000   -6.810    0.105    8.810
    18.10    1.000   -6.805    0.105    9.850
    18.20    1.000   -6.800    0.105    9.850
    18.30    1.000   -6.795    0.110    9.850
    18.40    1.000   -6.795    0.110    9.850
    18.50    1.000   -6.790    0.110    9.850
    18.60    1.000   -6.790    0.110    9.850
    18.70    1.000   -6.790    0.110    9.850
    18.80    1.000   -6.740    0.110    9.850
    18.90    1.000   -5.975    0.110    9.850
    19.00    1.000   -4.925    0.110    9.850
    19.10    1.000   -3.830    0.110    9.850
    19.20    1.000   -2.685    0.110    9.850
    19.30    1.000   -1.495    0.110    9.850
    19.40    1.000   -0.270    0.110    9.850
    19.50    1.000    1.000    0.110    6.800
    19.60    1.000    2.260    0.110    0.695
    19.70    1.000    3.455    0.110   -5.525
    19.80    1.000    4.515    0.105   -9.660
    19.90    1.000    5.410    0.105   -9.850
    20.00    1.000    4.610    0.105   -9.850
    20.10    1.000   -6.820    0.105   -9.850
    20.20    1.000   -6.810    0.105    8.930
    20.30    1.000   -6.805    0.105    9.850
    20.40    1.000   -6.800    0.105    9.850
    20.50    1.000   -6.800    0.105    9.850
    20.60    1.000   -6.795    0.110    9.850
    20.70    1.000   -6.795    0.110    9.850
    20.80    1.000   -6.790    0.110    9.850
    20.90    1.000   -6.790    0.110    9.850
    21.00    1.000   -6.730    0.110    9.850
    21.10    1.000   -5.950    0.110    9.850
    21.20    1.000   -4.900    0.110    9.850
    21.30    1.000   -3.800    0.110    9.850
    21.40    1.000   -2.660    0.110    9.850
    21.50    1.000   -1.470    0.110    9.850
    21.60    1.000   -0.240    0.110    9.850
    21.70    1.000    1.025    0.110    6.670
    21.80    1.000    2.290    0.110    0.590
    21.90    1.000    3.480    0.110   -5.645
    22.00    1.000    4.535    0.110   -9.690
    22.10    1.000    5.430    0.105   -9.850
    22.20    1.000    4.285    0.105   -9.850
    22.30    1.000   -6.820    0.105   -9.850
    22.40    1.000   -6.810    0.105    8.855
    22.50    1.000   -6.805    0.105    9.850
    22.60    1.000   -6.800    0.105    9.850
    22.70    1.000   -6.800    0.105    9.850
    22.80    1.000   -6.795    0.110    9.850
    22.90    1.000   -6.795    0.110    9.850
    23.00    1.000   -6.790    0.110    9.850
    23.10    1.000   -6.790    0.110    9.850
    23.20    1.000   -6.735    0.110    9.850
    23.30    1.000   -5.965    0.110    9.850
    23.40    1.000   -4.920    0.110    9.850
    23.50    1.000   -3.825    0.110    9.850
    23.60    1.000   -2.685    0.110    9.850
    23.70    1.000   -1.500    0.110    9.850
    23.80    1.000   -0.270    0.110    9.850
    23.90    1.000    0.990    0.110    6.820
    24.00    1.000    2.255    0.110    0.770
    24.10    1.000    3.445    0.110   -5.455
    24.20    1.000    4.505    0.110   -9.665
    24.30    1.000    5.405    0.105   -9.850
    24.40    1.000    4.675    0.105   -9.850
    24.50    1.000   -6.815    0.105   -9.850
    24.60    1.000   -6.810    0.105    8.775
    24.70    1.000   -6.805    0.105    9.850
    24.80    1.000   -6.800    0.105    9.850
    24.90   -1.000   -6.795    0.105    9.850
    25.00   -1.000   -6.795    0.105    9.850
    25.10   -1.000   -6.790    0.110    9.850
    25.20   -1.000   -6.790    0.110    9.850
    25.30   -1.000   -6.790    0.110    9.850
    25.40   -1.000   -6.735    0.110    9.850
    25.50   -1.000   -5.955    0.110    9.850
    25.60   -1.000   -4.910    0.110    9.850
    25.70   -1.000   -3.815    0.110    9.850
    25.80   -1.000   -2.675    0.110    9.850
    25.90   -1.000   -1.490    0.110    8.730
    26.00   -1.000   -0.285    0.110    3.105
    26.10   -1.000    0.890    0.105   -2.825
    26.20   -1.000    1.955    0.105   -8.640
    26.30   -1.000    2.865    0.105   -9.810
    26.40   -1.000    3.615    0.105   -9.850
    26.50   -1.000    4.205    0.105   -9.850
    26.60   -1.000    4.655    0.105   -9.850
    26.70   -1.000    4.960    0.100   -9.850
    26.80   -1.000    5.135    0.100   -9.850
    26.90   -1.000    5.195    0.100   -9.850
    27.00   -1.000    5.195    0.100   -9.850
    27.10   -1.000    5.195    0.100   -9.850
    27.20   -1.000    5.195    0.100   -9.850
    27.30   -1.000    5.190    0.095   -9.850
    27.40   -1.000    5.190    0.095   -9.850
    27.50   -1.000    5.190    0.095   -9.850
    27.60   -1.000    5.190    0.095   -9.850
    27.70   -1.000    5.185    0.095   -9.850
    27.80   -1.000    5.185    0.095   -9.850
    27.90   -1.000    5.185    0.095   -9.850
    28.00   -1.000    5.185    0.095   -9.850
    28.10   -1.000    5.185    0.095   -9.850
    28.20   -1.000    4.985    0.090   -9.850
    28.30   -1.000    4.015    0.090   -9.850
    28.40   -1.000    2.925    0.090   -9.850
    28.50   -1.000    1.775    0.090   -9.850
    28.60   -1.000    0.580    0.090   -9.850
    28.70   -1.000   -0.655    0.090   -7.330
    28.80   -1.000   -1.900    0.090   -1.360
    28.90   -1.000   -3.080    0.090    4.730
    29.00   -1.000   -4.140    0.095    9.630
    29.10   -1.000   -5.045    0.095    9.850
    29.20   -1.000   -5.790    0.095    9.850
    29.30   -1.000    0.315    0.095    9.850
    29.40   -1.000    6.345    0.095   -5.330
    29.50   -1.000    6.335    0.095   -9.665
    29.60   -1.000    6.335    0.095   -9.850
    29.70   -1.000    6.330    0.095   -9.850
    29.80   -1.000    6.330    0.095   -9.850
    29.90   -1.000    6.325    0.095   -9.850
    30.00   -1.000    6.325    0.095   -9.850
    30.10   -1.000    6.325    0.095   -9.850
    30.20   -1.000    6.320    0.095   -9.850
    30.30   -1.000    6.115    0.090   -9.850
    30.40   -1.000    5.110    0.090   -9.850
    30.50   -1.000    3.980    0.090   -9.850
    30.60   -1.000    2.800    0.090   -9.850
    30.70   -1.000    1.575    0.090   -9.845
    30.80   -1.000    0.300    0.090   -9.850
    30.90   -1.000   -1.010    0.090   -5.995
    31.00   -1.000   -2.305    0.090    0.330
    31.10   -1.000   -3.520    0.090    6.750
    31.20   -1.000   -4.585    0.095    9.740
    31.30   -1.000   -5.490    0.095    9.850
    31.40   -1.000   -2.910    0.095    9.850
    31.50   -1.000    6.345    0.095    9.850
    31.60   -1.000    6.335    0.095   -8.865
    31.70   -1.000    6.330    0.095   -9.850
    31.80   -1.000    6.330    0.095   -9.850
    31.90   -1.000    6.325    0.095   -9.850
    32.00   -1.000    6.325    0.095   -9.850
    32.10   -1.000    6.320    0.095   -9.850
    32.20   -1.000    6.320    0.095   -9.850
    32.30   -1.000    6.320    0.095   -9.850
    32.40   -1.000    6.265    0.090   -9.850
    32.50   -1.000    5.445    0.090   -9.850
    32.60   -1.000    4.345    0.090   -9.850
    32.70   -1.000    3.190    0.090   -9.850
    32.80   -1.000    1.985    0.090   -9.845
    32.90   -1.000    0.735    0.090   -9.845
    33.00   -1.000   -0.555    0.090   -8.055
    33.10   -1.000   -1.855    0.090   -1.860
    33.20   -1.000   -3.100    0.090    4.500
    33.30   -1.000   -4.220    0.095    9.620
    33.40   -1.000   -5.185    0.095    9.850
    33.50   -1.000   -5.985    0.095    9.850
    33.60   -1.000    5.110    0.095    9.850
    33.70   -1.000    6.335    0.095   -8.960
    33.80   -1.000    6.330    0.095   -9.850
    33.90   -1.000    6.330    0.095   -9.845
    34.00   -1.000    6.325    0.095   -9.850
    34.10   -1.000    6.325    0.095   -9.845
    34.20   -1.000    6.325    0.095   -9.850
    34.30   -1.000    6.320    0.095   -9.850
    34.40   -1.000    6.320    0.095   -9.845
    34.50   -1.000    6.180    0.090   -9.850
    34.60   -1.000    5.220    0.090   -9.850
    34.70   -1.000    4.085    0.090   -9.850
    34.80   -1.000    2.900    0.090   -9.845
    34.90   -1.000    1.670    0.090   -9.845
    35.00   -1.000    0.390    0.090   -9.850
    35.10   -1.000   -0.925    0.090   -6.425
    35.20   -1.000   -2.230    0.090   -0.095
    35.30   -1.000   -3.460    0.090    6.360
    35.40   -1.000   -4.540    0.095    9.720
    35.50   -1.000   -5.465    0.095    9.850
    35.60   -1.000   -2.895    0.095    9.850
    35.70   -1.000    6.345    0.095    9.820
    35.80   -1.000    6.335    0.095   -8.855
    35.90   -1.000    6.330    0.095   -9.850
    36.00   -1.000    6.330    0.095   -9.845
    36.10   -1.000    6.325    0.095   -9.850
    36.20   -1.000    6.325    0.095   -9.850
    36.30   -1.000    6.325    0.095   -9.850
    36.40   -1.000    6.320    0.090   -9.845
    36.50   -1.000    6.320    0.095   -9.850
    36.60   -1.000    6.210    0.095   -9.850
    36.70   -1.000    5.300    0.090   -9.850
    36.80   -1.000    4.185    0.090   -9.850
    36.90   -1.000    3.020    0.090   -9.850
    37.00   -1.000    1.810    0.090   -9.850
    37.10   -1.000    0.550    0.090   -9.845
    37.20   -1.000   -0.750    0.090   -7.165
    37.30   -1.000   -2.045    0.090   -0.925
    37.40   -1.000   -3.280    0.090    5.425
    37.50   -1.000   -4.375    0.095    9.660
    37.60   -1.000   -5.310    0.095    9.850
    37.70   -1.000   -5.440    0.095    9.850
    37.80   -1.000    6.335    0.095    9.850
    37.90   -1.000    6.335    0.095   -8.940
    38.00   -1.000    6.330    0.095   -9.850
    38.10   -1.000    6.330    0.095   -9.850
    38.20   -1.000    6.325    0.095   -9.850
    38.30   -1.000    6.325    0.095   -9.850
    38.40   -1.000    6.325    0.095   -9.850
    38.50   -1.000    6.320    0.095   -9.850
    38.60   -1.000    6.320    0.095   -9.850
    38.70   -1.000    6.215    0.090   -9.850
    38.80   -1.000    5.310    0.090   -9.850
    38.90   -1.000    4.185    0.090   -9.850
    39.00   -1.000    3.015    0.090   -9.850
    39.10   -1.000    1.795    0.090   -9.850
    39.20   -1.000    0.530    0.090   -9.850
    39.30   -1.000   -0.775    0.090   -7.085
    39.40   -1.000   -2.080    0.090   -0.815
    39.50   -1.000   -3.315    0.090    5.625
    39.60   -1.000   -4.410    0.095    9.690
    39.70   -1.000   -5.350    0.095    9.850
    39.80   -1.000   -4.710    0.095    9.850
    39.90   -1.000    6.345    0.095    9.850
    40.00   -1.000    6.335    0.095   -8.830
    40.10   -1.000    6.330    0.095   -9.850
    40.20   -1.000    6.330    0.095   -9.850
    40.30   -1.000    6.325    0.095   -9.850
    40.40   -1.000    6.325    0.095   -9.850
    40.50   -1.000    6.325    0.095   -9.845
    40.60   -1.000    6.320    0.095   -9.850
    40.70   -1.000    6.320    0.090   -9.850
    40.80   -1.000    6.200    0.090   -9.845
    40.90   -1.000    5.270    0.090   -9.850
    41.00   -1.000    4.150    0.090   -9.850
    41.10   -1.000    2.980    0.090   -9.850
    41.20   -1.000    1.760    0.090   -9.850
    41.30   -1.000    0.495    0.090   -9.850
    41.40   -1.000   -0.810    0.090   -6.915
    41.50   -1.000   -2.110    0.090   -0.615
    41.60   -1.000   -3.340    0.090    5.800
    41.70   -1.000   -4.430    0.095    9.675
    41.80   -1.000   -5.360    0.095    9.850
    41.90   -1.000   -4.620    0.095    9.850
    42.00   -1.000    6.345    0.095    9.850
    42.10   -1.000    6.335    0.095   -8.915
    42.20   -1.000    6.330    0.095   -9.850
    42.30   -1.000    6.330    0.095   -9.850
    42.40   -1.000    6.325    0.095   -9.850
    42.50   -1.000    6.325    0.095   -9.850
    42.60   -1.000    6.325    0.095   -9.850
    42.70   -1.000    6.320    0.095   -9.850
    42.80   -1.000    6.320    0.090   -9.850
    42.90   -1.000    6.220    0.090   -9.850
    43.00   -1.000    5.315    0.090   -9.850
    43.10   -1.000    4.195    0.090   -9.850
    43.20   -1.000    3.030    0.090   -9.850
    43.30   -1.000    1.815    0.090   -9.850
    43.40   -1.000    0.550    0.090   -9.850
    43.50   -1.000   -0.750    0.090   -7.205
    43.60   -1.000   -2.050    0.090   -0.970
    43.70   -1.000   -3.280    0.090    5.475
    43.80   -1.000   -4.380    0.095    9.675
    43.90   -1.000   -5.320    0.095    9.850
    44.00   -1.000   -5.180    0.095    9.850
    44.10   -1.000    6.340    0.095    9.850
    44.20   -1.000    6.335    0.095   -8.810
    44.30   -1.000    6.330    0.095   -9.850
    44.40   -1.000    6.330    0.095   -9.850
    44.50   -1.000    6.325    0.095   -9.850
    44.60   -1.000    6.325    0.095   -9.850
    44.70   -1.000    6.325    0.095   -9.850
    44.80   -1.000    6.320    0.095   -9.850
    44.90   -1.000    6.320    0.095   -9.850
    45.00   -1.000    6.210    0.090   -9.850
    45.10   -1.000    5.300    0.090   -9.850
    45.20   -1.000    4.180    0.090   -9.850
    45.30   -1.000    3.010    0.090   -9.850
    45.40   -1.000    1.790    0.090   -9.850
    45.50   -1.000    0.520    0.090   -9.850
    45.60   -1.000   -0.780    0.090   -7.050
    45.70   -1.000   -2.085    0.090   -0.765
    45.80   -1.000   -3.315    0.090    5.675
    45.90   -1.000   -4.410    0.095    9.660
    46.00   -1.000   -5.350    0.095    9.850
    46.10   -1.000   -4.755    0.095    9.850
    46.20   -1.000    6.345    0.095    9.850
    46.30   -1.000    6.335    0.095   -8.870
    46.40   -1.000    6.335    0.095   -9.850
    46.50   -1.000    6.330    0.095   -9.850
    46.60   -1.000    6.325    0.095   -9.850
    46.70   -1.000    6.325    0.095   -9.850
    46.80   -1.000    6.325    0.095   -9.850
    46.90   -1.000    6.320    0.095   -9.850
    47.00   -1.000    6.320    0.090   -9.850
    47.10   -1.000    6.205    0.090   -9.850
    47.20   -1.000    5.280    0.090   -9.850
    47.30   -1.000    4.160    0.090   -9.850
    47.40   -1.000    2.990    0.090   -9.850
    47.50   -1.000    1.770    0.090   -9.850
    47.60   -1.000    0.500    0.090   -9.850
    47.70   -1.000   -0.800    0.090   -6.945
    47.80   -1.000   -2.100    0.090   -0.705
    47.90   -1.000   -3.335    0.090    5.710
    48.00   -1.000   -4.425    0.095    9.685
    48.10   -1.000   -5.360    0.095    9.850
    48.20   -1.000   -4.555    0.095    9.850
    48.30   -1.000    6.345    0.095    9.850
    48.40   -1.000    6.335    0.095   -8.785
    48.50   -1.000    6.330    0.095   -9.850
    48.60   -1.000    6.330    0.095   -9.850
    48.70   -1.000    6.325    0.095   -9.850
    48.80   -1.000    6.325    0.095   -9.850
    48.90   -1.000    6.320    0.095   -9.850
    49.00   -1.000    6.320    0.095   -9.850
    49.10   -1.000    6.320    0.090   -9.850
    49.20   -1.000    6.210    0.090   -9.850
    49.30   -1.000    5.290    0.090   -9.850
    49.40   -1.000    4.170    0.090   -9.850
    49.50   -1.000    3.005    0.090   -9.850
    49.60   -1.000    1.785    0.090   -9.850
    49.70   -1.000    0.520    0.090   -9.850
    49.80   -1.000   -0.780    0.090   -7.055
    49.90    1.000   -2.080    0.090   -0.780
    50.00    1.000   -3.305    0.090    9.400
    50.10    1.000   -4.385    0.095    9.850
    50.20    1.000   -5.300    0.095    9.850
    50.30    1.000   -6.055    0.095    9.850
    50.40    1.000    6.120    0.095    9.850
    50.50    1.000    6.335    0.095   -8.865
    50.60    1.000    6.330    0.095   -9.850
    50.70    1.000    6.330    0.095   -9.850
    50.80    1.000    6.325    0.095   -9.850
    50.90    1.000    6.325    0.095   -9.850
    51.00    1.000    6.325    0.095   -9.850
    51.10    1.000    6.325    0.095   -9.850
    51.20    1.000    6.320    0.095   -9.850
    51.30    1.000    6.285    0.090   -9.850
    51.40    1.000    5.520    0.090   -9.845
    51.50    1.000    4.410    0.090   -9.850
    51.60    1.000    3.250    0.090   -9.850
    51.70    1.000    2.045    0.090   -9.850
    51.80    1.000    0.800    0.090   -4.800
    51.90    1.000   -0.430    0.090    1.300
    52.00    1.000   -1.565    0.090    7.325
    52.10    1.000   -2.555    0.095    9.750
    52.20    1.000   -3.385    0.095    9.850
    52.30    1.000   -4.065    0.095    9.850
    52.40    1.000   -4.600    0.100    9.850
    52.50    1.000   -4.995    0.100    9.850
    52.60    1.000   -5.260    0.100    9.850
    52.70    1.000   -5.400    0.100    9.850
    52.80    1.000   -5.445    0.100    9.850
    52.90    1.000   -5.450    0.105    9.850
    53.00    1.000   -5.450    0.105    9.850
    53.10    1.000   -5.450    0.105    9.850
    53.20    1.000   -5.445    0.105    9.850
    53.30    1.000   -5.445    0.105    9.850
    53.40    1.000   -5.445    0.105    9.850
    53.50    1.000   -5.440    0.105    9.850
    53.60    1.000   -5.440    0.110    9.850
    53.70    1.000   -5.440    0.110    9.850
    53.80    1.000   -5.435    0.110    9.850
    53.90    1.000   -5.435    0.110    9.850
    54.00    1.000   -5.435    0.110    9.850
    54.10    1.000   -5.400    0.110    9.850
    54.20    1.000   -4.675    0.110    9.850
    54.30    1.000   -3.645    0.110    9.850
    54.40    1.000   -2.570    0.110    9.850
    54.50    1.000   -1.450    0.110    9.850
    54.60    1.000   -0.285    0.110    9.850
    54.70    1.000    0.920    0.110    6.885
    54.80    1.000    2.125    0.110    1.100
    54.90    1.000    3.270    0.110   -4.860
    55.00    1.000    4.295    0.110   -9.660
    55.10    1.000    5.160    0.105   -9.850
    55.20    1.000    5.875    0.105   -9.850
    55.30    1.000   -2.045    0.105   -9.850
    55.40    1.000   -6.340    0.105    8.865
    55.50    1.000   -6.335    0.105    9.850
    55.60    1.000   -6.330    0.105    9.850
    55.70    1.000   -6.325    0.105    9.850
    55.80    1.000   -6.325    0.110    9.850
    55.90    1.000   -6.320    0.110    9.850
    56.00    1.000   -6.320    0.110    9.850
    56.10    1.000   -6.320    0.110    9.850
    56.20    1.000   -6.315    0.110    9.850
    56.30    1.000   -6.225    0.110    9.850
    56.40    1.000   -5.360    0.110    9.850
    56.50    1.000   -4.285    0.110    9.850
    56.60    1.000   -3.165    0.110    9.850
    56.70    1.000   -1.995    0.110    9.850
    56.80    1.000   -0.785    0.110    9.850
    56.90    1.000    0.460    0.110    9.260
    57.00    1.000    1.735    0.110    3.370
    57.10    1.000    2.975    0.110   -2.910
    57.20    1.000    4.105    0.110   -9.020
    57.30    1.000    5.080    0.105   -9.825
    57.40    1.000    5.890    0.105   -9.850
    57.50    1.000   -3.830    0.105   -9.850
    57.60    1.000   -6.810    0.105    8.810
    57.70    1.000   -6.805    0.105    9.850
    57.80    1.000   -6.800    0.105    9.850
    57.90    1.000   -6.795    0.110    9.850
    58.00    1.000   -6.795    0.110    9.850
    58.10    1.000   -6.790    0.110    9.850
    58.20    1.000   -6.790    0.110    9.850
    58.30    1.000   -6.785    0.110    9.850
    58.40    1.000   -6.535    0.110    9.850
    58.50    1.000   -5.540    0.110    9.850
    58.60    1.000   -4.450    0.110    9.850
    58.70    1.000   -3.315    0.110    9.850
    58.80    1.000   -2.135    0.110    9.850
    58.90    1.000   -0.915    0.110    9.850
    59.00    1.000    0.345    0.110    9.850
    59.10    1.000    1.635    0.110    3.910
    59.20    1.000    2.890    0.110   -2.445
    59.30    1.000    4.040    0.110   -8.625
    59.40    1.000    5.035    0.110   -9.805
    59.50    1.000    5.870    0.105   -9.850
    59.60    1.000   -3.725    0.105   -9.850
    59.70    1.000   -6.805    0.105    8.870
    59.80    1.000   -6.800    0.105    9.850
    59.90    1.000   -6.795    0.105    9.850
    60.00    1.000   -6.790    0.110    9.850
    60.10    1.000   -6.790    0.110    9.850
    60.20    1.000   -6.785    0.110    9.850
    60.30    1.000   -6.785    0.110    9.850
    60.40    1.000   -6.785    0.110    9.850
    60.50    1.000   -6.415    0.110    9.850
    60.60    1.000   -5.375    0.110    9.850
    60.70    1.000   -4.270    0.110    9.850
    60.80    1.000   -3.125    0.110    9.850
    60.90    1.000   -1.935    0.110    9.850
    61.00    1.000   -0.700    0.110    9.850
    61.10    1.000    0.570    0.110    8.850
    61.20    1.000    1.860    0.110    2.860
    61.30    1.000    3.105    0.110   -3.515
    61.40    1.000    4.235    0.110   -9.580
    61.50    1.000    5.210    0.110   -9.850
    61.60    1.000    6.025    0.105   -9.850
    61.70    1.000   -6.570    0.105   -9.850
    61.80    1.000   -6.805    0.105    8.790
    61.90    1.000   -6.800    0.105    9.850
    62.00    1.000   -6.795    0.105    9.850
    62.10    1.000   -6.795    0.110    9.850
    62.20    1.000   -6.790    0.110    9.850
    62.30    1.000   -6.790    0.110    9.850
    62.40    1.000   -6.785    0.110    9.850
    62.50    1.000   -6.785    0.110    9.850
    62.60    1.000   -6.435    0.110    9.850
    62.70    1.000   -5.410    0.110    9.850
    62.80    1.000   -4.320    0.110    9.850
    62.90    1.000   -3.190    0.110    9.850
    63.00    1.000   -2.010    0.110    9.850
    63.10    1.000   -0.795    0.110    9.850
    63.20    1.000    0.465    0.110    9.280
    63.30    1.000    1.750    0.110    3.330
    63.40    1.000    2.995    0.110   -3.000
    63.50    1.000    4.130    0.110   -9.140
    63.60    1.000    5.110    0.105   -9.830
    63.70    1.000    5.925    0.105   -9.850
    63.80    1.000   -4.625    0.105   -9.850
    63.90    1.000   -6.810    0.105    8.865
    64.00    1.000   -6.800    0.105    9.850
    64.10    1.000   -6.800    0.105    9.850
    64.20    1.000   -6.795    0.105    9.850
    64.30    1.000   -6.795    0.110    9.850
    64.40    1.000   -6.790    0.110    9.850
    64.50    1.000   -6.790    0.110    9.850
    64.60    1.000   -6.785    0.110    9.850
    64.70    1.000   -6.480    0.110    9.850
    64.80    1.000   -5.465    0.110    9.850
    64.90    1.000   -4.370    0.110    9.850
    65.00    1.000   -3.235    0.110    9.850
    65.10    1.000   -2.055    0.110    9.850
    65.20    1.000   -0.835    0.110    9.850
    65.30    1.000    0.430    0.110    9.465
    65.40    1.000    1.715    0.110    3.500
    65.50    1.000    2.965    0.110   -2.795
    65.60    1.000    4.110    0.110   -8.980
    65.70    1.000    5.100    0.105   -9.825
    65.80    1.000    5.925    0.105   -9.850
    65.90    1.000   -4.685    0.105   -9.850
    66.00    1.000   -6.805    0.105    8.965
    66.10    1.000   -6.800    0.105    9.850
    66.20    1.000   -6.795    0.110    9.850
    66.30    1.000   -6.790    0.110    9.850
    66.40    1.000   -6.790    0.110    9.850
    66.50    1.000   -6.785    0.110    9.850
    66.60    1.000   -6.785    0.110    9.850
    66.70    1.000   -6.785    0.110    9.850
    66.80    1.000   -6.425    0.110    9.850
    66.90    1.000   -5.390    0.110    9.850
    67.00    1.000   -4.295    0.110    9.850
    67.10    1.000   -3.155    0.110    9.850
    67.20    1.000   -1.965    0.110    9.850
    67.30    1.000   -0.740    0.110    9.850
    67.40    1.000    0.525    0.110    9.045
    67.50    1.000    1.815    0.110    3.035
    67.60    1.000    3.060    0.110   -3.310
    67.70    1.000    4.195    0.105   -9.480
    67.80    1.000    5.170    0.105   -9.845
    67.90    1.000    5.985    0.105   -9.850
    68.00    1.000   -5.810    0.105   -9.850
    68.10    1.000   -6.805    0.105    8.855
    68.20    1.000   -6.800    0.105    9.850
    68.30    1.000   -6.795    0.105    9.850
    68.40    1.000   -6.795    0.110    9.850
    68.50    1.000   -6.790    0.110    9.850
    68.60    1.000   -6.790    0.110    9.850
    68.70    1.000   -6.785    0.110    9.850
    68.80    1.000   -6.785    0.110    9.850
    68.90    1.000   -6.450    0.110    9.850
    69.00    1.000   -5.425    0.110    9.850
    69.10    1.000   -4.335    0.110    9.850
    69.20    1.000   -3.200    0.110    9.850
    69.30    1.000   -2.020    0.110    9.850
    69.40    1.000   -0.800    0.110    9.850
    69.50    1.000    0.460    0.110    9.300
    69.60    1.000    1.745    0.110    3.330
    69.70    1.000    2.995    0.110   -2.935
    69.80    1.000    4.135    0.110   -9.125
    69.90    1.000    5.115    0.105   -9.830
    70.00    1.000    5.940    0.105   -9.850
    70.10    1.000   -4.915    0.105   -9.850
    70.20    1.000   -6.805    0.105    8.945
    70.30    1.000   -6.800    0.105    9.850
    70.40    1.000   -6.795    0.105    9.850
    70.50    1.000   -6.795    0.110    9.850
    70.60    1.000   -6.790    0.110    9.850
    70.70    1.000   -6.790    0.110    9.850
    70.80    1.000   -6.785    0.110    9.850
    70.90    1.000   -6.785    0.110    9.850
    71.00    1.000   -6.440    0.110    9.850
    71.10    1.000   -5.415    0.110    9.850
    71.20    1.000   -4.320    0.110    9.850
    71.30    1.000   -3.180    0.110    9.850
    71.40    1.000   -2.000    0.110    9.850
    71.50    1.000   -0.775    0.110    9.850
    71.60    1.000    0.490    0.110    9.190
    71.70    1.000    1.775    0.110    3.215
    71.80    1.000    3.025    0.110   -3.135
    71.90    1.000    4.165    0.110   -9.300
    72.00    1.000    5.145    0.110   -9.840
    72.10    1.000    5.965    0.105   -9.850
    72.20    1.000   -5.405    0.105   -9.850
    72.30    1.000   -6.805    0.105    8.835
    72.40    1.000   -6.800    0.105    9.850
    72.50    1.000   -6.795    0.105    9.850
    72.60    1.000   -6.790    0.110    9.850
    72.70    1.000   -6.790    0.110    9.850
    72.80    1.000   -6.785    0.110    9.850
    72.90    1.000   -6.785    0.110    9.850
    73.00    1.000   -6.780    0.110    9.850
    73.10    1.000   -6.440    0.110    9.850
    73.20    1.000   -5.415    0.110    9.850
    73.30    1.000   -4.325    0.110    9.850
    73.40    1.000   -3.190    0.110    9.850
    73.50    1.000   -2.005    0.110    9.850
    73.60    1.000   -0.785    0.110    9.850
    73.70    1.000    0.480    0.110    9.235
    73.80    1.000    1.765    0.110    3.265
    73.90    1.000    3.010    0.110   -3.090
    74.00    1.000    4.150    0.110   -9.190
    74.10    1.000    5.130    0.105   -9.835
    74.20    1.000    5.950    0.105   -9.850
    74.30    1.000   -5.150    0.105   -9.850
    74.40    1.000   -6.805    0.105    8.920
    74.50    1.000   -6.800    0.105    9.850
    74.60    1.000   -6.795    0.105    9.850
    74.70    1.000   -6.795    0.105    9.850
    74.80    1.000   -6.790    0.110    9.850
    74.90   -1.000   -6.790    0.110    9.850
    75.00   -1.000   -6.785    0.110    9.850
    75.10   -1.000   -6.785    0.110    9.850
    75.20   -1.000   -6.445    0.110    9.850
    75.30   -1.000   -5.420    0.110    9.850
    75.40   -1.000   -4.330    0.110    9.850
    75.50   -1.000   -3.195    0.110    9.850
    75.60   -1.000   -2.015    0.110    9.850
    75.70   -1.000   -0.800    0.110    5.600
    75.80   -1.000    0.405    0.110   -0.255
    75.90   -1.000    1.535    0.105   -6.205
    76.00   -1.000    2.525    0.105   -9.700
    76.10   -1.000    3.360    0.105   -9.850
    76.20   -1.000    4.045    0.105   -9.850
    76.30   -1.000    4.575    0.105   -9.850
    76.40   -1.000    4.965    0.100   -9.850
    76.50   -1.000    5.220    0.100   -9.850
    76.60   -1.000    5.350    0.100   -9.850
    76.70   -1.000    5.380    0.100   -9.850
    76.80   -1.000    5.375    0.100   -9.850
    76.90   -1.000    5.375    0.100   -9.850
    77.00   -1.000    5.375    0.095   -9.850
    77.10   -1.000    5.370    0.095   -9.850
    77.20   -1.000    5.370    0.095   -9.850
    77.30   -1.000    5.370    0.095   -9.850
    77.40   -1.000    5.370    0.095   -9.850
    77.50   -1.000    5.365    0.095   -9.850
    77.60   -1.000    5.365    0.095   -9.850
    77.70   -1.000    5.365    0.095   -9.850
    77.80   -1.000    5.365    0.095   -9.850
    77.90   -1.000    5.365    0.090   -9.850
    78.00   -1.000    5.030    0.090   -9.850
    78.10   -1.000    4.005    0.090   -9.850
    78.20   -1.000    2.915    0.090   -9.850
    78.30   -1.000    1.770    0.090   -9.850
    78.40   -1.000    0.575    0.090   -9.850
    78.50   -1.000   -0.655    0.090   -7.315
    78.60   -1.000   -1.895    0.090   -1.375
    78.70   -1.000   -3.075    0.090    4.750
    78.80   -1.000   -4.135    0.095    9.615
    78.90   -1.000   -5.040    0.095    9.850
    79.00   -1.000   -5.790    0.095    9.850
    79.10   -1.000    0.545    0.095    9.850
    79.20   -1.000    6.345    0.095   -6.360
    79.30   -1.000    6.335    0.095   -9.740
    79.40   -1.000    6.335    0.095   -9.850
    79.50   -1.000    6.330    0.095   -9.850
    79.60   -1.000    6.330    0.095   -9.850
    79.70   -1.000    6.325    0.095   -9.850
    79.80   -1.000    6.325    0.095   -9.850
    79.90   -1.000    6.325    0.095   -9.850
    80.00   -1.000    6.320    0.090   -9.850
    80.10   -1.000    6.025    0.090   -9.850
    80.20   -1.000    4.975    0.090   -9.850
    80.30   -1.000    3.845    0.090   -9.850
    80.40   -1.000    2.665    0.090   -9.850
    80.50   -1.000    1.440    0.090   -9.845
    80.60   -1.000    0.165    0.090   -9.850
    80.70   -1.000   -1.140    0.090   -5.385
    80.80   -1.000   -2.425    0.090    0.960
    80.90   -1.000   -3.625    0.090    7.320
    81.00   -1.000   -4.675    0.095    9.755
    81.10   -1.000   -5.565    0.095    9.850
    81.20   -1.000   -1.650    0.095    9.850
    81.30   -1.000    6.340    0.095    3.965
    81.40   -1.000    6.335    0.095   -9.180
    81.50   -1.000    6.330    0.095   -9.850
    81.60   -1.000    6.325    0.095   -9.850
    81.70   -1.000    6.325    0.095   -9.850
    81.80   -1.000    6.325    0.095   -9.850
    81.90   -1.000    6.320    0.095   -9.850
    82.00   -1.000    6.320    0.095   -9.850
    82.10   -1.000    6.320    0.095   -9.850
    82.20   -1.000    6.065    0.090   -9.850
    82.30   -1.000    5.040    0.090   -9.845
    82.40   -1.000    3.915    0.090   -9.850
    82.50   -1.000    2.745    0.090   -9.850
    82.60   -1.000    1.520    0.090   -9.845
    82.70   -1.000    0.255    0.090   -9.850
    82.80   -1.000   -1.045    0.090   -5.810
    82.90   -1.000   -2.330    0.090    0.520
    83.00   -1.000   -3.530    0.090    6.880
    83.10   -1.000   -4.590    0.095    9.725
    83.20   -1.000   -5.490    0.095    9.850
    83.30   -1.000   -2.930    0.095    9.850
    83.40   -1.000    6.345    0.095    9.850
    83.50   -1.000    6.335    0.095   -8.910
    83.60   -1.000    6.330    0.095   -9.850
    83.70   -1.000    6.330    0.095   -9.850
    83.80   -1.000    6.325    0.095   -9.850
    83.90   -1.000    6.325    0.095   -9.850
    84.00   -1.000    6.320    0.095   -9.850
    84.10   -1.000    6.320    0.095   -9.845
    84.20   -1.000    6.320    0.090   -9.850
    84.30   -1.000    6.270    0.095   -9.845
    84.40   -1.000    5.480    0.090   -9.845
    84.50   -1.000    4.385    0.090   -9.845
    84.60   -1.000    3.240    0.090   -9.850
    84.70   -1.000    2.045    0.090   -9.850
    84.80   -1.000    0.805    0.090   -9.845
    84.90   -1.000   -0.475    0.090   -8.385
    85.00   -1.000   -1.770    0.090   -2.325
    85.10   -1.000   -3.015    0.090    4.070
    85.20   -1.000   -4.140    0.095    9.610
    85.30   -1.000   -5.110    0.095    9.850
    85.40   -1.000   -5.925    0.095    9.850
    85.50   -1.000    4.065    0.095    9.850
    85.60   -1.000    6.340    0.095   -8.800
    85.70   -1.000    6.330    0.095   -9.850
    85.80   -1.000    6.330    0.095   -9.850
    85.90   -1.000    6.325    0.095   -9.850
    86.00   -1.000    6.325    0.095   -9.850
    86.10   -1.000    6.320    0.095   -9.850
    86.20   -1.000    6.320    0.095   -9.850
    86.30   -1.000    6.320    0.090   -9.850
    86.40   -1.000    6.180    0.090   -9.850
    86.50   -1.000    5.220    0.090   -9.850
    86.60   -1.000    4.085    0.090   -9.845
    86.70   -1.000    2.905    0.090   -9.850
    86.80   -1.000    1.675    0.090   -9.845
    86.90   -1.000    0.405    0.090   -9.845
    87.00   -1.000   -0.905    0.090   -6.495
    87.10   -1.000   -2.205    0.090   -0.165
    87.20   -1.000   -3.430    0.090    6.260
    87.30   -1.000   -4.515    0.095    9.725
    87.40   -1.000   -5.445    0.095    9.850
    87.50   -1.000   -3.135    0.095    9.850
    87.60   -1.000    6.345    0.095    9.850
    87.70   -1.000    6.335    0.095   -8.865
    87.80   -1.000    6.330    0.095   -9.850
    87.90   -1.000    6.330    0.095   -9.850
    88.00   -1.000    6.325    0.095   -9.850
    88.10   -1.000    6.325    0.095   -9.850
    88.20   -1.000    6.320    0.095   -9.850
    88.30   -1.000    6.320    0.095   -9.850
    88.40   -1.000    6.320    0.095   -9.850
    88.50   -1.000    6.195    0.090   -9.850
    88.60   -1.000    5.275    0.090   -9.850
    88.70   -1.000    4.165    0.090   -9.850
    88.80   -1.000    3.005    0.090   -9.850
    88.90   -1.000    1.800    0.090   -9.850
    89.00   -1.000    0.550    0.090   -9.850
    89.10   -1.000   -0.740    0.090   -7.160
    89.20   -1.000   -2.030    0.090   -1.000
    89.30   -1.000   -3.255    0.090    5.370
    89.40   -1.000   -4.350    0.095    9.665
    89.50   -1.000   -5.290    0.095    9.850
    89.60   -1.000   -5.735    0.095    9.850
    89.70   -1.000    6.310    0.095    9.850
    89.80   -1.000    6.335    0.095   -8.780
    89.90   -1.000    6.330    0.095   -9.850
    90.00   -1.000    6.330    0.095   -9.850
    90.10   -1.000    6.325    0.095   -9.850
    90.20   -1.000    6.325    0.095   -9.850
    90.30   -1.000    6.320    0.095   -9.850
    90.40   -1.000    6.320    0.090   -9.850
    90.50   -1.000    6.320    0.090   -9.850
    90.60   -1.000    6.225    0.090   -9.850
    90.70   -1.000    5.330    0.090   -9.845
    90.80   -1.000    4.215    0.090   -9.850
    90.90   -1.000    3.055    0.090   -9.850
    91.00   -1.000    1.840    0.090   -9.845
    91.10   -1.000    0.585    0.090   -9.850
    91.20   -1.000   -0.710    0.090   -7.335
    91.30   -1.000   -2.005    0.090   -1.125
    91.40   -1.000   -3.240    0.090    5.275
    91.50   -1.000   -4.345    0.095    9.680
    91.60   -1.000   -5.290    0.095    9.850
    91.70   -1.000   -5.520    0.095    9.850
    91.80   -1.000    6.330    0.095    9.850
    91.90   -1.000    6.335    0.095   -8.865
    92.00   -1.000    6.330    0.095   -9.850
    92.10   -1.000    6.330    0.095   -9.850
    92.20   -1.000    6.325    0.095   -9.850
    92.30   -1.000    6.325    0.095   -9.850
    92.40   -1.000    6.320    0.095   -9.850
    92.50   -1.000    6.320    0.095   -9.850
    92.60   -1.000    6.320    0.095   -9.850
    92.70   -1.000    6.185    0.090   -9.850
    92.80   -1.000    5.245    0.090   -9.850
    92.90   -1.000    4.120    0.090   -9.845
    93.00   -1.000    2.955    0.090   -9.850
    93.10   -1.000    1.735    0.090   -9.850
    93.20   -1.000    0.475    0.090   -9.850
    93.30   -1.000   -0.825    0.090   -6.810
    93.40   -1.000   -2.120    0.090   -0.530
    93.50   -1.000   -3.345    0.090    5.800
    93.60   -1.000   -4.435    0.095    9.685
    93.70   -1.000   -5.370    0.095    9.850
    93.80   -1.000   -4.410    0.095    9.850
    93.90   -1.000    6.345    0.095    9.850
    94.00   -1.000    6.335    0.095   -8.955
    94.10   -1.000    6.330    0.095   -9.850
    94.20   -1.000    6.330    0.095   -9.850
    94.30   -1.000    6.325    0.095   -9.850
    94.40   -1.000    6.325    0.095   -9.850
    94.50   -1.000    6.325    0.095   -9.845
    94.60   -1.000    6.320    0.095   -9.845
    94.70   -1.000    6.320    0.095   -9.845
    94.80   -1.000    6.205    0.090   -9.850
    94.90   -1.000    5.290    0.090   -9.850
    95.00   -1.000    4.175    0.090   -9.850
    95.10   -1.000    3.015    0.090   -9.850
    95.20   -1.000    1.805    0.090   -9.845
    95.30   -1.000    0.550    0.090   -9.850
    95.40   -1.000   -0.745    0.090   -7.175
    95.50   -1.000   -2.035    0.090   -0.980
    95.60   -1.000   -3.260    0.090    5.410
    95.70   -1.000   -4.360    0.095    9.680
    95.80   -1.000   -5.300    0.095    9.850
    95.90   -1.000   -5.490    0.095    9.850
    96.00   -1.000    6.330    0.095    9.850
    96.10   -1.000    6.335    0.095   -8.845
    96.20   -1.000    6.330    0.095   -9.850
    96.30   -1.000    6.330    0.095   -9.850
    96.40   -1.000    6.325    0.095   -9.850
    96.50   -1.000    6.325    0.095   -9.845
    96.60   -1.000    6.325    0.095   -9.850
    96.70   -1.000    6.320    0.095   -9.850
    96.80   -1.000    6.320    0.095   -9.845
    96.90   -1.000    6.210    0.095   -9.850
    97.00   -1.000    5.295    0.090   -9.850
    97.10   -1.000    4.175    0.090   -9.850
    97.20   -1.000    3.015    0.090   -9.850
    97.30   -1.000    1.800    0.090   -9.845
    97.40   -1.000    0.545    0.090   -9.850
    97.50   -1.000   -0.750    0.090   -7.140
    97.60   -1.000   -2.045    0.090   -0.905
    97.70   -1.000   -3.275    0.090    5.430
    97.80   -1.000   -4.370    0.095    9.660
    97.90   -1.000   -5.310    0.095    9.850
    98.00   -1.000   -5.290    0.095    9.850
    98.10   -1.000    6.340    0.095    9.850
    98.20   -1.000    6.335    0.095   -8.935
    98.30   -1.000    6.330    0.095   -9.850
    98.40   -1.000    6.330    0.095   -9.850
    98.50   -1.000    6.325    0.095   -9.850
    98.60   -1.000    6.325    0.095   -9.850
    98.70   -1.000    6.320    0.095   -9.850
    98.80   -1.000    6.320    0.095   -9.845
    98.90   -1.000    6.320    0.095   -9.850
    99.00   -1.000    6.200    0.090   -9.845
    99.10   -1.000    5.275    0.090   -9.845
    99.20   -1.000    4.155    0.090   -9.850
    99.30   -1.000    2.990    0.090   -9.845
    99.40   -1.000    1.775    0.090   -9.850
    99.50   -1.000    0.520    0.090   -9.850
    99.60   -1.000   -0.775    0.090   -7.040
    99.70   -1.000   -2.070    0.090   -0.815
    99.80   -1.000   -3.295    0.090    5.580
    99.90    1.000   -4.390    0.095    9.680
   100.00    1.000   -5.330    0.095    9.850
   100.10    1.000   -5.025    0.095    9.850
   100.20    1.000    6.345    0.095    9.850
   100.30    1.000    6.335    0.095   -8.825
   100.40    1.000    6.330    0.095   -9.850
   100.50    1.000    6.330    0.095   -9.850
   100.60    1.000    6.325    0.095   -9.850
   100.70    1.000    6.325    0.095   -9.850
   100.80    1.000    6.325    0.095   -9.850
   100.90    1.000    6.320    0.095   -9.850
   101.00    1.000    6.320    0.095   -9.850
   101.10    1.000    6.205    0.090   -9.845
   101.20    1.000    5.290    0.090   -9.845
   101.30    1.000    4.175    0.090   -9.850
   101.40    1.000    3.015    0.090   -9.845
   101.50    1.000    1.805    0.090   -9.370
   101.60    1.000    0.565    0.090   -3.660
   101.70    1.000   -0.645    0.090    2.440
   101.80    1.000   -1.755    0.090    8.435
   101.90    1.000   -2.715    0.095    9.805
   102.00    1.000   -3.520    0.095    9.850
   102.10    1.000   -4.175    0.095    9.850
   102.20    1.000   -4.690    0.100    9.850
   102.30    1.000   -5.070    0.100    9.850
   102.40    1.000   -5.320    0.100    9.850
   102.50    1.000   -5.450    0.100    9.850
   102.60    1.000   -5.490    0.100    9.850
   102.70    1.000   -5.490    0.105    9.850
   102.80    1.000   -5.490    0.105    9.850
   102.90    1.000   -5.490    0.105    9.850
   103.00    1.000   -5.485    0.105    9.850
   103.10    1.000   -5.485    0.105    9.850
   103.20    1.000   -5.485    0.105    9.850
   103.30    1.000   -5.480    0.105    9.850
   103.40    1.000   -5.480    0.110    9.850
   103.50    1.000   -5.480    0.110    9.850
   103.60    1.000   -5.480    0.110    9.850
   103.70    1.000   -5.475    0.110    9.850
   103.80    1.000   -5.475    0.110    9.850
   103.90    1.000   -5.430    0.110    9.850
   104.00    1.000   -4.680    0.110    9.850
   104.10    1.000   -3.655    0.110    9.850
   104.20    1.000   -2.585    0.110    9.850
   104.30    1.000   -1.470    0.110    9.850
   104.40    1.000   -0.310    0.110    9.850
   104.50    1.000    0.890    0.110    7.010
   104.60    1.000    2.090    0.110    1.260
   104.70    1.000    3.235    0.110   -4.670
   104.80    1.000    4.260    0.105   -9.645
   104.90    1.000    5.135    0.105   -9.850
   105.00    1.000    5.850    0.105   -9.850
   105.10    1.000   -1.645    0.105   -9.850
   105.20    1.000   -6.340    0.105    8.835
   105.30    1.000   -6.335    0.105    9.850
   105.40    1.000   -6.330    0.105    9.850
   105.50    1.000   -6.330    0.105    9.850
   105.60    1.000   -6.325    0.110    9.850
   105.70    1.000   -6.325    0.110    9.850
   105.80    1.000   -6.320    0.110    9.850
   105.90    1.000   -6.320    0.110    9.850
   106.00    1.000   -6.315    0.110    9.850
   106.10    1.000   -6.215    0.110    9.850
   106.20    1.000   -5.340    0.110    9.850
   106.30    1.000   -4.265    0.110    9.850
   106.40    1.000   -3.145    0.110    9.850
   106.50    1.000   -1.980    0.110    9.850
   106.60    1.000   -0.775    0.110    9.850
   106.70    1.000    0.470    0.110    9.210
   106.80    1.000    1.740    0.110    3.300
   106.90    1.000    2.970    0.110   -2.910
   107.00    1.000    4.100    0.110   -9.005
   107.10    1.000    5.070    0.105   -9.825
   107.20    1.000    5.885    0.105   -9.850
   107.30    1.000   -3.785    0.105   -9.850
   107.40    1.000   -6.810    0.105    8.955
   107.50    1.000   -6.805    0.105    9.850
   107.60    1.000   -6.800    0.105    9.850
   107.70    1.000   -6.795    0.105    9.850
   107.80    1.000   -6.795    0.110    9.850
   107.90    1.000   -6.790    0.110    9.850
   108.00    1.000   -6.790    0.110    9.850
   108.10    1.000   -6.785    0.110    9.850
   108.20    1.000   -6.520    0.110    9.850
   108.30    1.000   -5.525    0.110    9.850
   108.40    1.000   -4.435    0.110    9.850
   108.50    1.000   -3.305    0.110    9.850
   108.60    1.000   -2.130    0.110    9.850
   108.70    1.000   -0.915    0.110    9.850
   108.80    1.000    0.340    0.110    9.840
   108.90    1.000    1.625    0.110    3.950
   109.00    1.000    2.875    0.110   -2.375
   109.10    1.000   -5.460    0.110   -8.560
   109.20    1.000   -6.335    0.110    9.005
   109.30    1.000   -6.335    0.110    9.850
   109.40    1.000   -6.360    0.110    9.850
   109.50    1.000   -6.355    0.110    9.850
   109.60    1.000   -6.355    0.110    9.850
   109.70    1.000   -6.355    0.110    9.850
   109.80    1.000   -6.350    0.110    9.850
   109.90    1.000   -6.325    0.115    9.850
   110.00    1.000   -5.415    0.115    9.850
   110.10    1.000   -4.045    0.115    9.850
   110.20    1.000   -2.650    0.110    9.850
   110.30    1.000   -1.215    0.110    9.850
   110.40    1.000    0.245    0.110    9.850
   110.50    1.000    1.730    0.110    4.400
   110.60    1.000    3.170    0.110   -2.835
   110.70    1.000    4.500    0.110   -9.545
   110.80    1.000    5.665    0.110   -9.850
   110.90    1.000   -4.110    0.110   -9.850
   111.00    1.000   -6.760    0.110    8.935
   111.10    1.000   -6.755    0.110    9.850
   111.20    1.000   -6.750    0.110    9.850
   111.30    1.000   -6.745    0.110    9.850
   111.40    1.000   -6.745    0.110    9.850
   111.50    1.000   -6.740    0.110    9.850
   111.60    1.000   -6.355    0.110    9.850
   111.70    1.000   -5.200    0.110    9.850
   111.80    1.000   -3.980    0.110    9.850
   111.90    1.000   -2.725    0.110    9.850
   112.00    1.000   -1.425    0.110    9.850
   112.10    1.000   -0.095    0.110    9.850
   112.20    1.000    1.265    0.110    5.965
   112.30    1.000    2.610    0.110   -0.635
   112.40    1.000    3.870    0.110   -7.205
   112.50    1.000    4.980    0.110   -9.745
   112.60    1.000    5.925    0.110   -9.850
   112.70    1.000   -5.965    0.110   -9.850
   112.80    1.000   -6.795    0.105    8.930
   112.90    1.000   -6.790    0.110    9.850
   113.00    1.000   -6.785    0.110    9.850
   113.10    1.000   -6.785    0.110    9.850
   113.20    1.000   -6.780    0.110    9.850
   113.30    1.000   -6.780    0.110    9.850
   113.40    1.000   -6.775    0.110    9.850
   113.50    1.000   -6.520    0.110    9.850
   113.60    1.000   -5.500    0.110    9.850
   113.70    1.000   -4.380    0.110    9.850
   113.80    1.000   -3.220    0.110    9.850
   113.90    1.000   -2.010    0.110    9.850
   114.00    1.000   -0.770    0.110    9.850
   114.10    1.000    0.515    0.110    9.160
   114.20    1.000    1.820    0.110    3.135
   114.30    1.000    3.080    0.110   -3.315
   114.40    1.000    4.235    0.110   -9.555
   114.50    1.000    5.225    0.105   -9.850
   114.60    1.000    5.350    0.105   -9.850
   114.70    1.000   -6.800    0.105   -9.850
   114.80    1.000   -6.800    0.105    8.785
   114.90    1.000   -6.795    0.105    9.850
   115.00    1.000   -6.795    0.105    9.850
   115.10    1.000   -6.790    0.110    9.850
   115.20    1.000   -6.790    0.110    9.850
   115.30    1.000   -6.785    0.110    9.850
   115.40    1.000   -6.785    0.110    9.850
   115.50    1.000   -6.780    0.110    9.850
   115.60    1.000   -6.240    0.110    9.850
   115.70    1.000   -5.190    0.110    9.850
   115.80    1.000   -4.095    0.110    9.850
   115.90    1.000   -2.955    0.110    9.850
   116.00    1.000   -1.765    0.110    9.850
   116.10    1.000   -0.540    0.110    9.850
   116.20    1.000    0.720    0.110    8.105
   116.30    1.000    1.995    0.110    2.070
   116.40    1.000    3.220    0.110   -4.205
   116.50    1.000    4.325    0.110   -9.635
   116.60    1.000    5.270    0.105   -9.850
   116.70    1.000    5.765    0.105   -9.850
   116.80    1.000   -6.770    0.105   -9.850
   116.90    1.000   -6.805    0.105    8.865
   117.00    1.000   -6.800    0.105    9.850
   117.10    1.000   -6.800    0.110    9.850
   117.20    1.000   -6.795    0.105    9.850
   117.30    1.000   -6.795    0.110    9.850
   117.40    1.000   -6.790    0.110    9.850
   117.50    1.000   -6.790    0.110    9.850
   117.60    1.000   -6.785    0.110    9.850
   117.70    1.000   -6.550    0.110    9.850
   117.80    1.000   -5.580    0.110    9.850
   117.90    1.000   -4.505    0.110    9.850
   118.00    1.000   -3.390    0.110    9.850
   118.10    1.000   -2.230    0.110    9.850
   118.20    1.000   -1.025    0.110    9.850
   118.30    1.000    0.220    0.110    9.850
   118.40    1.000    1.495    0.110    4.480
   118.50    1.000    2.740    0.110   -1.710
   118.60    1.000    3.895    0.110   -7.870
   118.70    1.000    4.895    0.105   -9.775
   118.80    1.000    5.740    0.105   -9.850
   118.90    1.000   -1.165    0.105   -9.850
   119.00    1.000   -6.810    0.105    8.965
   119.10    1.000   -6.805    0.105    9.850
   119.20    1.000   -6.800    0.105    9.850
   119.30    1.000   -6.795    0.110    9.850
   119.40    1.000   -6.795    0.110    9.850
   119.50    1.000   -6.790    0.110    9.850
   119.60    1.000   -6.790    0.110    9.850
   119.70    1.000   -6.785    0.110    9.850
   119.80    1.000   -6.465    0.110    9.850
   119.90    1.000   -5.435    0.110    9.850
   120.00    1.000   -4.330    0.110    9.850
   120.10    1.000   -3.185    0.110    9.850
   120.20    1.000   -1.995    0.110    9.850
   120.30    1.000   -0.765    0.110    9.850
   120.40    1.000    0.510    0.110    9.140
   120.50    1.000    1.800    0.110    3.135
   120.60    1.000    3.050    0.110   -3.235
   120.70    1.000    4.195    0.110   -9.430
   120.80    1.000    5.180    0.110   -9.840
   120.90    1.000    6.005    0.105   -9.850
   121.00    1.000   -6.315    0.105   -9.850
   121.10    1.000   -6.805    0.105    8.855
   121.20    1.000   -6.800    0.105    9.850
   121.30    1.000   -6.795    0.105    9.850
   121.40    1.000   -6.795    0.105    9.850
   121.50    1.000   -6.790    0.110    9.850
   121.60    1.000   -6.790    0.110    9.850
   121.70    1.000   -6.785    0.110    9.850
   121.80    1.000   -6.785    0.110    9.850
   121.90    1.000   -6.360    0.110    9.850
   122.00    1.000   -5.320    0.110    9.850
   122.10    1.000   -4.225    0.110    9.850
   122.20    1.000   -3.090    0.110    9.850
   122.30    1.000   -1.905    0.110    9.850
   122.40    1.000   -0.685    0.110    9.850
   122.50    1.000    0.575    0.110    8.760
   122.60    1.000    1.855    0.110    2.765
   122.70    1.000    3.090    0.110   -3.480
   122.80    1.000    4.215    0.110   -9.565
   122.90    1.000    5.180    0.105   -9.850
   123.00    1.000    5.990    0.105   -9.850
   123.10    1.000   -5.830    0.105   -9.850
   123.20    1.000   -6.805    0.105    8.940
   123.30    1.000   -6.800    0.105    9.850
   123.40    1.000   -6.795    0.105    9.850
   123.50    1.000   -6.795    0.110    9.850
   123.60    1.000   -6.790    0.110    9.850
   123.70    1.000   -6.790    0.110    9.850
   123.80    1.000   -6.790    0.110    9.850
   123.90    1.000   -6.785    0.110    9.850
   124.00    1.000   -6.485    0.110    9.850
   124.10    1.000   -5.480    0.110    9.850
   124.20    1.000   -4.400    0.110    9.850
   124.30    1.000   -3.270    0.110    9.850
   124.40    1.000   -2.100    0.110    9.850
   124.50    1.000   -0.885    0.110    9.850
   124.60    1.000    0.365    0.110    9.725
   124.70    1.000    1.645    0.110    3.830
   124.80    1.000    2.895    0.110   -2.475
   124.90   -1.000    4.035    0.110   -8.630
   125.00   -1.000    5.030    0.105   -9.810
   125.10   -1.000    5.860    0.105   -9.850
   125.20   -1.000   -3.460    0.105   -9.850
   125.30   -1.000   -6.810    0.105    8.835
   125.40   -1.000   -6.800    0.105    9.850
   125.50   -1.000   -6.800    0.105    9.850
   125.60   -1.000   -6.795    0.110    9.850
   125.70   -1.000   -6.795    0.110    9.850
   125.80   -1.000   -6.790    0.110    9.850
   125.90   -1.000   -6.790    0.110    9.850
   126.00   -1.000   -6.785    0.110    9.850
   126.10   -1.000   -6.450    0.110    9.850
   126.20   -1.000   -5.425    0.110    9.850
   126.30   -1.000   -4.330    0.110    9.850
   126.40   -1.000   -3.190    0.110    9.850
   126.50   -1.000   -2.005    0.110    9.850
   126.60   -1.000   -0.790    0.110    5.575
   126.70   -1.000    0.415    0.110   -0.330
   126.80   -1.000    1.545    0.110   -6.285
   126.90   -1.000    2.540    0.105   -9.720
   127.00   -1.000    3.380    0.105   -9.850
   127.10   -1.000    4.065    0.105   -9.850
   127.20   -1.000    4.600    0.105   -9.850
   127.30   -1.000    5.000    0.105   -9.850
   127.40   -1.000    5.260    0.100   -9.850
   127.50   -1.000    5.395    0.100   -9.850
   127.60   -1.000    5.430    0.100   -9.850
   127.70   -1.000    5.435    0.100   -9.850
   127.80   -1.000    5.430    0.100   -9.850
   127.90   -1.000    5.430    0.095   -9.850
   128.00   -1.000    5.430    0.095   -9.850
   128.10   -1.000    5.430    0.095   -9.850
   128.20   -1.000    5.425    0.095   -9.850
   128.30   -1.000    5.425    0.095   -9.850
   128.40   -1.000    5.425    0.095   -9.850
   128.50   -1.000    5.425    0.095   -9.850
   128.60   -1.000    5.420    0.095   -9.850
   128.70   -1.000    5.420    0.095   -9.850
   128.80   -1.000    5.420    0.090   -9.850
   128.90   -1.000    5.190    0.090   -9.845
   129.00   -1.000    4.215    0.090   -9.850
   129.10   -1.000    3.135    0.090   -9.850
   129.20   -1.000    2.000    0.090   -9.845
   129.30   -1.000    0.820    0.090   -9.850
   129.40   -1.000   -0.405    0.090   -8.475
   129.50    0.000    0.000    0.000    0.000

