Data export from TecQuipment CE2000

Data series 1

    Time Func. Gen. position  pos ref motor i/p 
     0.00    1.000    0.065    0.195   -0.010
     0.10    1.000    0.060    0.190    0.995
     0.20    1.000    0.060    0.195    1.040
     0.30    1.000    0.070    0.195    1.040
     0.40    1.000    0.075    0.195    1.040
     0.50    1.000    0.090    0.195    1.040
     0.60    1.000    0.095    0.195    1.040
     0.70    1.000    0.110    0.195    1.040
     0.80    1.000    0.120    0.195    1.040
     0.90    1.000    0.135    0.195    1.040
     1.00    1.000    0.150    0.195    1.040
     1.10    1.000    0.165    0.195    1.040
     1.20    1.000    0.180    0.195    1.040
     1.30    1.000    0.195    0.195    1.040
     1.40    1.000    0.215    0.195    1.040
     1.50    1.000    0.235    0.195    1.040
     1.60    1.000    0.255    0.195    1.040
     1.70    1.000    0.275    0.195    1.040
     1.80    1.000    0.300    0.195    1.040
     1.90    1.000    0.325    0.195    1.040
     2.00    1.000    0.350    0.195    1.040
     2.10    1.000    0.380    0.195    1.040
     2.20    1.000    0.410    0.195    1.040
     2.30    1.000    0.440    0.195    1.040
     2.40    1.000    0.475    0.195    1.040
     2.50    1.000    0.515    0.195    1.040
     2.60    1.000    0.555    0.195    1.040
     2.70    1.000    0.600    0.195    1.040
     2.80    1.000    0.645    0.195    1.040
     2.90    1.000    0.690    0.195    1.040
     3.00    1.000    0.735    0.195    1.040
     3.10    1.000    0.780    0.195    1.040
     3.20    1.000    0.825    0.195    1.040
     3.30    1.000    0.870    0.195    1.040
     3.40    1.000    0.915    0.195    1.040
     3.50    1.000    0.960    0.195    1.040
     3.60    1.000    1.010    0.195    1.040
     3.70    1.000    1.055    0.195    0.890
     3.80    1.000    1.100    0.195    0.675
     3.90    1.000    1.140    0.195    0.455
     4.00    1.000    1.175    0.195    0.260
     4.10    1.000    1.205    0.195    0.090
     4.20    1.000    1.220    0.195   -0.050
     4.30    1.000    1.230    0.195   -0.125
     4.40    1.000    1.230    0.195   -0.175
     4.50    1.000    1.230    0.195   -0.180
     4.60    1.000    1.230    0.195   -0.180
     4.70    1.000    1.230    0.195   -0.180
     4.80    1.000    1.230    0.195   -0.180
     4.90    1.000    1.230    0.190   -0.180
     5.00    1.000    1.230    0.195   -0.200
     5.10    1.000    1.230    0.195   -0.180
     5.20    1.000    1.225    0.195   -0.180
     5.30    1.000    1.230    0.195   -0.155
     5.40    1.000    1.230    0.195   -0.175
     5.50    1.000    1.230    0.195   -0.180
     5.60    1.000    1.230    0.195   -0.180
     5.70    1.000    1.230    0.195   -0.180
     5.80    1.000    1.225    0.195   -0.180
     5.90    1.000    1.230    0.195   -0.155
     6.00    1.000    1.230    0.195   -0.175
     6.10    1.000    1.230    0.195   -0.175
     6.20    1.000    1.230    0.195   -0.180
     6.30    1.000    1.230    0.190   -0.180
     6.40    1.000    1.225    0.195   -0.200
     6.50    1.000    1.230    0.195   -0.155
     6.60    1.000    1.230    0.195   -0.175
     6.70    1.000    1.230    0.195   -0.180
     6.80    1.000    1.230    0.195   -0.180
     6.90    1.000    1.230    0.195   -0.180
     7.00    1.000    1.230    0.195   -0.180
     7.10    1.000    1.230    0.195   -0.180
     7.20    1.000    1.230    0.195   -0.180
     7.30    1.000    1.230    0.195   -0.175
     7.40    1.000    1.225    0.195   -0.180
     7.50    1.000    1.230    0.195   -0.155
     7.60    1.000    1.230    0.195   -0.175
     7.70    1.000    1.230    0.195   -0.180
     7.80    1.000    1.230    0.195   -0.180
     7.90    1.000    1.230    0.195   -0.180
     8.00    1.000    1.230    0.195   -0.180
     8.10    1.000    1.230    0.195   -0.180
     8.20    1.000    1.230    0.195   -0.180
     8.30    1.000    1.230    0.195   -0.180
     8.40    1.000    1.225    0.195   -0.180
     8.50    1.000    1.230    0.190   -0.155
     8.60    1.000    1.230    0.195   -0.200
     8.70    1.000    1.225    0.195   -0.180
     8.80    1.000    1.230    0.195   -0.155
     8.90    1.000    1.230    0.195   -0.175
     9.00    1.000    1.230    0.190   -0.180
     9.10    1.000    1.230    0.195   -0.200
     9.20    1.000    1.230    0.190   -0.180
     9.30    1.000    1.230    0.190   -0.200
     9.40    1.000    1.230    0.195   -0.200
     9.50    1.000    1.230    0.195   -0.180
     9.60    1.000    1.230    0.195   -0.180
     9.70    1.000    1.230    0.195   -0.180
     9.80    1.000    1.230    0.195   -0.180
     9.90    1.000    1.230    0.195   -0.180
    10.00   -1.000    1.230    0.195   -0.175
    10.10   -1.000    1.225    0.195   -1.045
    10.20   -1.000    1.220    0.195   -1.080
    10.30   -1.000    1.210    0.195   -1.080
    10.40   -1.000    1.200    0.195   -1.080
    10.50   -1.000    1.190    0.195   -1.080
    10.60   -1.000    1.180    0.195   -1.080
    10.70   -1.000    1.165    0.195   -1.080
    10.80   -1.000    1.150    0.195   -1.080
    10.90   -1.000    1.130    0.195   -1.080
    11.00   -1.000    1.110    0.195   -1.080
    11.10   -1.000    1.085    0.195   -1.080
    11.20   -1.000    1.060    0.195   -1.080
    11.30   -1.000    1.030    0.195   -1.080
    11.40   -1.000    1.000    0.195   -1.080
    11.50   -1.000    0.970    0.195   -1.080
    11.60   -1.000    0.940    0.195   -1.080
    11.70   -1.000    0.905    0.195   -1.080
    11.80   -1.000    0.875    0.195   -1.080
    11.90   -1.000    0.840    0.190   -1.080
    12.00   -1.000    0.805    0.190   -1.080
    12.10   -1.000    0.770    0.195   -1.080
    12.20   -1.000    0.735    0.195   -1.080
    12.30   -1.000    0.705    0.195   -1.080
    12.40   -1.000    0.675    0.190   -1.080
    12.50   -1.000    0.645    0.195   -1.080
    12.60   -1.000    0.615    0.195   -1.080
    12.70   -1.000    0.590    0.195   -1.080
    12.80   -1.000    0.565    0.190   -1.080
    12.90   -1.000    0.545    0.195   -1.080
    13.00   -1.000    0.520    0.195   -1.080
    13.10   -1.000    0.495    0.195   -1.080
    13.20   -1.000    0.475    0.195   -1.080
    13.30   -1.000    0.450    0.195   -1.080
    13.40   -1.000    0.425    0.195   -1.080
    13.50   -1.000    0.405    0.195   -1.080
    13.60   -1.000    0.380    0.195   -1.080
    13.70   -1.000    0.355    0.195   -1.080
    13.80   -1.000    0.325    0.190   -1.080
    13.90   -1.000    0.300    0.195   -1.080
    14.00   -1.000    0.270    0.195   -1.080
    14.10   -1.000    0.240    0.195   -1.080
    14.20   -1.000    0.210    0.195   -1.080
    14.30   -1.000    0.180    0.195   -1.080
    14.40   -1.000    0.150    0.195   -1.080
    14.50   -1.000    0.120    0.195   -1.080
    14.60   -1.000    0.085    0.195   -1.080
    14.70   -1.000    0.055    0.195   -1.080
    14.80   -1.000    0.020    0.190   -1.080
    14.90   -1.000   -0.015    0.195   -1.080
    15.00   -1.000   -0.045    0.195   -1.080
    15.10   -1.000   -0.080    0.195   -1.080
    15.20   -1.000   -0.110    0.195   -1.080
    15.30   -1.000   -0.140    0.195   -1.080
    15.40   -1.000   -0.170    0.195   -1.080
    15.50   -1.000   -0.205    0.195   -1.080
    15.60   -1.000   -0.235    0.195   -1.080
    15.70   -1.000   -0.270    0.195   -1.080
    15.80   -1.000   -0.305    0.195   -1.080
    15.90   -1.000   -0.340    0.195   -1.080
    16.00   -1.000   -0.380    0.195   -1.080
    16.10   -1.000   -0.415    0.195   -1.080
    16.20   -1.000   -0.455    0.195   -1.080
    16.30   -1.000   -0.495    0.195   -1.080
    16.40   -1.000   -0.530    0.195   -1.080
    16.50   -1.000   -0.570    0.195   -1.080
    16.60   -1.000   -0.605    0.190   -1.080
    16.70   -1.000   -0.640    0.195   -0.995
    16.80   -1.000   -0.670    0.195   -0.810
    16.90   -1.000   -0.700    0.195   -0.660
    17.00   -1.000   -0.720    0.195   -0.520
    17.10   -1.000   -0.730    0.195   -0.420
    17.20   -1.000   -0.730    0.195   -0.370
    17.30   -1.000   -0.730    0.195   -0.370
    17.40   -1.000   -0.730    0.195   -0.370
    17.50   -1.000   -0.730    0.195   -0.370
    17.60   -1.000   -0.730    0.195   -0.370
    17.70   -1.000   -0.730    0.195   -0.370
    17.80   -1.000   -0.730    0.195   -0.370
    17.90   -1.000   -0.730    0.195   -0.370
    18.00   -1.000   -0.730    0.195   -0.370
    18.10   -1.000   -0.730    0.195   -0.370
    18.20   -1.000   -0.730    0.195   -0.370
    18.30   -1.000   -0.730    0.195   -0.370
    18.40   -1.000   -0.730    0.195   -0.370
    18.50   -1.000   -0.730    0.195   -0.370
    18.60   -1.000   -0.730    0.195   -0.370
    18.70   -1.000   -0.730    0.195   -0.370
    18.80   -1.000   -0.730    0.195   -0.370
    18.90   -1.000   -0.730    0.195   -0.370
    19.00   -1.000   -0.730    0.195   -0.370
    19.10   -1.000   -0.730    0.195   -0.370
    19.20   -1.000   -0.730    0.195   -0.370
    19.30   -1.000   -0.730    0.195   -0.370
    19.40   -1.000   -0.730    0.195   -0.370
    19.50   -1.000   -0.730    0.195   -0.370
    19.60   -1.000   -0.730    0.195   -0.370
    19.70   -1.000   -0.730    0.195   -0.370
    19.80   -1.000   -0.730    0.195   -0.370
    19.90   -1.000   -0.730    0.195   -0.370
    20.00    1.000   -0.730    0.195   -0.370
    20.10    1.000   -0.730    0.195    0.990
    20.20    1.000   -0.740    0.195    1.040
    20.30    1.000   -0.735    0.195    1.040
    20.40    1.000   -0.730    0.195    1.040
    20.50    1.000   -0.720    0.195    1.040
    20.60    1.000   -0.710    0.195    1.040
    20.70    1.000   -0.700    0.195    1.040
    20.80    1.000   -0.690    0.195    1.040
    20.90    1.000   -0.675    0.195    1.040
    21.00    1.000   -0.665    0.195    1.040
    21.10    1.000   -0.650    0.195    1.040
    21.20    1.000   -0.635    0.195    1.040
    21.30    1.000   -0.620    0.195    1.040
    21.40    1.000   -0.605    0.195    1.040
    21.50    1.000   -0.585    0.195    1.040
    21.60    1.000   -0.570    0.195    1.040
    21.70    1.000   -0.555    0.195    1.040
    21.80    1.000   -0.535    0.195    1.040
    21.90    1.000   -0.515    0.195    1.040
    22.00    1.000   -0.495    0.195    1.040
    22.10    1.000   -0.475    0.195    1.040
    22.20    1.000   -0.450    0.195    1.040
    22.30    1.000   -0.425    0.195    1.040
    22.40    1.000   -0.400    0.195    1.040
    22.50    1.000   -0.375    0.195    1.040
    22.60    1.000   -0.345    0.195    1.045
    22.70    1.000   -0.315    0.195    1.040
    22.80    1.000   -0.285    0.195    1.040
    22.90    1.000   -0.250    0.195    1.040
    23.00    1.000   -0.220    0.195    1.040
    23.10    1.000   -0.185    0.195    1.040
    23.20    1.000   -0.150    0.195    1.045
    23.30    1.000   -0.110    0.195    1.040
    23.40    1.000   -0.075    0.195    1.040
    23.50    1.000   -0.035    0.195    1.040
    23.60    1.000    0.005    0.195    1.040
    23.70    1.000    0.040    0.195    1.040
    23.80    1.000    0.075    0.195    1.040
    23.90    1.000    0.110    0.195    1.040
    24.00    1.000    0.145    0.195    1.040
    24.10    1.000    0.180    0.195    1.040
    24.20    1.000    0.210    0.195    1.040
    24.30    1.000    0.245    0.195    1.040
    24.40    1.000    0.285    0.195    1.040
    24.50    1.000    0.320    0.195    1.040
    24.60    1.000    0.360    0.195    1.040
    24.70    1.000    0.400    0.195    1.040
    24.80    1.000    0.445    0.195    1.040
    24.90    1.000    0.490    0.195    1.040
    25.00    1.000    0.535    0.195    1.040
    25.10    1.000    0.585    0.195    1.045
    25.20    1.000    0.635    0.195    1.040
    25.30    1.000    0.680    0.195    1.040
    25.40    1.000    0.730    0.195    1.040
    25.50    1.000    0.775    0.195    1.040
    25.60    1.000    0.820    0.195    1.040
    25.70    1.000    0.865    0.195    1.040
    25.80    1.000    0.910    0.195    1.040
    25.90    1.000    0.955    0.195    1.040
    26.00    1.000    1.000    0.195    1.040
    26.10    1.000    1.050    0.195    0.935
    26.20    1.000    1.100    0.195    0.695
    26.30    1.000    1.140    0.195    0.455
    26.40    1.000    1.180    0.195    0.260
    26.50    1.000    1.205    0.195    0.070
    26.60    1.000    1.220    0.195   -0.055
    26.70    1.000    1.220    0.195   -0.125
    26.80    1.000    1.220    0.195   -0.130
    26.90    1.000    1.220    0.195   -0.130
    27.00    1.000    1.220    0.195   -0.130
    27.10    1.000    1.220    0.195   -0.130
    27.20    1.000    1.220    0.195   -0.130
    27.30    1.000    1.220    0.195   -0.130
    27.40    1.000    1.220    0.195   -0.130
    27.50    1.000    1.220    0.195   -0.130
    27.60    1.000    1.215    0.195   -0.130
    27.70    1.000    1.220    0.195   -0.105
    27.80    1.000    1.215    0.195   -0.130
    27.90    1.000    1.220    0.195   -0.105
    28.00    1.000    1.220    0.195   -0.130
    28.10    1.000    1.220    0.195   -0.130
    28.20    1.000    1.220    0.195   -0.130
    28.30    1.000    1.220    0.195   -0.130
    28.40    1.000    1.220    0.195   -0.130
    28.50    1.000    1.220    0.195   -0.130
    28.60    1.000    1.220    0.195   -0.130
    28.70    1.000    1.220    0.195   -0.130
    28.80    1.000    1.220    0.195   -0.130
    28.90    1.000    1.220    0.195   -0.130
    29.00    1.000    1.220    0.195   -0.130
    29.10    1.000    1.220    0.195   -0.130
    29.20    1.000    1.220    0.195   -0.130
    29.30    1.000    1.220    0.195   -0.130
    29.40    1.000    1.220    0.195   -0.130
    29.50    1.000    1.220    0.195   -0.130
    29.60    1.000    1.220    0.195   -0.130
    29.70    1.000    1.215    0.195   -0.130
    29.80    1.000    1.220    0.195   -0.105
    29.90    1.000    1.220    0.195   -0.130
    30.00   -1.000    1.220    0.195   -0.130
    30.10   -1.000    1.220    0.195   -1.045
    30.20   -1.000    1.220    0.195   -1.080
    30.30   -1.000    1.225    0.195   -1.080
    30.40   -1.000    1.225    0.195   -1.080
    30.50   -1.000    1.220    0.195   -1.080
    30.60   -1.000    1.210    0.195   -1.080
    30.70   -1.000    1.200    0.195   -1.080
    30.80   -1.000    1.190    0.195   -1.080
    30.90   -1.000    1.175    0.195   -1.080
    31.00   -1.000    1.160    0.195   -1.080
    31.10   -1.000    1.145    0.195   -1.080
    31.20   -1.000    1.125    0.195   -1.080
    31.30   -1.000    1.105    0.195   -1.080
    31.40   -1.000    1.080    0.195   -1.080
    31.50   -1.000    1.055    0.195   -1.080
    31.60   -1.000    1.030    0.195   -1.080
    31.70   -1.000    1.000    0.195   -1.080
    31.80   -1.000    0.970    0.195   -1.080
    31.90   -1.000    0.935    0.195   -1.080
    32.00   -1.000    0.900    0.195   -1.080
    32.10   -1.000    0.870    0.195   -1.080
    32.20   -1.000    0.830    0.195   -1.080
    32.30   -1.000    0.795    0.195   -1.080
    32.40   -1.000    0.760    0.195   -1.080
    32.50   -1.000    0.725    0.195   -1.080
    32.60   -1.000    0.690    0.195   -1.080
    32.70   -1.000    0.655    0.195   -1.080
    32.80   -1.000    0.620    0.195   -1.080
    32.90   -1.000    0.590    0.195   -1.080
    33.00   -1.000    0.560    0.195   -1.080
    33.10   -1.000    0.535    0.195   -1.080
    33.20   -1.000    0.505    0.195   -1.085
    33.30   -1.000    0.475    0.195   -1.080
    33.40   -1.000    0.445    0.195   -1.085
    33.50   -1.000    0.415    0.195   -1.080
    33.60   -1.000    0.385    0.195   -1.085
    33.70   -1.000    0.355    0.195   -1.080
    33.80   -1.000    0.320    0.195   -1.080
    33.90   -1.000    0.290    0.195   -1.080
    34.00   -1.000    0.255    0.195   -1.080
    34.10   -1.000    0.220    0.195   -1.080
    34.20   -1.000    0.185    0.195   -1.080
    34.30   -1.000    0.150    0.195   -1.080
    34.40   -1.000    0.115    0.195   -1.080
    34.50   -1.000    0.075    0.195   -1.080
    34.60   -1.000    0.040    0.195   -1.085
    34.70   -1.000    0.000    0.195   -1.080
    34.80   -1.000   -0.040    0.195   -1.085
    34.90   -1.000   -0.075    0.195   -1.080
    35.00   -1.000   -0.115    0.195   -1.080
    35.10   -1.000   -0.150    0.195   -1.080
    35.20   -1.000   -0.185    0.195   -1.080
    35.30   -1.000   -0.225    0.195   -1.080
    35.40   -1.000   -0.260    0.195   -1.080
    35.50   -1.000   -0.300    0.195   -1.080
    35.60   -1.000   -0.340    0.195   -1.080
    35.70   -1.000   -0.385    0.195   -1.080
    35.80   -1.000   -0.425    0.195   -1.080
    35.90   -1.000   -0.470    0.195   -1.080
    36.00   -1.000   -0.510    0.195   -1.080
    36.10   -1.000   -0.555    0.195   -1.080
    36.20   -1.000   -0.595    0.195   -1.085
    36.30   -1.000   -0.635    0.195   -1.020
    36.40   -1.000   -0.675    0.195   -0.830
    36.50   -1.000   -0.705    0.195   -0.635
    36.60   -1.000   -0.730    0.195   -0.490
    36.70   -1.000   -0.750    0.195   -0.375
    36.80   -1.000   -0.750    0.195   -0.275
    36.90   -1.000   -0.755    0.195   -0.275
    37.00   -1.000   -0.755    0.195   -0.250
    37.10   -1.000   -0.750    0.195   -0.250
    37.20   -1.000   -0.750    0.195   -0.270
    37.30   -1.000   -0.750    0.195   -0.275
    37.40   -1.000   -0.750    0.195   -0.275
    37.50   -1.000   -0.755    0.195   -0.275
    37.60   -1.000   -0.750    0.195   -0.250
    37.70   -1.000   -0.755    0.195   -0.270
    37.80   -1.000   -0.755    0.195   -0.250
    37.90   -1.000   -0.750    0.195   -0.250
    38.00   -1.000   -0.750    0.195   -0.275
    38.10   -1.000   -0.750    0.195   -0.275
    38.20   -1.000   -0.750    0.195   -0.275
    38.30   -1.000   -0.750    0.195   -0.275
    38.40   -1.000   -0.750    0.195   -0.275
    38.50   -1.000   -0.750    0.195   -0.275
    38.60   -1.000   -0.750    0.195   -0.275
    38.70   -1.000   -0.755    0.195   -0.275
    38.80   -1.000   -0.755    0.195   -0.250
    38.90   -1.000   -0.755    0.195   -0.250
    39.00   -1.000   -0.750    0.195   -0.250
    39.10   -1.000   -0.750    0.195   -0.270
    39.20   -1.000   -0.750    0.195   -0.275
    39.30   -1.000   -0.750    0.195   -0.275
    39.40   -1.000   -0.750    0.195   -0.275
    39.50   -1.000   -0.750    0.195   -0.275
    39.60   -1.000   -0.755    0.195   -0.275
    39.70   -1.000   -0.755    0.195   -0.250
    39.80   -1.000   -0.750    0.195   -0.250
    39.90   -1.000   -0.750    0.195   -0.270
    40.00    1.000   -0.755    0.195   -0.275
    40.10    1.000   -0.750    0.195    0.995
    40.20    1.000   -0.760    0.195    1.040
    40.30    1.000   -0.755    0.195    1.045
    40.40    1.000   -0.745    0.195    1.040
    40.50    1.000   -0.730    0.195    1.045
    40.60    1.000   -0.715    0.195    1.040
    40.70    1.000   -0.700    0.195    1.040
    40.80    1.000   -0.685    0.195    1.040
    40.90    1.000   -0.665    0.195    1.045
    41.00    1.000   -0.650    0.195    1.040
    41.10    1.000   -0.630    0.195    1.045
    41.20    1.000   -0.610    0.195    1.045
    41.30    1.000   -0.585    0.195    1.040
    41.40    1.000   -0.565    0.195    1.045
    41.50    1.000   -0.545    0.195    1.040
    41.60    1.000   -0.520    0.195    1.040
    41.70    1.000   -0.500    0.195    1.040
    41.80    1.000   -0.475    0.195    1.040
    41.90    1.000   -0.445    0.195    1.045
    42.00    1.000   -0.420    0.195    1.045
    42.10    1.000   -0.390    0.195    1.045
    42.20    1.000   -0.360    0.195    1.045
    42.30    1.000   -0.330    0.195    1.045
    42.40    1.000   -0.295    0.195    1.045
    42.50    1.000   -0.260    0.195    1.045
    42.60    1.000   -0.220    0.195    1.045
    42.70    1.000   -0.185    0.195    1.045
    42.80    1.000   -0.145    0.195    1.045
    42.90    1.000   -0.105    0.195    1.045
    43.00    1.000   -0.065    0.195    1.045
    43.10    1.000   -0.020    0.195    1.040
    43.20    1.000    0.020    0.195    1.045
    43.30    1.000    0.060    0.195    1.045
    43.40    1.000    0.100    0.195    1.045
    43.50    1.000    0.135    0.195    1.040
    43.60    1.000    0.175    0.195    1.040
    43.70    1.000    0.210    0.195    1.040
    43.80    1.000    0.250    0.195    1.045
    43.90    1.000    0.290    0.195    1.045
    44.00    1.000    0.330    0.195    1.045
    44.10    1.000    0.375    0.195    1.040
    44.20    1.000    0.420    0.195    1.045
    44.30    1.000    0.465    0.195    1.045
    44.40    1.000    0.515    0.195    1.045
    44.50    1.000    0.565    0.195    1.045
    44.60    1.000    0.615    0.195    1.045
    44.70    1.000    0.665    0.195    1.045
    44.80    1.000    0.715    0.195    1.040
    44.90    1.000    0.765    0.195    1.045
    45.00    1.000    0.815    0.195    1.040
    45.10    1.000    0.860    0.195    1.040
    45.20    1.000    0.905    0.195    1.045
    45.30    1.000    0.955    0.195    1.045
    45.40    1.000    1.005    0.195    1.045
    45.50    1.000    1.055    0.195    0.910
    45.60    1.000    1.105    0.195    0.675
    45.70    1.000    1.150    0.195    0.430
    45.80    1.000    1.185    0.195    0.210
    45.90    1.000    1.215    0.195    0.045
    46.00    1.000    1.230    0.195   -0.100
    46.10    1.000    1.230    0.195   -0.175
    46.20    1.000    1.230    0.195   -0.180
    46.30    1.000    1.230    0.195   -0.180
    46.40    1.000    1.230    0.195   -0.175
    46.50    1.000    1.230    0.195   -0.180
    46.60    1.000    1.225    0.195   -0.180
    46.70    1.000    1.230    0.195   -0.155
    46.80    1.000    1.230    0.195   -0.175
    46.90    1.000    1.230    0.195   -0.180
    47.00    1.000    1.230    0.195   -0.180
    47.10    1.000    1.230    0.195   -0.180
    47.20    1.000    1.230    0.195   -0.180
    47.30    1.000    1.230    0.195   -0.180
    47.40    1.000    1.230    0.195   -0.180
    47.50    1.000    1.230    0.195   -0.180
    47.60    1.000    1.230    0.195   -0.180
    47.70    1.000    1.230    0.195   -0.180
    47.80    1.000    1.230    0.195   -0.175
    47.90    1.000    1.230    0.195   -0.180
    48.00    1.000    1.230    0.195   -0.180
    48.10    1.000    1.230    0.195   -0.175
    48.20    1.000    1.230    0.195   -0.180
    48.30    1.000    1.230    0.195   -0.180
    48.40    1.000    1.230    0.195   -0.180
    48.50    1.000    1.230    0.195   -0.180
    48.60    1.000    1.230    0.190   -0.180
    48.70    1.000    1.230    0.195   -0.200
    48.80    1.000    1.230    0.195   -0.180
    48.90    1.000    1.230    0.195   -0.180
    49.00    1.000    1.230    0.195   -0.180
    49.10    1.000    1.230    0.195   -0.180
    49.20    1.000    1.230    0.195   -0.180
    49.30    1.000    1.230    0.195   -0.180
    49.40    1.000    1.230    0.195   -0.180
    49.50    1.000    1.230    0.195   -0.180
    49.60    1.000    1.230    0.195   -0.180
    49.70    1.000    1.230    0.195   -0.180
    49.80    1.000    1.230    0.195   -0.175
    49.90    1.000    1.230    0.195   -0.180
    50.00   -1.000    1.230    0.195   -0.180
    50.10   -1.000    1.230    0.195   -1.045
    50.20   -1.000    1.225    0.195   -1.085
    50.30   -1.000    1.220    0.195   -1.080
    50.40   -1.000    1.210    0.195   -1.085
    50.50   -1.000    1.200    0.195   -1.085
    50.60   -1.000    1.190    0.195   -1.085
    50.70   -1.000    1.175    0.195   -1.085
    50.80   -1.000    1.160    0.195   -1.085
    50.90   -1.000    1.145    0.195   -1.085
    51.00   -1.000    1.125    0.195   -1.085
    51.10   -1.000    1.105    0.195   -1.080
    51.20   -1.000    1.080    0.190   -1.085
    51.30   -1.000    1.055    0.195   -1.085
    51.40   -1.000    1.030    0.195   -1.085
    51.50   -1.000    1.000    0.195   -1.085
    51.60   -1.000    0.965    0.190   -1.085
    51.70   -1.000    0.935    0.190   -1.085
    51.80   -1.000    0.900    0.195   -1.085
    51.90   -1.000    0.865    0.195   -1.085
    52.00   -1.000    0.830    0.195   -1.085
    52.10   -1.000    0.790    0.190   -1.085
    52.20   -1.000    0.750    0.195   -1.085
    52.30   -1.000    0.715    0.195   -1.085
    52.40   -1.000    0.675    0.195   -1.085
    52.50   -1.000    0.640    0.195   -1.085
    52.60   -1.000    0.605    0.195   -1.080
    52.70   -1.000    0.570    0.195   -1.085
    52.80   -1.000    0.540    0.195   -1.085
    52.90   -1.000    0.510    0.195   -1.085
    53.00   -1.000    0.480    0.195   -1.085
    53.10   -1.000    0.445    0.195   -1.085
    53.20   -1.000    0.415    0.195   -1.085
    53.30   -1.000    0.385    0.195   -1.085
    53.40   -1.000    0.350    0.195   -1.085
    53.50   -1.000    0.320    0.195   -1.085
    53.60   -1.000    0.285    0.195   -1.085
    53.70   -1.000    0.250    0.190   -1.085
    53.80   -1.000    0.220    0.195   -1.080
    53.90   -1.000    0.185    0.195   -1.085
    54.00   -1.000    0.145    0.195   -1.085
    54.10   -1.000    0.110    0.195   -1.085
    54.20   -1.000    0.075    0.190   -1.085
    54.30   -1.000    0.035    0.190   -1.085
    54.40   -1.000   -0.005    0.195   -1.085
    54.50   -1.000   -0.045    0.195   -1.080
    54.60   -1.000   -0.080    0.195   -1.085
    54.70   -1.000   -0.120    0.195   -1.085
    54.80   -1.000   -0.155    0.195   -1.085
    54.90   -1.000   -0.195    0.195   -1.085
    55.00   -1.000   -0.235    0.195   -1.080
    55.10   -1.000   -0.270    0.195   -1.085
    55.20   -1.000   -0.310    0.195   -1.085
    55.30   -1.000   -0.350    0.195   -1.085
    55.40   -1.000   -0.395    0.190   -1.085
    55.50   -1.000   -0.435    0.195   -1.085
    55.60   -1.000   -0.480    0.195   -1.085
    55.70   -1.000   -0.520    0.190   -1.085
    55.80   -1.000   -0.565    0.195   -1.085
    55.90   -1.000   -0.610    0.195   -1.085
    56.00   -1.000   -0.650    0.195   -0.950
    56.10   -1.000   -0.685    0.195   -0.760
    56.20   -1.000   -0.720    0.195   -0.590
    56.30   -1.000   -0.740    0.195   -0.420
    56.40   -1.000   -0.755    0.195   -0.325
    56.50   -1.000   -0.765    0.195   -0.250
    56.60   -1.000   -0.765    0.195   -0.205
    56.70   -1.000   -0.765    0.195   -0.200
    56.80   -1.000   -0.760    0.195   -0.200
    56.90   -1.000   -0.765    0.195   -0.225
    57.00   -1.000   -0.765    0.195   -0.205
    57.10   -1.000   -0.760    0.195   -0.200
    57.20   -1.000   -0.765    0.195   -0.225
    57.30   -1.000   -0.765    0.195   -0.205
    57.40   -1.000   -0.760    0.195   -0.200
    57.50   -1.000   -0.765    0.195   -0.225
    57.60   -1.000   -0.765    0.195   -0.205
    57.70   -1.000   -0.765    0.195   -0.200
    57.80   -1.000   -0.765    0.195   -0.200
    57.90   -1.000   -0.765    0.195   -0.200
    58.00   -1.000   -0.765    0.195   -0.200
    58.10   -1.000   -0.765    0.195   -0.200
    58.20   -1.000   -0.765    0.195   -0.200
    58.30   -1.000   -0.760    0.195   -0.200
    58.40   -1.000   -0.760    0.195   -0.225
    58.50   -1.000   -0.765    0.195   -0.225
    58.60   -1.000   -0.765    0.195   -0.205
    58.70   -1.000   -0.765    0.195   -0.200
    58.80   -1.000   -0.760    0.195   -0.200
    58.90   -1.000   -0.765    0.195   -0.225
    59.00   -1.000   -0.765    0.195   -0.205
    59.10   -1.000   -0.765    0.195   -0.200
    59.20   -1.000   -0.765    0.195   -0.200
    59.30   -1.000   -0.765    0.195   -0.200
    59.40   -1.000   -0.765    0.195   -0.200
    59.50   -1.000   -0.765    0.195   -0.200
    59.60   -1.000   -0.765    0.195   -0.200
    59.70   -1.000   -0.765    0.195   -0.200
    59.80   -1.000   -0.765    0.195   -0.200
    59.90   -1.000   -0.760    0.195   -0.200
    60.00    1.000   -0.760    0.195   -0.225
    60.10    1.000   -0.760    0.195    0.995
    60.20    1.000   -0.750    0.195    1.045
    60.30    1.000   -0.740    0.195    1.045
    60.40    1.000   -0.730    0.195    1.045
    60.50    1.000   -0.720    0.195    1.045
    60.60    1.000   -0.705    0.195    1.045
    60.70    1.000   -0.690    0.195    1.045
    60.80    1.000   -0.675    0.195    1.045
    60.90    1.000   -0.655    0.195    1.045
    61.00    1.000   -0.635    0.195    1.045
    61.10    1.000   -0.620    0.195    1.045
    61.20    1.000   -0.600    0.195    1.045
    61.30    1.000   -0.575    0.195    1.045
    61.40    1.000   -0.555    0.195    1.045
    61.50    1.000   -0.535    0.195    1.045
    61.60    1.000   -0.510    0.195    1.045
    61.70    1.000   -0.485    0.195    1.045
    61.80    1.000   -0.460    0.195    1.045
    61.90    1.000   -0.435    0.195    1.045
    62.00    1.000   -0.405    0.195    1.045
    62.10    1.000   -0.375    0.195    1.045
    62.20    1.000   -0.345    0.195    1.045
    62.30    1.000   -0.315    0.195    1.045
    62.40    1.000   -0.280    0.195    1.045
    62.50    1.000   -0.245    0.195    1.045
    62.60    1.000   -0.205    0.195    1.045
    62.70    1.000   -0.165    0.195    1.045
    62.80    1.000   -0.130    0.195    1.045
    62.90    1.000   -0.090    0.195    1.045
    63.00    1.000   -0.045    0.195    1.045
    63.10    1.000   -0.005    0.195    1.045
    63.20    1.000    0.035    0.195    1.045
    63.30    1.000    0.080    0.195    1.045
    63.40    1.000    0.115    0.195    1.045
    63.50    1.000    0.155    0.195    1.045
    63.60    1.000    0.190    0.195    1.045
    63.70    1.000    0.230    0.195    1.045
    63.80    1.000    0.270    0.195    1.045
    63.90    1.000    0.315    0.195    1.045
    64.00    1.000    0.355    0.195    1.045
    64.10    1.000    0.400    0.195    1.045
    64.20    1.000    0.445    0.195    1.045
    64.30    1.000    0.495    0.195    1.045
    64.40    1.000    0.545    0.195    1.045
    64.50    1.000    0.600    0.195    1.045
    64.60    1.000    0.650    0.195    1.045
    64.70    1.000    0.700    0.195    1.045
    64.80    1.000    0.750    0.195    1.045
    64.90    1.000    0.800    0.195    1.045
    65.00    1.000    0.850    0.195    1.045
    65.10    1.000    0.895    0.195    1.045
    65.20    1.000    0.945    0.195    1.045
    65.30    1.000    0.995    0.195    1.045
    65.40    1.000    1.050    0.195    0.955
    65.50    1.000    1.100    0.195    0.700
    65.60    1.000    1.145    0.195    0.455
    65.70    1.000    1.185    0.195    0.235
    65.80    1.000    1.215    0.195    0.045
    65.90    1.000    1.230    0.195   -0.105
    66.00    1.000    1.240    0.195   -0.175
    66.10    1.000    1.240    0.190   -0.225
    66.20    1.000    1.240    0.195   -0.250
    66.30    1.000    1.240    0.195   -0.225
    66.40    1.000    1.240    0.195   -0.225
    66.50    1.000    1.240    0.195   -0.225
    66.60    1.000    1.240    0.195   -0.225
    66.70    1.000    1.240    0.195   -0.225
    66.80    1.000    1.235    0.195   -0.225
    66.90    1.000    1.240    0.195   -0.215
    67.00    1.000    1.240    0.195   -0.225
    67.10    1.000    1.240    0.195   -0.225
    67.20    1.000    1.240    0.195   -0.225
    67.30    1.000    1.240    0.195   -0.225
    67.40    1.000    1.240    0.195   -0.225
    67.50    1.000    1.240    0.195   -0.225
    67.60    1.000    1.240    0.195   -0.225
    67.70    1.000    1.240    0.195   -0.225
    67.80    1.000    1.240    0.195   -0.225
    67.90    1.000    1.240    0.195   -0.225
    68.00    1.000    1.240    0.195   -0.225
    68.10    0.000    0.000    0.000    0.000

