Data export from TecQuipment CE2000

Data series 1

    Time Func. Gen. position  pos ref motor i/p 
     0.00    1.000    0.050    0.065   -0.010
     0.10    1.000    0.065    0.065    4.675
     0.20    1.000    0.125    0.065    4.885
     0.30    1.000    0.245    0.065    4.885
     0.40    1.000    0.415    0.070    4.885
     0.50    1.000    0.640    0.070    4.885
     0.60    1.000    0.910    0.070    4.885
     0.70    1.000    1.225    0.070    4.885
     0.80    1.000    1.585    0.070    4.885
     0.90    1.000    1.980    0.070    4.885
     1.00    1.000    2.410    0.070    4.885
     1.10    1.000    2.870    0.070    4.885
     1.20    1.000    3.365    0.070    4.885
     1.30    1.000    3.870    0.070   -5.005
     1.40    1.000    4.270    0.070   -8.110
     1.50    1.000    4.515    0.070   -8.110
     1.60    1.000    4.605    0.065   -8.110
     1.70    1.000    4.565    0.065   -8.110
     1.80    1.000    4.420    0.065   -8.110
     1.90    1.000    4.175    0.065   -8.110
     2.00    1.000    3.835    0.065   -8.110
     2.10    1.000    3.410    0.065   -8.110
     2.20    1.000    2.905    0.060   -8.110
     2.30    1.000    2.325    0.060   -8.110
     2.40    1.000    1.675    0.060   -6.145
     2.50    1.000    0.990    0.060   -3.060
     2.60    1.000    0.315    0.060    0.250
     2.70    1.000   -0.295    0.060    3.515
     2.80    1.000   -0.810    0.060    6.455
     2.90    1.000   -1.175    0.065    7.980
     3.00    1.000   -1.395    0.065    8.045
     3.10    1.000   -1.475    0.065    8.045
     3.20    1.000   -1.435    0.070    8.045
     3.30    1.000   -1.275    0.070    8.045
     3.40    1.000   -1.015    0.070    8.045
     3.50    1.000   -0.660    0.070    8.045
     3.60    1.000   -0.215    0.070    8.045
     3.70    1.000    0.300    0.070    6.220
     3.80    1.000    0.870    0.070    3.760
     3.90    1.000    1.440    0.070    1.015
     4.00    1.000    1.980    0.070   -1.740
     4.10    1.000    2.445    0.070   -4.325
     4.20    1.000    2.800    0.070   -6.575
     4.30    1.000    3.025    0.070   -8.050
     4.40    1.000    3.105    0.065   -8.110
     4.50    1.000    3.070    0.065   -8.110
     4.60    1.000    2.920    0.065   -8.110
     4.70    1.000    2.665    0.065   -8.110
     4.80    1.000    2.325    0.065   -7.705
     4.90    1.000    1.905    0.065   -6.120
     5.00    1.000    1.440    0.060   -4.105
     5.10    1.000    0.955    0.065   -1.890
     5.20    1.000    0.485    0.060    0.475
     5.30    1.000    0.065    0.065    2.705
     5.40    1.000   -0.270    0.065    4.760
     5.50    1.000   -0.510    0.065    6.380
     5.60    1.000   -0.620    0.065    7.550
     5.70    1.000   -0.620    0.065    8.030
     5.80    1.000   -0.500    0.065    8.045
     5.90    1.000   -0.280    0.070    7.535
     6.00    1.000    0.030    0.070    6.520
     6.10    1.000    0.405    0.070    5.040
     6.20    1.000    0.820    0.070    3.240
     6.30    1.000    1.240    0.070    1.245
     6.40    1.000    1.645    0.070   -0.790
     6.50    1.000    2.000    0.070   -2.735
     6.60    1.000    2.275    0.070   -4.455
     6.70    1.000    2.455    0.065   -5.785
     6.80    1.000    2.530    0.065   -6.680
     6.90    1.000    2.495    0.065   -7.055
     7.00    1.000    2.375    0.065   -6.895
     7.10    1.000    2.180    0.065   -6.340
     7.20    1.000    1.910    0.065   -5.405
     7.30    1.000    1.595    0.065   -4.120
     7.40    1.000    1.245    0.065   -2.605
     7.50    1.000    0.900    0.065   -0.915
     7.60    1.000    0.570    0.065    0.755
     7.70    1.000    0.290    0.065    2.335
     7.80    1.000    0.070    0.065    3.695
     7.90    1.000   -0.065    0.065    4.760
     8.00    1.000   -0.110    0.065    5.420
     8.10    1.000   -0.075    0.065    5.645
     8.20    1.000    0.035    0.065    5.490
     8.30    1.000    0.205    0.070    4.970
     8.40    1.000    0.425    0.065    4.185
     8.50    1.000    0.685    0.070    3.110
     8.60    1.000    0.960    0.070    1.875
     8.70    1.000    1.235    0.070    0.550
     8.80    1.000    1.490    0.070   -0.780
     8.90    1.000    1.700    0.070   -2.015
     9.00    1.000    1.860    0.065   -3.025
     9.10    1.000    1.955    0.065   -3.830
     9.20    1.000    1.985    0.065   -4.290
     9.30    1.000    1.955    0.065   -4.445
     9.40    1.000    1.860    0.065   -4.305
     9.50    1.000    1.725    0.065   -3.855
     9.60    1.000    1.555    0.065   -3.210
     9.70    1.000    1.360    0.065   -2.395
     9.80    1.000    1.155    0.065   -1.455
     9.90    1.000    0.955    0.065   -0.460
    10.00   -1.000    0.775    0.065    0.500
    10.10   -1.000    0.595    0.065   -7.770
    10.20   -1.000    0.355    0.065   -7.390
    10.30   -1.000    0.035    0.065   -6.250
    10.40   -1.000   -0.340    0.065   -4.725
    10.50   -1.000   -0.755    0.065   -2.925
    10.60   -1.000   -1.170    0.065   -0.920
    10.70   -1.000   -1.555    0.065    1.090
    10.80   -1.000   -1.890    0.065    2.935
    10.90   -1.000   -2.150    0.065    4.560
    11.00   -1.000   -2.310    0.065    5.810
    11.10   -1.000   -2.360    0.065    6.595
    11.20   -1.000   -2.335    0.070    6.845
    11.30   -1.000   -2.195    0.070    6.755
    11.40   -1.000   -1.975    0.070    6.100
    11.50   -1.000   -1.695    0.070    5.055
    11.60   -1.000   -1.365    0.070    3.715
    11.70   -1.000   -1.015    0.070    2.125
    11.80   -1.000   -0.670    0.070    0.435
    11.90   -1.000   -0.345    0.070   -1.230
    12.00   -1.000   -0.080    0.070   -2.795
    12.10   -1.000    0.120    0.070   -4.080
    12.20   -1.000    0.230    0.065   -5.050
    12.30   -1.000    0.250    0.065   -5.610
    12.40   -1.000    0.190    0.065   -5.715
    12.50   -1.000    0.055    0.065   -5.435
    12.60   -1.000   -0.140    0.065   -4.800
    12.70   -1.000   -0.375    0.065   -3.870
    12.80   -1.000   -0.645    0.065   -2.745
    12.90   -1.000   -0.920    0.065   -1.435
    13.00   -1.000   -1.190    0.065   -0.110
    13.10   -1.000   -1.425    0.065    1.200
    13.20   -1.000   -1.620    0.065    2.325
    13.30   -1.000   -1.755    0.065    3.270
    13.40   -1.000   -1.820    0.065    3.930
    13.50   -1.000   -1.815    0.065    4.250
    13.60   -1.000   -1.755    0.070    4.235
    13.70   -1.000   -1.650    0.070    3.975
    13.80   -1.000   -1.505    0.070    3.480
    13.90   -1.000   -1.330    0.070    2.785
    14.00   -1.000   -1.130    0.070    1.945
    14.10   -1.000   -0.935    0.070    0.995
    14.20   -1.000   -0.745    0.070    0.040
    14.30   -1.000   -0.580    0.070   -0.885
    14.40   -1.000   -0.445    0.065   -1.675
    14.50   -1.000   -0.360    0.065   -2.355
    14.60   -1.000   -0.330    0.065   -2.780
    14.70   -1.000   -0.325    0.065   -2.930
    14.80   -1.000   -0.365    0.065   -2.955
    14.90   -1.000   -0.440    0.065   -2.770
    15.00   -1.000   -0.540    0.065   -2.405
    15.10   -1.000   -0.650    0.065   -1.925
    15.20   -1.000   -0.770    0.065   -1.395
    15.30   -1.000   -0.890    0.065   -0.820
    15.40   -1.000   -1.000    0.065   -0.240
    15.50   -1.000   -1.090    0.065    0.295
    15.60   -1.000   -1.160    0.065    0.735
    15.70   -1.000   -1.205    0.065    1.070
    15.80   -1.000   -1.215    0.065    1.295
    15.90   -1.000   -1.220    0.065    1.345
    16.00   -1.000   -1.210    0.065    1.370
    16.10   -1.000   -1.190    0.065    1.320
    16.20   -1.000   -1.165    0.065    1.225
    16.30   -1.000   -1.135    0.065    1.105
    16.40   -1.000   -1.105    0.065    0.960
    16.50   -1.000   -1.075    0.065    0.815
    16.60   -1.000   -1.050    0.065    0.670
    16.70   -1.000   -1.030    0.065    0.550
    16.80   -1.000   -1.015    0.065    0.455
    16.90   -1.000   -1.015    0.065    0.380
    17.00   -1.000   -1.015    0.065    0.380
    17.10   -1.000   -1.015    0.065    0.375
    17.20   -1.000   -1.015    0.065    0.375
    17.30   -1.000   -1.015    0.065    0.375
    17.40   -1.000   -1.015    0.065    0.375
    17.50   -1.000   -1.015    0.065    0.375
    17.60   -1.000   -1.015    0.065    0.375
    17.70   -1.000   -1.015    0.065    0.375
    17.80   -1.000   -1.015    0.065    0.375
    17.90   -1.000   -1.015    0.065    0.375
    18.00   -1.000   -1.015    0.065    0.375
    18.10   -1.000   -1.015    0.065    0.375
    18.20   -1.000   -1.015    0.065    0.375
    18.30   -1.000   -1.015    0.065    0.375
    18.40   -1.000   -1.015    0.065    0.375
    18.50   -1.000   -1.015    0.065    0.375
    18.60   -1.000   -1.015    0.065    0.375
    18.70   -1.000   -1.015    0.070    0.375
    18.80   -1.000   -1.015    0.065    0.400
    18.90   -1.000   -1.015    0.065    0.380
    19.00   -1.000   -1.015    0.065    0.375
    19.10   -1.000   -1.015    0.065    0.375
    19.20   -1.000   -1.015    0.065    0.375
    19.30   -1.000   -1.015    0.065    0.375
    19.40   -1.000   -1.015    0.065    0.375
    19.50   -1.000   -1.015    0.065    0.375
    19.60   -1.000   -1.015    0.065    0.375
    19.70   -1.000   -1.015    0.065    0.375
    19.80   -1.000   -1.015    0.065    0.375
    19.90   -1.000   -1.015    0.065    0.375
    20.00    1.000   -1.015    0.065    0.375
    20.10    1.000   -0.990    0.065    7.705
    20.20    1.000   -0.885    0.070    8.045
    20.30    1.000   -0.680    0.070    8.045
    20.40    1.000   -0.375    0.070    8.045
    20.50    1.000    0.015    0.070    6.970
    20.60    1.000    0.470    0.070    5.125
    20.70    1.000    0.960    0.070    2.945
    20.80    1.000    1.450    0.070    0.580
    20.90    1.000    1.905    0.070   -1.790
    21.00    1.000    2.295    0.070   -3.995
    21.10    1.000    2.585    0.070   -5.860
    21.20    1.000    2.760    0.065   -7.265
    21.30    1.000    2.810    0.065   -8.075
    21.40    1.000    2.750    0.065   -8.110
    21.50    1.000    2.570    0.065   -8.110
    21.60    1.000    2.300    0.065   -7.270
    21.70    1.000    1.955    0.065   -5.995
    21.80    1.000    1.555    0.060   -4.350
    21.90    1.000    1.130    0.065   -2.450
    22.00    1.000    0.710    0.060   -0.375
    22.10    1.000    0.325    0.065    1.635
    22.20    1.000    0.000    0.065    3.525
    22.30    1.000   -0.240    0.065    5.095
    22.40    1.000   -0.375    0.065    6.245
    22.50    1.000   -0.410    0.065    6.905
    22.60    1.000   -0.345    0.065    7.090
    22.70    1.000   -0.180    0.070    6.785
    22.80    1.000    0.065    0.070    6.025
    22.90    1.000    0.375    0.070    4.855
    23.00    1.000    0.725    0.070    3.385
    23.10    1.000    1.085    0.070    1.700
    23.20    1.000    1.440    0.070   -0.035
    23.30    1.000    1.755    0.070   -1.755
    23.40    1.000    2.020    0.070   -3.285
    23.50    1.000    2.205    0.065   -4.565
    23.60    1.000    2.295    0.065   -5.475
    23.70    1.000    2.305    0.065   -5.925
    23.80    1.000    2.225    0.065   -5.985
    23.90    1.000    2.065    0.065   -5.605
    24.00    1.000    1.850    0.065   -4.850
    24.10    1.000    1.585    0.065   -3.815
    24.20    1.000    1.300    0.065   -2.555
    24.30    1.000    1.005    0.065   -1.175
    24.40    1.000    0.720    0.065    0.245
    24.50    1.000    0.475    0.065    1.625
    24.60    1.000    0.280    0.065    2.815
    24.70    1.000    0.155    0.065    3.760
    24.80    1.000    0.105    0.065    4.360
    24.90    1.000    0.120    0.065    4.615
    25.00    1.000    0.200    0.065    4.550
    25.10    1.000    0.325    0.065    4.170
    25.20    1.000    0.490    0.070    3.575
    25.30    1.000    0.690    0.065    2.805
    25.40    1.000    0.905    0.065    1.825
    25.50    1.000    1.120    0.070    0.790
    25.60    1.000    1.325    0.070   -0.225
    25.70    1.000    1.500    0.070   -1.220
    25.80    1.000    1.635    0.065   -2.070
    25.90    1.000    1.720    0.065   -2.750
    26.00    1.000    1.740    0.065   -3.155
    26.10    1.000    1.740    0.065   -3.265
    26.20    1.000    1.690    0.065   -3.265
    26.30    1.000    1.600    0.065   -3.035
    26.40    1.000    1.485    0.065   -2.605
    26.50    1.000    1.350    0.065   -2.050
    26.60    1.000    1.210    0.065   -1.400
    26.70    1.000    1.065    0.065   -0.725
    26.80    1.000    0.935    0.065   -0.025
    26.90    1.000    0.825    0.065    0.605
    27.00    1.000    0.745    0.065    1.140
    27.10    1.000    0.700    0.065    1.530
    27.20    1.000    0.685    0.065    1.745
    27.30    1.000    0.705    0.065    1.820
    27.40    1.000    0.735    0.065    1.730
    27.50    1.000    0.775    0.065    1.585
    27.60    1.000    0.830    0.065    1.395
    27.70    1.000    0.885    0.065    1.130
    27.80    1.000    0.940    0.065    0.870
    27.90    1.000    0.995    0.065    0.605
    28.00    1.000    1.040    0.065    0.335
    28.10    1.000    1.075    0.065    0.115
    28.20    1.000    1.095    0.065   -0.055
    28.30    1.000    1.110    0.065   -0.150
    28.40    1.000    1.105    0.065   -0.225
    28.50    1.000    1.110    0.065   -0.205
    28.60    1.000    1.105    0.065   -0.225
    28.70    1.000    1.110    0.065   -0.205
    28.80    1.000    1.105    0.065   -0.225
    28.90    1.000    1.110    0.065   -0.205
    29.00    1.000    1.110    0.065   -0.225
    29.10    1.000    1.110    0.065   -0.225
    29.20    1.000    1.105    0.065   -0.225
    29.30    1.000    1.105    0.065   -0.205
    29.40    1.000    1.110    0.065   -0.200
    29.50    1.000    1.105    0.065   -0.225
    29.60    1.000    1.105    0.065   -0.205
    29.70    1.000    1.110    0.065   -0.200
    29.80    1.000    1.110    0.065   -0.225
    29.90    1.000    1.110    0.065   -0.225
    30.00   -1.000    1.105    0.065   -0.225
    30.10   -1.000    1.085    0.065   -7.790
    30.20   -1.000    0.985    0.065   -8.110
    30.30   -1.000    0.780    0.065   -8.110
    30.40   -1.000    0.485    0.065   -8.110
    30.50   -1.000    0.105    0.065   -6.870
    30.60   -1.000   -0.335    0.065   -5.065
    30.70   -1.000   -0.815    0.065   -2.955
    30.80   -1.000   -1.290    0.065   -0.630
    30.90   -1.000   -1.735    0.065    1.640
    31.00   -1.000   -2.110    0.065    3.795
    31.10   -1.000   -2.395    0.065    5.610
    31.20   -1.000   -2.560    0.065    6.995
    31.30   -1.000   -2.605    0.070    7.795
    31.40   -1.000   -2.525    0.070    8.040
    31.50   -1.000   -2.350    0.070    7.680
    31.60   -1.000   -2.085    0.070    6.845
    31.70   -1.000   -1.740    0.070    5.585
    31.80   -1.000   -1.350    0.070    3.940
    31.90   -1.000   -0.940    0.070    2.060
    32.00   -1.000   -0.535    0.070    0.080
    32.10   -1.000   -0.170    0.070   -1.860
    32.20   -1.000    0.135    0.070   -3.630
    32.30   -1.000    0.350    0.070   -5.110
    32.40   -1.000    0.465    0.065   -6.150
    32.50   -1.000    0.475    0.065   -6.740
    32.60   -1.000    0.395    0.065   -6.800
    32.70   -1.000    0.235    0.065   -6.425
    32.80   -1.000    0.005    0.065   -5.665
    32.90   -1.000   -0.285    0.065   -4.575
    33.00   -1.000   -0.610    0.065   -3.180
    33.10   -1.000   -0.945    0.065   -1.610
    33.20   -1.000   -1.270    0.065    0.010
    33.30   -1.000   -1.560    0.065    1.565
    33.40   -1.000   -1.800    0.065    2.970
    33.50   -1.000   -1.965    0.065    4.135
    33.60   -1.000   -2.050    0.065    4.940
    33.70   -1.000   -2.060    0.070    5.355
    33.80   -1.000   -1.990    0.070    5.430
    33.90   -1.000   -1.850    0.070    5.110
    34.00   -1.000   -1.655    0.070    4.440
    34.10   -1.000   -1.420    0.070    3.510
    34.20   -1.000   -1.160    0.070    2.385
    34.30   -1.000   -0.895    0.070    1.130
    34.40   -1.000   -0.640    0.070   -0.155
    34.50   -1.000   -0.415    0.070   -1.370
    34.60   -1.000   -0.235    0.070   -2.470
    34.70   -1.000   -0.120    0.065   -3.345
    34.80   -1.000   -0.065    0.065   -3.930
    34.90   -1.000   -0.080    0.065   -4.200
    35.00   -1.000   -0.140    0.065   -4.140
    35.10   -1.000   -0.250    0.065   -3.850
    35.20   -1.000   -0.390    0.065   -3.330
    35.30   -1.000   -0.560    0.065   -2.655
    35.40   -1.000   -0.745    0.065   -1.840
    35.50   -1.000   -0.930    0.065   -0.945
    35.60   -1.000   -1.105    0.065   -0.050
    35.70   -1.000   -1.255    0.065    0.795
    35.80   -1.000   -1.375    0.065    1.520
    35.90   -1.000   -1.450    0.065    2.100
    36.00   -1.000   -1.475    0.065    2.470
    36.10   -1.000   -1.480    0.065    2.595
    36.20   -1.000   -1.445    0.065    2.620
    36.30   -1.000   -1.385    0.070    2.455
    36.40   -1.000   -1.300    0.065    2.195
    36.50   -1.000   -1.200    0.065    1.760
    36.60   -1.000   -1.095    0.065    1.280
    36.70   -1.000   -0.990    0.070    0.775
    36.80   -1.000   -0.895    0.070    0.290
    36.90   -1.000   -0.810    0.070    0.240
    37.00   -1.000   -0.735    0.065   -0.565
    37.10   -1.000   -0.690    0.065   -0.960
    37.20   -1.000   -0.665    0.065   -1.185
    37.30   -1.000   -0.665    0.065   -1.305
    37.40   -1.000   -0.680    0.065   -1.310
    37.50   -1.000   -0.695    0.065   -1.240
    37.60   -1.000   -0.715    0.065   -1.170
    37.70   -1.000   -0.735    0.065   -1.075
    37.80   -1.000   -0.760    0.065   -0.975
    37.90   -1.000   -0.780    0.065   -0.860
    38.00   -1.000   -0.805    0.065   -0.760
    38.10   -1.000   -0.820    0.065   -0.640
    38.20   -1.000   -0.830    0.065   -0.565
    38.30   -1.000   -0.840    0.065   -0.515
    38.40   -1.000   -0.840    0.065   -0.465
    38.50   -1.000   -0.845    0.065   -0.465
    38.60   -1.000   -0.840    0.065   -0.445
    38.70   -1.000   -0.845    0.065   -0.465
    38.80   -1.000   -0.845    0.065   -0.445
    38.90   -1.000   -0.845    0.065   -0.440
    39.00   -1.000   -0.845    0.065   -0.440
    39.10   -1.000   -0.845    0.065   -0.440
    39.20   -1.000   -0.845    0.065   -0.440
    39.30   -1.000   -0.845    0.065   -0.440
    39.40   -1.000   -0.845    0.065   -0.440
    39.50   -1.000   -0.845    0.065   -0.440
    39.60   -1.000   -0.845    0.065   -0.440
    39.70   -1.000   -0.845    0.065   -0.440
    39.80   -1.000   -0.845    0.065   -0.440
    39.90   -1.000   -0.845    0.065   -0.440
    40.00    1.000   -0.845    0.070   -0.440
    40.10    1.000   -0.820    0.065    7.650
    40.20    1.000   -0.715    0.070    8.045
    40.30    1.000   -0.510    0.070    8.045
    40.40    1.000   -0.210    0.070    7.600
    40.50    1.000    0.170    0.070    6.180
    40.60    1.000    0.605    0.070    4.380
    40.70    1.000    1.065    0.070    2.290
    40.80    1.000    1.520    0.070    0.070
    40.90    1.000    1.930    0.070   -2.130
    41.00    1.000    2.275    0.070   -4.115
    41.10    1.000    2.520    0.070   -5.785
    41.20    1.000    2.660    0.065   -6.955
    41.30    1.000    2.685    0.065   -7.665
    41.40    1.000    2.600    0.065   -7.805
    41.50    1.000    2.410    0.065   -7.405
    41.60    1.000    2.140    0.065   -6.510
    41.70    1.000    1.805    0.060   -5.220
    41.80    1.000    1.425    0.065   -3.635
    41.90    1.000    1.035    0.065   -1.795
    42.00    1.000    0.650    0.065    0.090
    42.10    1.000    0.305    0.065    1.950
    42.20    1.000    0.025    0.065    3.620
    42.30    1.000   -0.175    0.065    4.980
    42.40    1.000   -0.275    0.065    5.945
    42.50    1.000   -0.275    0.065    6.430
    42.60    1.000   -0.190    0.065    6.440
    42.70    1.000   -0.020    0.065    6.040
    42.80    1.000    0.215    0.070    5.240
    42.90    1.000    0.500    0.070    4.135
    43.00    1.000    0.820    0.070    2.770
    43.10    1.000    1.145    0.070    1.240
    43.20    1.000    1.460    0.070   -0.330
    43.30    1.000    1.730    0.070   -1.850
    43.40    1.000    1.955    0.065   -3.165
    43.50    1.000    2.100    0.065   -4.280
    43.60    1.000    2.165    0.065   -4.985
    43.70    1.000    2.145    0.065   -5.305
    43.80    1.000    2.055    0.065   -5.215
    43.90    1.000    1.905    0.065   -4.795
    44.00    1.000    1.710    0.065   -4.080
    44.10    1.000    1.485    0.065   -3.140
    44.20    1.000    1.235    0.065   -2.055
    44.30    1.000    0.985    0.065   -0.865
    44.40    1.000    0.750    0.065    0.345
    44.50    1.000    0.545    0.065    1.485
    44.60    1.000    0.390    0.065    2.480
    44.70    1.000    0.295    0.065    3.235
    44.80    1.000    0.265    0.065    3.695
    44.90    1.000    0.285    0.065    3.845
    45.00    1.000    0.355    0.065    3.755
    45.10    1.000    0.465    0.065    3.425
    45.20    1.000    0.605    0.070    2.900
    45.30    1.000    0.765    0.065    2.245
    45.40    1.000    0.940    0.065    1.455
    45.50    1.000    1.110    0.065    0.620
    45.60    1.000    1.270    0.065   -0.205
    45.70    1.000    1.410    0.065   -0.980
    45.80    1.000    1.510    0.065   -1.655
    45.90    1.000    1.570    0.065   -2.150
    46.00    1.000    1.585    0.065   -2.445
    46.10    1.000    1.575    0.065   -2.520
    46.20    1.000    1.525    0.065   -2.475
    46.30    1.000    1.460    0.065   -2.235
    46.40    1.000    1.375    0.065   -2.225
    46.50    1.000    1.275    0.065   -1.910
    46.60    1.000    1.165    0.065   -1.030
    46.70    1.000    1.060    0.065   -0.505
    46.80    1.000    0.970    0.065    0.005
    46.90    1.000    0.895    0.065    0.440
    47.00    1.000    0.845    0.065    0.805
    47.10    1.000    0.820    0.065    1.050
    47.20    1.000    0.815    0.065    1.170
    47.30    1.000    0.810    0.065    1.200
    47.40    1.000    0.825    0.065    1.225
    47.50    1.000    0.840    0.065    1.155
    47.60    1.000    0.865    0.065    1.080
    47.70    1.000    0.885    0.065    0.960
    47.80    1.000    0.905    0.065    0.865
    47.90    1.000    0.920    0.065    0.770
    48.00    1.000    0.935    0.065    0.695
    48.10    1.000    0.945    0.065    0.625
    48.20    1.000    0.955    0.065    0.575
    48.30    1.000    0.955    0.065    0.525
    48.40    1.000    0.955    0.065    0.525
    48.50    1.000    0.955    0.065    0.525
    48.60    1.000    0.955    0.065    0.525
    48.70    1.000    0.955    0.065    0.525
    48.80    1.000    0.955    0.065    0.525
    48.90    1.000    0.955    0.065    0.525
    49.00    1.000    0.955    0.065    0.525
    49.10    1.000    0.955    0.065    0.525
    49.20    1.000    0.955    0.065    0.525
    49.30    1.000    0.955    0.065    0.525
    49.40    1.000    0.955    0.065    0.525
    49.50    1.000    0.955    0.065    0.525
    49.60    1.000    0.955    0.065    0.525
    49.70    1.000    0.955    0.065    0.525
    49.80    1.000    0.955    0.065    0.525
    49.90    1.000    0.955    0.065    0.525
    50.00   -1.000    0.955    0.065    0.525
    50.10   -1.000    0.955    0.065   -7.745
    50.20   -1.000    0.850    0.065   -8.110
    50.30   -1.000    0.645    0.065   -8.110
    50.40   -1.000    0.350    0.065   -7.615
    50.50   -1.000   -0.020    0.065   -6.235
    50.60   -1.000   -0.445    0.065   -4.465
    50.70   -1.000   -0.900    0.065   -2.420
    50.80   -1.000   -1.345    0.065   -0.225
    50.90   -1.000   -1.750    0.065    1.930
    51.00   -1.000   -2.095    0.065    3.870
    51.10   -1.000   -2.345    0.065    5.540
    51.20   -1.000   -2.480    0.065    6.750
    51.30   -1.000   -2.500    0.065    7.415
    51.40   -1.000   -2.410    0.070    7.525
    51.50   -1.000   -2.230    0.070    7.125
    51.60   -1.000   -1.960    0.070    6.270
    51.70   -1.000   -1.630    0.070    4.990
    51.80   -1.000   -1.260    0.070    3.410
    51.90   -1.000   -0.880    0.070    1.625
    52.00   -1.000   -0.505    0.070   -0.210
    52.10   -1.000   -0.170    0.070   -2.025
    52.20   -1.000    0.100    0.070   -3.635
    52.30   -1.000    0.285    0.070   -4.945
    52.40   -1.000    0.375    0.065   -5.845
    52.50   -1.000    0.365    0.065   -6.310
    52.60   -1.000    0.270    0.065   -6.270
    52.70   -1.000    0.100    0.065   -5.825
    52.80   -1.000   -0.130    0.065   -5.025
    52.90   -1.000   -0.405    0.065   -3.925
    53.00   -1.000   -0.710    0.065   -2.605
    53.10   -1.000   -1.020    0.065   -1.130
    53.20   -1.000   -1.315    0.065    0.365
    53.30   -1.000   -1.570    0.065    1.795
    53.40   -1.000   -1.770    0.065    3.020
    53.50   -1.000   -1.900    0.065    3.990
    53.60   -1.000   -1.955    0.070    4.630
    53.70   -1.000   -1.950    0.070    4.930
    53.80   -1.000   -1.865    0.070    4.910
    53.90   -1.000   -1.725    0.070    4.505
    54.00   -1.000   -1.540    0.070    3.845
    54.10   -1.000   -1.325    0.070    2.960
    54.20   -1.000   -1.090    0.070    1.920
    54.30   -1.000   -0.855    0.070    0.795
    54.40   -1.000   -0.630    0.070   -0.345
    54.50   -1.000   -0.435    0.070   -1.435
    54.60   -1.000   -0.290    0.065   -2.380
    54.70   -1.000   -0.200    0.065   -3.100
    54.80   -1.000   -0.170    0.065   -3.545
    54.90   -1.000   -0.180    0.065   -3.695
    55.00   -1.000   -0.245    0.065   -3.650
    55.10   -1.000   -0.340    0.065   -3.350
    55.20   -1.000   -0.475    0.065   -2.895
    55.30   -1.000   -0.625    0.065   -2.250
    55.40   -1.000   -0.785    0.065   -1.520
    55.50   -1.000   -0.940    0.065   -0.750
    55.60   -1.000   -1.090    0.065    0.000
    55.70   -1.000   -1.210    0.065    0.725
    55.80   -1.000   -1.305    0.065    1.310
    55.90   -1.000   -1.360    0.065    1.760
    56.00   -1.000   -1.375    0.065    2.035
    56.10   -1.000   -1.380    0.070    2.115
    56.20   -1.000   -1.350    0.070    2.160
    56.30   -1.000   -1.295    0.065    2.020
    56.40   -1.000   -1.230    0.065    1.735
    56.50   -1.000   -1.155    0.065    1.425
    56.60   -1.000   -1.075    0.070    1.065
    56.70   -1.000   -1.000    0.065    0.705
    56.80   -1.000   -0.930    0.065    0.315
    56.90   -1.000   -0.875    0.070   -0.025
    57.00   -1.000   -0.830    0.065   -0.270
    57.10   -1.000   -0.805    0.070   -0.505
    57.20   -1.000   -0.795    0.065   -0.605
    57.30   -1.000   -0.790    0.065   -0.680
    57.40   -1.000   -0.780    0.065   -0.705
    57.50   -1.000   -0.785    0.065   -0.755
    57.60   -1.000   -0.785    0.065   -0.735
    57.70   -1.000   -0.785    0.070   -0.730
    57.80   -1.000   -0.785    0.065   -0.710
    57.90   -1.000   -0.785    0.065   -0.730
    58.00   -1.000   -0.780    0.065   -0.735
    58.10   -1.000   -0.785    0.065   -0.755
    58.20   -1.000   -0.780    0.065   -0.735
    58.30   -1.000   -0.785    0.065   -0.755
    58.40   -1.000   -0.785    0.065   -0.735
    58.50   -1.000   -0.785    0.065   -0.730
    58.60   -1.000   -0.780    0.065   -0.730
    58.70   -1.000   -0.785    0.065   -0.755
    58.80   -1.000   -0.785    0.065   -0.735
    58.90   -1.000   -0.785    0.065   -0.730
    59.00   -1.000   -0.785    0.065   -0.735
    59.10   -1.000   -0.785    0.070   -0.730
    59.20   -1.000   -0.785    0.065   -0.710
    59.30   -1.000   -0.785    0.065   -0.730
    59.40   -1.000   -0.785    0.065   -0.730
    59.50   -1.000   -0.785    0.065   -0.735
    59.60   -1.000   -0.785    0.065   -0.730
    59.70   -1.000   -0.785    0.065   -0.735
    59.80   -1.000   -0.785    0.065   -0.735
    59.90   -1.000   -0.785    0.065   -0.730
    60.00    1.000   -0.785    0.065   -0.735
    60.10    1.000   -0.760    0.065    7.620
    60.20    1.000   -0.660    0.065    8.045
    60.30    1.000   -0.450    0.070    8.045
    60.40    1.000   -0.155    0.070    7.325
    60.50    1.000    0.215    0.070    5.920
    60.60    1.000    0.640    0.070    4.150
    60.70    1.000    1.090    0.070    2.120
    60.80    1.000    1.530    0.070   -0.050
    60.90    1.000    1.925    0.070   -2.180
    61.00    1.000    2.255    0.070   -4.090
    61.10    1.000    2.490    0.070   -5.685
    61.20    1.000    2.615    0.065   -6.825
    61.30    1.000    2.625    0.065   -7.455
    61.40    1.000    2.535    0.065   -7.515
    61.50    1.000    2.350    0.065   -7.095
    61.60    1.000    2.090    0.065   -6.220
    61.70    1.000    1.770    0.065   -4.980
    61.80    1.000    1.410    0.065   -3.440
    61.90    1.000    1.030    0.065   -1.705
    62.00    1.000    0.665    0.065    0.110
    62.10    1.000    0.335    0.065    1.875
    62.20    1.000    0.070    0.065    3.475
    62.30    1.000   -0.115    0.065    4.760
    62.40    1.000   -0.210    0.065    5.660
    62.50    1.000   -0.225    0.065    6.120
    62.60    1.000   -0.145    0.065    6.195
    62.70    1.000    0.015    0.070    5.830
    62.80    1.000    0.235    0.070    5.095
    62.90    1.000    0.510    0.070    4.040
    63.00    1.000    0.815    0.070    2.725
    63.10    1.000    1.125    0.070    1.255
    63.20    1.000    1.425    0.070   -0.230
    63.30    1.000    1.690    0.070   -1.685
    63.40    1.000    1.900    0.070   -2.975
    63.50    1.000    2.045    0.065   -3.995
    63.60    1.000    2.110    0.065   -4.720
    63.70    1.000    2.095    0.065   -5.045
    63.80    1.000    2.015    0.065   -4.975
    63.90    1.000    1.880    0.065   -4.600
    64.00    1.000    1.700    0.065   -3.955
    64.10    1.000    1.490    0.065   -3.095
    64.20    1.000    1.260    0.065   -2.080
    64.30    1.000    1.020    0.065   -0.970
    64.40    1.000    0.800    0.065    0.175
    64.50    1.000    0.605    0.065    1.245
    64.60    1.000    0.455    0.065    2.190
    64.70    1.000    0.355    0.065    2.920
    64.80    1.000    0.315    0.065    3.405
    64.90    1.000    0.315    0.065    3.605
    65.00    1.000    0.375    0.065    3.605
    65.10    1.000    0.470    0.065    3.330
    65.20    1.000    0.595    0.065    2.875
    65.30    1.000    0.750    0.065    2.275
    65.40    1.000    0.910    0.065    1.530
    65.50    1.000    1.075    0.070    0.755
    65.60    1.000    1.225    0.065   -0.010
    65.70    1.000    1.360    0.065   -0.765
    65.80    1.000    1.460    0.065   -1.415
    65.90    1.000    1.525    0.065   -1.905
    66.00    1.000    1.540    0.065   -2.225
    66.10    1.000    1.545    0.065   -2.305
    66.20    1.000    1.510    0.065   -2.330
    66.30    1.000    1.455    0.065   -2.160
    66.40    0.000    0.000    0.000    0.000

