Data export from TecQuipment CE2000

Data series 1

    Time Func. Gen. position  pos ref motor i/p 
     0.00    5.000    0.120    0.195   -0.010
     0.10    5.000    0.125    0.195    3.785
     0.20    5.000    0.175    0.195    4.000
     0.30    5.000    0.265    0.195    4.000
     0.40    5.000    0.400    0.195    4.000
     0.50    5.000    0.575    0.195    4.000
     0.60    5.000    0.785    0.195    4.000
     0.70    5.000    1.030    0.195    4.000
     0.80    5.000    1.305    0.195    4.000
     0.90    5.000    1.610    0.195    4.000
     1.00    5.000    1.945    0.195    4.000
     1.10    5.000    2.305    0.195    4.000
     1.20    5.000    2.690    0.195    4.000
     1.30    5.000    3.095    0.195    4.000
     1.40    5.000    3.525    0.195    4.000
     1.50    5.000    3.975    0.195    4.000
     1.60    5.000    4.440    0.200    4.000
     1.70    5.000    4.925    0.200    3.635
     1.80    5.000    5.415    0.200    1.385
     1.90    5.000    5.885    0.195   -0.985
     2.00    5.000    6.300    0.200   -3.285
     2.10    5.000    6.630    0.195   -4.025
     2.20    5.000    6.870    0.195   -4.050
     2.30    5.000    7.020    0.195   -4.050
     2.40    5.000    7.090    0.195   -4.050
     2.50    5.000    7.090    0.195   -4.050
     2.60    5.000    7.035    0.195   -4.050
     2.70    5.000    6.935    0.195   -4.050
     2.80    5.000    6.795    0.195   -4.050
     2.90    5.000    6.620    0.195   -4.050
     3.00    5.000    6.410    0.195   -4.050
     3.10    5.000    6.165    0.195   -4.050
     3.20    5.000    5.890    0.195   -4.050
     3.30    5.000    5.585    0.190   -3.370
     3.40    5.000    5.265    0.190   -1.950
     3.50    5.000    4.950    0.190   -0.400
     3.60    5.000    4.655    0.190    1.105
     3.70    5.000    4.405    0.190    2.535
     3.80    5.000    4.220    0.190    3.750
     3.90    5.000    4.110    0.195    3.990
     4.00    5.000    4.075    0.195    4.000
     4.10    5.000    4.080    0.195    4.000
     4.20    5.000    4.155    0.195    4.000
     4.30    5.000    4.275    0.195    4.000
     4.40    5.000    4.430    0.195    4.000
     4.50    5.000    4.630    0.195    3.680
     4.60    5.000    4.855    0.195    2.740
     4.70    5.000    5.085    0.195    1.655
     4.80    5.000    5.320    0.195    0.555
     4.90    5.000    5.540    0.195   -0.580
     5.00    5.000    5.720    0.195   -1.645
     5.10    5.000    5.860    0.195   -2.525
     5.20    5.000    5.940    0.195   -3.200
     5.30    5.000    5.965    0.195   -3.595
     5.40    5.000    5.950    0.195   -3.720
     5.50    5.000    5.880    0.195   -3.650
     5.60    5.000    5.775    0.195   -3.325
     5.70    5.000    5.640    0.195   -2.825
     5.80    5.000    5.480    0.195   -2.175
     5.90    5.000    5.315    0.195   -1.400
     6.00    5.000    5.150    0.195   -0.600
     6.10    5.000    4.995    0.190    0.185
     6.20    5.000    4.870    0.195    0.915
     6.30    5.000    4.770    0.195    1.545
     6.40    5.000    4.710    0.195    2.035
     6.50    5.000    4.695    0.195    2.325
     6.60    5.000    4.710    0.195    2.400
     6.70    5.000    4.745    0.195    2.335
     6.80    5.000    4.805    0.195    2.165
     6.90    5.000    4.880    0.195    1.880
     7.00    5.000    4.965    0.195    1.520
     7.10    5.000    5.055    0.195    1.110
     7.20    5.000    5.140    0.195    0.675
     7.30    5.000    5.220    0.195    0.265
     7.40    5.000    5.290    0.195   -0.120
     7.50    5.000    5.345    0.195   -0.455
     7.60    5.000    5.375    0.195   -0.725
     7.70    5.000    5.380    0.195   -0.880
     7.80    5.000    5.380    0.195   -0.900
     7.90    5.000    5.385    0.195   -0.900
     8.00    5.000    5.390    0.195   -0.925
     8.10    5.000    5.380    0.195   -0.950
     8.20    5.000    5.375    0.195   -0.905
     8.30    5.000    5.370    0.195   -0.880
     8.40    5.000    5.360    0.195   -0.855
     8.50    5.000    5.360    0.195   -0.810
     8.60    5.000    5.360    0.195   -0.805
     8.70    5.000    5.360    0.195   -0.805
     8.80    5.000    5.360    0.195   -0.805
     8.90    5.000    5.360    0.195   -0.805
     9.00    5.000    5.360    0.195   -0.805
     9.10    5.000    5.360    0.195   -0.805
     9.20    5.000    5.360    0.195   -0.805
     9.30    5.000    5.360    0.195   -0.805
     9.40    5.000    5.360    0.195   -0.805
     9.50    5.000    5.360    0.195   -0.805
     9.60    5.000    5.360    0.195   -0.805
     9.70    5.000    5.360    0.195   -0.805
     9.80    5.000    5.360    0.195   -0.805
     9.90    5.000    5.360    0.195   -0.805
    10.00    5.000    5.360    0.195   -0.805
    10.10    5.000    5.360    0.195   -0.805
    10.20    5.000    5.360    0.195   -0.805
    10.30    5.000    5.360    0.195   -0.805
    10.40    5.000    5.360    0.195   -0.805
    10.50    5.000    5.360    0.195   -0.805
    10.60    5.000    5.360    0.195   -0.805
    10.70    5.000    5.360    0.195   -0.805
    10.80    5.000    5.360    0.195   -0.805
    10.90    5.000    5.360    0.195   -0.805
    11.00    5.000    5.360    0.195   -0.805
    11.10    5.000    5.360    0.195   -0.805
    11.20    5.000    5.360    0.195   -0.805
    11.30    5.000    5.360    0.195   -0.805
    11.40    5.000    5.360    0.195   -0.805
    11.50    5.000    5.360    0.195   -0.805
    11.60    5.000    5.360    0.195   -0.805
    11.70    5.000    5.360    0.195   -0.805
    11.80    5.000    5.360    0.195   -0.805
    11.90    5.000    5.360    0.195   -0.805
    12.00    5.000    5.360    0.195   -0.805
    12.10    5.000    5.360    0.195   -0.805
    12.20    5.000    5.360    0.195   -0.805
    12.30    5.000    5.360    0.195   -0.805
    12.40    5.000    5.360    0.195   -0.805
    12.50    5.000    5.360    0.195   -0.805
    12.60    5.000    5.360    0.195   -0.805
    12.70    5.000    5.360    0.195   -0.805
    12.80    5.000    5.360    0.195   -0.805
    12.90    5.000    5.360    0.195   -0.805
    13.00    5.000    5.360    0.195   -0.805
    13.10    5.000    5.360    0.195   -0.805
    13.20    5.000    5.360    0.195   -0.805
    13.30    5.000    5.360    0.195   -0.805
    13.40    5.000    5.360    0.195   -0.805
    13.50    5.000    5.360    0.195   -0.805
    13.60    5.000    5.360    0.195   -0.805
    13.70    5.000    5.360    0.195   -0.805
    13.80    5.000    5.360    0.195   -0.805
    13.90    5.000    5.360    0.195   -0.805
    14.00    5.000    5.360    0.195   -0.805
    14.10    5.000    5.360    0.195   -0.805
    14.20    5.000    5.360    0.195   -0.805
    14.30    5.000    5.360    0.195   -0.805
    14.40    5.000    5.360    0.195   -0.805
    14.50    5.000    5.360    0.195   -0.805
    14.60    5.000    5.360    0.195   -0.805
    14.70    5.000    5.360    0.195   -0.805
    14.80    5.000    5.360    0.195   -0.805
    14.90    5.000    5.360    0.195   -0.805
    15.00    5.000    5.360    0.195   -0.805
    15.10    5.000    5.360    0.195   -0.805
    15.20    5.000    5.360    0.195   -0.805
    15.30    5.000    5.360    0.195   -0.805
    15.40    5.000    5.360    0.195   -0.805
    15.50    5.000    5.360    0.195   -0.805
    15.60    5.000    5.360    0.195   -0.805
    15.70    5.000    5.360    0.195   -0.805
    15.80    5.000    5.360    0.195   -0.805
    15.90    5.000    5.360    0.195   -0.805
    16.00    5.000    5.360    0.195   -0.805
    16.10    5.000    5.360    0.195   -0.805
    16.20    5.000    5.360    0.195   -0.805
    16.30    5.000    5.360    0.195   -0.805
    16.40    5.000    5.360    0.195   -0.805
    16.50    5.000    5.360    0.195   -0.805
    16.60   -5.000    5.360    0.195   -0.805
    16.70   -5.000    5.350    0.195   -3.915
    16.80   -5.000    5.305    0.195   -4.050
    16.90   -5.000    5.215    0.195   -4.050
    17.00   -5.000    5.085    0.195   -4.050
    17.10   -5.000    4.920    0.190   -4.050
    17.20   -5.000    4.710    0.190   -4.050
    17.30   -5.000    4.470    0.190   -4.050
    17.40   -5.000    4.195    0.190   -4.050
    17.50   -5.000    3.890    0.190   -4.050
    17.60   -5.000    3.560    0.190   -4.050
    17.70   -5.000    3.200    0.190   -4.050
    17.80   -5.000    2.815    0.190   -4.050
    17.90   -5.000    2.410    0.190   -4.050
    18.00   -5.000    1.980    0.190   -4.050
    18.10   -5.000    1.530    0.190   -4.050
    18.20   -5.000    1.060    0.190   -4.050
    18.30   -5.000    0.570    0.190   -4.050
    18.40   -5.000    0.070    0.190   -4.050
    18.50   -5.000   -0.450    0.190   -4.050
    18.60   -5.000   -0.980    0.190   -4.050
    18.70   -5.000   -1.525    0.190   -4.050
    18.80   -5.000   -2.085    0.190   -4.050
    18.90   -5.000   -2.655    0.190   -4.050
    19.00   -5.000   -3.235    0.190   -4.050
    19.10   -5.000   -3.825    0.190   -4.050
    19.20   -5.000   -4.425    0.190   -4.050
    19.30   -5.000   -5.025    0.190   -1.900
    19.40   -5.000   -5.605    0.190    0.975
    19.50   -5.000   -6.125    0.190    3.750
    19.60   -5.000   -6.545    0.190    3.995
    19.70   -5.000   -6.875    0.195    4.000
    19.80   -5.000   -7.105    0.195    4.000
    19.90   -5.000   -7.260    0.195    4.000
    20.00   -5.000   -7.325    0.195    4.000
    20.10   -5.000   -7.345    0.195    4.000
    20.20   -5.000   -7.295    0.195    4.000
    20.30   -5.000   -7.195    0.195    4.000
    20.40   -5.000   -7.055    0.195    4.000
    20.50   -5.000   -6.880    0.195    4.000
    20.60   -5.000   -6.665    0.200    4.000
    20.70   -5.000   -6.415    0.195    4.000
    20.80   -5.000   -6.135    0.200    4.000
    20.90   -5.000   -5.825    0.200    4.000
    21.00   -5.000   -5.490    0.200    4.000
    21.10   -5.000   -5.125    0.200    3.320
    21.20   -5.000   -4.755    0.200    1.595
    21.30   -5.000   -4.390    0.200   -0.180
    21.40   -5.000   -4.065    0.200   -1.940
    21.50   -5.000   -3.800    0.200   -3.520
    21.60   -5.000   -3.615    0.195   -4.030
    21.70   -5.000   -3.510    0.195   -4.050
    21.80   -5.000   -3.485    0.195   -4.050
    21.90   -5.000   -3.500    0.195   -4.050
    22.00   -5.000   -3.580    0.195   -4.050
    22.10   -5.000   -3.705    0.195   -4.050
    22.20   -5.000   -3.875    0.195   -4.050
    22.30   -5.000   -4.075    0.195   -4.050
    22.40   -5.000   -4.310    0.195   -3.535
    22.50   -5.000   -4.575    0.195   -2.435
    22.60   -5.000   -4.840    0.195   -1.150
    22.70   -5.000   -5.095    0.195    0.130
    22.80   -5.000   -5.320    0.195    1.365
    22.90   -5.000   -5.500    0.195    2.455
    23.00   -5.000   -5.625    0.195    3.330
    23.10   -5.000   -5.680    0.195    3.930
    23.20   -5.000   -5.670    0.195    4.000
    23.30   -5.000   -5.610    0.195    4.000
    23.40   -5.000   -5.505    0.200    3.875
    23.50   -5.000   -5.360    0.195    3.405
    23.60   -5.000   -5.190    0.200    2.685
    23.70   -5.000   -5.000    0.200    1.895
    23.80   -5.000   -4.810    0.200    0.980
    23.90   -5.000   -4.630    0.200    0.065
    24.00   -5.000   -4.465    0.195   -0.810
    24.10   -5.000   -4.335    0.195   -1.630
    24.20   -5.000   -4.250    0.195   -2.270
    24.30   -5.000   -4.215    0.195   -2.680
    24.40   -5.000   -4.210    0.195   -2.855
    24.50   -5.000   -4.245    0.195   -2.885
    24.60   -5.000   -4.310    0.195   -2.720
    24.70   -5.000   -4.405    0.195   -2.410
    24.80   -5.000   -4.520    0.195   -1.950
    24.90   -5.000   -4.640    0.195   -1.400
    25.00   -5.000   -4.760    0.195   -0.820
    25.10   -5.000   -4.870    0.195   -0.240
    25.20   -5.000   -4.970    0.195    0.290
    25.30   -5.000   -5.045    0.195    0.780
    25.40   -5.000   -5.100    0.195    1.145
    25.50   -5.000   -5.125    0.195    1.410
    25.60   -5.000   -5.120    0.195    1.530
    25.70   -5.000   -5.100    0.195    1.515
    25.80   -5.000   -5.070    0.195    1.420
    25.90   -5.000   -5.035    0.195    1.275
    26.00   -5.000   -4.995    0.195    1.105
    26.10   -5.000   -4.955    0.195    0.910
    26.20   -5.000   -4.920    0.195    0.720
    26.30   -5.000   -4.885    0.195    0.550
    26.40   -5.000   -4.855    0.195    0.380
    26.50   -5.000   -4.830    0.195    0.240
    26.60   -5.000   -4.820    0.195    0.115
    26.70   -5.000   -4.815    0.195    0.065
    26.80   -5.000   -4.815    0.195    0.040
    26.90   -5.000   -4.815    0.195    0.040
    27.00   -5.000   -4.815    0.195    0.040
    27.10   -5.000   -4.815    0.195    0.040
    27.20   -5.000   -4.815    0.195    0.040
    27.30   -5.000   -4.815    0.195    0.040
    27.40   -5.000   -4.815    0.195    0.040
    27.50   -5.000   -4.815    0.195    0.040
    27.60   -5.000   -4.815    0.195    0.040
    27.70   -5.000   -4.815    0.195    0.040
    27.80   -5.000   -4.815    0.195    0.040
    27.90   -5.000   -4.815    0.195    0.040
    28.00   -5.000   -4.815    0.195    0.040
    28.10   -5.000   -4.815    0.195    0.040
    28.20   -5.000   -4.815    0.195    0.040
    28.30   -5.000   -4.815    0.195    0.040
    28.40   -5.000   -4.815    0.195    0.040
    28.50   -5.000   -4.815    0.195    0.040
    28.60   -5.000   -4.815    0.195    0.040
    28.70   -5.000   -4.815    0.195    0.040
    28.80   -5.000   -4.815    0.195    0.040
    28.90   -5.000   -4.815    0.195    0.040
    29.00   -5.000   -4.815    0.195    0.040
    29.10   -5.000   -4.815    0.195    0.040
    29.20   -5.000   -4.815    0.195    0.040
    29.30   -5.000   -4.815    0.195    0.040
    29.40   -5.000   -4.815    0.195    0.040
    29.50   -5.000   -4.815    0.195    0.040
    29.60   -5.000   -4.815    0.195    0.040
    29.70   -5.000   -4.815    0.195    0.040
    29.80   -5.000   -4.815    0.195    0.040
    29.90   -5.000   -4.815    0.195    0.040
    30.00   -5.000   -4.815    0.195    0.040
    30.10   -5.000   -4.815    0.195    0.040
    30.20   -5.000   -4.815    0.195    0.040
    30.30   -5.000   -4.815    0.195    0.040
    30.40   -5.000   -4.815    0.195    0.040
    30.50   -5.000   -4.815    0.195    0.040
    30.60   -5.000   -4.815    0.195    0.040
    30.70   -5.000   -4.815    0.195    0.040
    30.80   -5.000   -4.815    0.195    0.040
    30.90   -5.000   -4.815    0.195    0.040
    31.00   -5.000   -4.815    0.195    0.040
    31.10   -5.000   -4.815    0.195    0.040
    31.20   -5.000   -4.815    0.195    0.040
    31.30   -5.000   -4.815    0.195    0.040
    31.40   -5.000   -4.815    0.195    0.040
    31.50   -5.000   -4.815    0.195    0.040
    31.60   -5.000   -4.815    0.195    0.040
    31.70   -5.000   -4.815    0.195    0.040
    31.80   -5.000   -4.815    0.195    0.040
    31.90   -5.000   -4.815    0.195    0.040
    32.00   -5.000   -4.815    0.195    0.040
    32.10   -5.000   -4.815    0.195    0.040
    32.20   -5.000   -4.815    0.195    0.040
    32.30   -5.000   -4.815    0.195    0.040
    32.40   -5.000   -4.815    0.195    0.040
    32.50   -5.000   -4.815    0.195    0.040
    32.60   -5.000   -4.815    0.195    0.040
    32.70   -5.000   -4.815    0.195    0.040
    32.80   -5.000   -4.815    0.195    0.040
    32.90   -5.000   -4.815    0.195    0.040
    33.00   -5.000   -4.815    0.195    0.040
    33.10   -5.000   -4.815    0.195    0.040
    33.20   -5.000   -4.815    0.195    0.040
    33.30    5.000   -4.815    0.195    0.040
    33.40    5.000   -4.810    0.195    3.855
    33.50    5.000   -4.760    0.195    4.000
    33.60    5.000   -4.670    0.195    4.000
    33.70    5.000   -4.540    0.200    4.000
    33.80    5.000   -4.370    0.195    4.000
    33.90    5.000   -4.160    0.200    4.000
    34.00    5.000   -3.920    0.200    4.000
    34.10    5.000   -3.640    0.200    4.000
    34.20    5.000   -3.340    0.200    4.000
    34.30    5.000   -3.005    0.200    4.000
    34.40    5.000   -2.645    0.200    4.000
    34.50    5.000   -2.265    0.200    4.000
    34.60    5.000   -1.860    0.195    4.000
    34.70    5.000   -1.430    0.200    4.000
    34.80    5.000   -0.985    0.195    4.000
    34.90    5.000   -0.520    0.195    4.000
    35.00    5.000   -0.035    0.195    4.000
    35.10    5.000    0.460    0.195    4.000
    35.20    5.000    0.975    0.195    4.000
    35.30    5.000    1.505    0.195    4.000
    35.40    5.000    2.050    0.195    4.000
    35.50    5.000    2.600    0.195    4.000
    35.60    5.000    3.170    0.200    4.000
    35.70    5.000    3.745    0.200    4.000
    35.80    5.000    4.330    0.195    4.000
    35.90    5.000    4.930    0.200    4.000
    36.00    5.000    5.530    0.200    1.365
    36.10    5.000    6.100    0.200   -1.530
    36.20    5.000    6.600    0.200   -3.950
    36.30    5.000    7.005    0.195   -4.050
    36.40    5.000    7.310    0.195   -4.050
    36.50    5.000    7.520    0.195   -4.050
    36.60    5.000    7.645    0.195   -4.050
    36.70    5.000    7.690    0.195   -4.050
    36.80    5.000    7.685    0.195   -4.050
    36.90    5.000    7.615    0.195   -4.050
    37.00    5.000    7.500    0.195   -4.050
    37.10    5.000    7.345    0.195   -4.050
    37.20    5.000    7.150    0.195   -4.050
    37.30    5.000    6.920    0.195   -4.050
    37.40    5.000    6.655    0.190   -4.050
    37.50    5.000    6.360    0.190   -4.050
    37.60    5.000    6.035    0.190   -4.050
    37.70    5.000    5.685    0.190   -4.050
    37.80    5.000    5.310    0.190   -2.445
    37.90    5.000    4.935    0.190   -0.630
    38.00    5.000    4.585    0.190    1.180
    38.10    5.000    4.285    0.190    2.875
    38.20    5.000    4.055    0.190    3.960
    38.30    5.000    3.905    0.195    4.000
    38.40    5.000    3.835    0.195    4.000
    38.50    5.000    3.835    0.195    4.000
    38.60    5.000    3.890    0.195    4.000
    38.70    5.000    3.990    0.195    4.000
    38.80    5.000    4.130    0.195    4.000
    38.90    5.000    4.315    0.195    4.000
    39.00    5.000    4.530    0.195    4.000
    39.10    5.000    4.780    0.195    3.220
    39.20    5.000    5.045    0.195    2.020
    39.30    5.000    5.315    0.195    0.745
    39.40    5.000    5.565    0.195   -0.560
    39.50    5.000    5.785    0.195   -1.770
    39.60    5.000    5.950    0.195   -2.835
    39.70    5.000    6.055    0.195   -3.635
    39.80    5.000    6.090    0.195   -4.035
    39.90    5.000    6.065    0.195   -4.050
    40.00    5.000    5.990    0.195   -4.050
    40.10    5.000    5.870    0.195   -3.850
    40.20    5.000    5.715    0.195   -3.285
    40.30    5.000    5.535    0.195   -2.540
    40.40    5.000    5.340    0.195   -1.670
    40.50    5.000    5.145    0.190   -0.730
    40.60    5.000    4.960    0.195    0.190
    40.70    5.000    4.800    0.190    1.110
    40.80    5.000    4.680    0.195    1.855
    40.90    5.000    4.600    0.195    2.460
    41.00    5.000    4.570    0.195    2.855
    41.10    5.000    4.590    0.195    3.005
    41.20    5.000    4.635    0.195    2.915
    41.30    5.000    4.715    0.195    2.700
    41.40    5.000    4.815    0.195    2.315
    41.50    5.000    4.935    0.195    1.835
    41.60    5.000    5.055    0.195    1.260
    41.70    5.000    5.180    0.195    0.680
    41.80    5.000    5.295    0.195    0.080
    41.90    5.000    5.390    0.195   -0.480
    42.00    5.000    5.465    0.195   -0.940
    42.10    5.000    5.515    0.195   -1.300
    42.20    5.000    5.530    0.195   -1.545
    42.30    5.000    5.515    0.195   -1.620
    42.40    5.000    5.495    0.195   -1.555
    42.50    5.000    5.460    0.195   -1.460
    42.60    5.000    5.420    0.195   -1.290
    42.70    5.000    5.370    0.195   -1.095
    42.80    5.000    5.325    0.195   -0.860
    42.90    5.000    5.275    0.195   -0.640
    43.00    5.000    5.230    0.195   -0.400
    43.10    5.000    5.195    0.195   -0.180
    43.20    5.000    5.170    0.195   -0.015
    43.30    5.000    5.160    0.195    0.110
    43.40    5.000    5.160    0.195    0.160
    43.50    5.000    5.160    0.195    0.160
    43.60    5.000    5.160    0.195    0.160
    43.70    5.000    5.160    0.195    0.160
    43.80    5.000    5.160    0.195    0.160
    43.90    5.000    5.160    0.195    0.160
    44.00    5.000    5.160    0.195    0.160
    44.10    5.000    5.160    0.195    0.160
    44.20    5.000    5.160    0.195    0.160
    44.30    5.000    5.160    0.195    0.160
    44.40    5.000    5.160    0.195    0.160
    44.50    5.000    5.160    0.195    0.160
    44.60    5.000    5.160    0.195    0.160
    44.70    5.000    5.160    0.195    0.160
    44.80    5.000    5.160    0.195    0.160
    44.90    5.000    5.160    0.195    0.160
    45.00    5.000    5.160    0.195    0.160
    45.10    5.000    5.160    0.195    0.160
    45.20    5.000    5.155    0.195    0.160
    45.30    5.000    5.160    0.195    0.180
    45.40    5.000    5.160    0.195    0.160
    45.50    5.000    5.160    0.195    0.160
    45.60    5.000    5.160    0.195    0.160
    45.70    5.000    5.155    0.195    0.160
    45.80    5.000    5.160    0.195    0.185
    45.90    5.000    5.155    0.195    0.160
    46.00    5.000    5.160    0.195    0.185
    46.10    5.000    5.160    0.195    0.160
    46.20    5.000    5.160    0.195    0.160
    46.30    5.000    5.160    0.195    0.160
    46.40    5.000    5.160    0.195    0.160
    46.50    5.000    5.160    0.195    0.160
    46.60    5.000    5.160    0.195    0.160
    46.70    5.000    5.160    0.195    0.160
    46.80    5.000    5.160    0.195    0.160
    46.90    5.000    5.160    0.195    0.160
    47.00    5.000    5.160    0.195    0.160
    47.10    5.000    5.160    0.195    0.160
    47.20    5.000    5.160    0.195    0.160
    47.30    5.000    5.160    0.195    0.160
    47.40    5.000    5.160    0.195    0.160
    47.50    5.000    5.160    0.195    0.160
    47.60    5.000    5.160    0.195    0.160
    47.70    5.000    5.160    0.195    0.160
    47.80    5.000    5.160    0.195    0.160
    47.90    5.000    5.160    0.195    0.160
    48.00    5.000    5.160    0.195    0.160
    48.10    5.000    5.160    0.195    0.160
    48.20    5.000    5.160    0.195    0.160
    48.30    5.000    5.160    0.195    0.160
    48.40    5.000    5.160    0.195    0.160
    48.50    5.000    5.160    0.195    0.160
    48.60    5.000    5.160    0.195    0.160
    48.70    5.000    5.160    0.195    0.160
    48.80    5.000    5.160    0.195    0.160
    48.90    5.000    5.160    0.195    0.160
    49.00    5.000    5.160    0.195    0.160
    49.10    5.000    5.160    0.195    0.160
    49.20    5.000    5.160    0.195    0.160
    49.30    5.000    5.160    0.195    0.160
    49.40    5.000    5.160    0.195    0.160
    49.50    5.000    5.160    0.195    0.160
    49.60    5.000    5.160    0.195    0.160
    49.70    5.000    5.160    0.195    0.160
    49.80    5.000    5.160    0.195    0.160
    49.90    5.000    5.160    0.195    0.160
    50.00   -5.000    5.160    0.195    0.160
    50.10   -5.000    5.150    0.195   -3.870
    50.20   -5.000    5.105    0.195   -4.050
    50.30   -5.000    5.010    0.195   -4.050
    50.40   -5.000    4.875    0.195   -4.050
    50.50   -5.000    4.700    0.190   -4.050
    50.60   -5.000    4.485    0.190   -4.050
    50.70   -5.000    4.235    0.190   -4.050
    50.80   -5.000    3.955    0.190   -4.050
    50.90   -5.000    3.645    0.190   -4.050
    51.00   -5.000    3.300    0.190   -4.050
    51.10   -5.000    2.935    0.190   -4.050
    51.20   -5.000    2.540    0.190   -4.050
    51.30   -5.000    2.125    0.190   -4.050
    51.40   -5.000    1.690    0.190   -4.050
    51.50   -5.000    1.230    0.190   -4.050
    51.60   -5.000    0.750    0.190   -4.050
    51.70   -5.000    0.255    0.190   -4.050
    51.80   -5.000   -0.255    0.190   -4.050
    51.90   -5.000   -0.785    0.190   -4.050
    52.00   -5.000   -1.325    0.190   -4.050
    52.10   -5.000   -1.880    0.190   -4.050
    52.20   -5.000   -2.445    0.190   -4.050
    52.30   -5.000   -3.020    0.190   -4.050
    52.40   -5.000   -3.610    0.190   -4.050
    52.50   -5.000   -4.205    0.190   -4.050
    52.60   -5.000   -4.810    0.190   -2.935
    52.70   -5.000   -5.400    0.190   -0.075
    52.80   -5.000   -5.945    0.190    2.780
    52.90   -5.000   -6.405    0.195    3.960
    53.00   -5.000   -6.770    0.195    4.000
    53.10   -5.000   -7.040    0.195    4.000
    53.20   -5.000   -7.225    0.195    4.000
    53.30   -5.000   -7.325    0.195    4.000
    53.40   -5.000   -7.350    0.195    4.000
    53.50   -5.000   -7.320    0.195    4.000
    53.60   -5.000   -7.240    0.195    4.000
    53.70   -5.000   -7.115    0.195    4.000
    53.80   -5.000   -6.950    0.195    4.000
    53.90   -5.000   -6.750    0.200    4.000
    54.00   -5.000   -6.515    0.200    4.000
    54.10   -5.000   -6.245    0.200    4.000
    54.20   -5.000   -5.945    0.200    4.000
    54.30   -5.000   -5.615    0.200    4.000
    54.40   -5.000   -5.260    0.200    3.900
    54.50   -5.000   -4.885    0.200    2.250
    54.60   -5.000   -4.515    0.200    0.435
    54.70   -5.000   -4.170    0.200   -1.350
    54.80   -5.000   -3.875    0.200   -3.005
    54.90   -5.000   -3.655    0.195   -4.010
    55.00   -5.000   -3.520    0.195   -4.050
    55.10   -5.000   -3.465    0.195   -4.050
    55.20   -5.000   -3.480    0.195   -4.050
    55.30   -5.000   -3.545    0.195   -4.050
    55.40   -5.000   -3.655    0.195   -4.050
    55.50   -5.000   -3.805    0.195   -4.050
    55.60   -5.000   -3.995    0.195   -4.050
    55.70   -5.000   -4.220    0.195   -3.910
    55.80   -5.000   -4.470    0.195   -2.860
    55.90   -5.000   -4.740    0.195   -1.645
    56.00   -5.000   -5.000    0.195   -0.355
    56.10   -5.000   -5.245    0.195    0.900
    56.20   -5.000   -5.445    0.195    2.085
    56.30   -5.000   -5.590    0.195    3.055
    56.40   -5.000   -5.675    0.195    3.760
    56.50   -5.000   -5.700    0.195    3.995
    56.60   -5.000   -5.670    0.195    4.000
    56.70   -5.000   -5.585    0.195    4.000
    56.80   -5.000   -5.455    0.195    3.755
    56.90   -5.000   -5.290    0.200    3.145
    57.00   -5.000   -5.100    0.200    2.370
    57.10   -5.000   -4.905    0.200    1.460
    57.20   -5.000   -4.710    0.200    0.520
    57.30   -5.000   -4.525    0.195   -0.415
    57.40   -5.000   -4.370    0.195   -1.335
    57.50   -5.000   -4.260    0.195   -2.095
    57.60   -5.000   -4.195    0.195   -2.635
    57.70   -5.000   -4.180    0.195   -2.950
    57.80   -5.000   -4.210    0.195   -3.025
    57.90   -5.000   -4.265    0.195   -2.890
    58.00   -5.000   -4.350    0.195   -2.625
    58.10   -5.000   -4.460    0.195   -2.215
    58.20   -5.000   -4.585    0.195   -1.685
    58.30   -5.000   -4.710    0.195   -1.085
    58.40   -5.000   -4.830    0.195   -0.480
    58.50   -5.000   -4.945    0.195    0.095
    58.60   -5.000   -5.035    0.195    0.655
    58.70   -5.000   -5.100    0.195    1.095
    58.80   -5.000   -5.140    0.195    1.410
    58.90   -5.000   -5.145    0.195    1.605
    59.00   -5.000   -5.130    0.195    1.630
    59.10   -5.000   -5.100    0.195    1.565
    59.20   -5.000   -5.065    0.195    1.415
    59.30   -5.000   -5.025    0.195    1.250
    59.40   -5.000   -4.975    0.195    1.055
    59.50   -5.000   -4.930    0.195    0.815
    59.60   -5.000   -4.885    0.195    0.600
    59.70   -5.000   -4.850    0.195    0.380
    59.80   -5.000   -4.820    0.195    0.210
    59.90   -5.000   -4.800    0.195    0.070
    60.00   -5.000   -4.785    0.195   -0.030
    60.10   -5.000   -4.785    0.195   -0.105
    60.20   -5.000   -4.785    0.195   -0.105
    60.30   -5.000   -4.785    0.195   -0.105
    60.40   -5.000   -4.785    0.195   -0.105
    60.50   -5.000   -4.785    0.195   -0.105
    60.60   -5.000   -4.785    0.195   -0.105
    60.70   -5.000   -4.785    0.195   -0.105
    60.80   -5.000   -4.785    0.195   -0.105
    60.90   -5.000   -4.785    0.195   -0.105
    61.00   -5.000   -4.785    0.195   -0.105
    61.10   -5.000   -4.785    0.195   -0.105
    61.20   -5.000   -4.785    0.195   -0.105
    61.30   -5.000   -4.785    0.195   -0.105
    61.40   -5.000   -4.785    0.195   -0.105
    61.50   -5.000   -4.785    0.195   -0.105
    61.60   -5.000   -4.785    0.195   -0.105
    61.70   -5.000   -4.785    0.195   -0.105
    61.80   -5.000   -4.785    0.195   -0.105
    61.90   -5.000   -4.785    0.195   -0.105
    62.00   -5.000   -4.785    0.195   -0.105
    62.10   -5.000   -4.785    0.195   -0.105
    62.20   -5.000   -4.785    0.195   -0.105
    62.30   -5.000   -4.785    0.195   -0.105
    62.40   -5.000   -4.785    0.195   -0.105
    62.50   -5.000   -4.785    0.195   -0.105
    62.60   -5.000   -4.785    0.195   -0.105
    62.70   -5.000   -4.785    0.195   -0.105
    62.80   -5.000   -4.785    0.195   -0.105
    62.90   -5.000   -4.785    0.195   -0.105
    63.00   -5.000   -4.785    0.195   -0.105
    63.10   -5.000   -4.785    0.195   -0.105
    63.20   -5.000   -4.785    0.195   -0.105
    63.30   -5.000   -4.785    0.195   -0.105
    63.40   -5.000   -4.785    0.195   -0.105
    63.50   -5.000   -4.785    0.195   -0.105
    63.60   -5.000   -4.785    0.195   -0.105
    63.70   -5.000   -4.785    0.195   -0.105
    63.80   -5.000   -4.785    0.195   -0.105
    63.90   -5.000   -4.785    0.195   -0.105
    64.00   -5.000   -4.785    0.195   -0.105
    64.10   -5.000   -4.785    0.195   -0.105
    64.20   -5.000   -4.785    0.195   -0.105
    64.30   -5.000   -4.785    0.195   -0.105
    64.40   -5.000   -4.785    0.195   -0.105
    64.50   -5.000   -4.785    0.195   -0.105
    64.60   -5.000   -4.785    0.195   -0.105
    64.70   -5.000   -4.785    0.195   -0.105
    64.80   -5.000   -4.785    0.195   -0.105
    64.90   -5.000   -4.785    0.195   -0.105
    65.00   -5.000   -4.785    0.195   -0.105
    65.10   -5.000   -4.785    0.195   -0.105
    65.20   -5.000   -4.785    0.195   -0.105
    65.30   -5.000   -4.785    0.195   -0.105
    65.40   -5.000   -4.785    0.195   -0.105
    65.50   -5.000   -4.785    0.195   -0.105
    65.60   -5.000   -4.785    0.195   -0.105
    65.70   -5.000   -4.785    0.195   -0.105
    65.80   -5.000   -4.785    0.195   -0.105
    65.90   -5.000   -4.785    0.195   -0.105
    66.00   -5.000   -4.785    0.195   -0.105
    66.10   -5.000   -4.785    0.195   -0.105
    66.20   -5.000   -4.785    0.195   -0.105
    66.30   -5.000   -4.785    0.195   -0.105
    66.40   -5.000   -4.785    0.195   -0.105
    66.50   -5.000   -4.785    0.195   -0.105
    66.60    5.000   -4.785    0.195   -0.105
    66.70    5.000   -4.780    0.195    3.835
    66.80    5.000   -4.735    0.195    4.000
    66.90    5.000   -4.645    0.195    4.000
    67.00    5.000   -4.510    0.200    4.000
    67.10    5.000   -4.340    0.200    4.000
    67.20    5.000   -4.130    0.195    4.000
    67.30    5.000   -3.890    0.200    4.000
    67.40    5.000   -3.615    0.200    4.000
    67.50    5.000   -3.310    0.200    4.000
    67.60    5.000   -2.975    0.195    4.000
    67.70    5.000   -2.615    0.200    4.000
    67.80    5.000   -2.230    0.200    4.000
    67.90    5.000   -1.825    0.195    4.000
    68.00    5.000   -1.395    0.200    4.000
    68.10    5.000   -0.945    0.195    4.000
    68.20    5.000   -0.480    0.195    4.000
    68.30    5.000    0.005    0.195    4.000
    68.40    5.000    0.505    0.195    4.000
    68.50    5.000    1.020    0.195    4.000
    68.60    5.000    1.555    0.195    4.000
    68.70    5.000    2.100    0.195    4.000
    68.80    5.000    2.655    0.195    4.000
    68.90    5.000    3.220    0.195    4.000
    69.00    5.000    3.800    0.200    4.005
    69.10    5.000    4.395    0.200    4.005
    69.20    5.000    4.995    0.200    3.835
    69.30    5.000    5.595    0.200    1.040
    69.40    5.000    6.160    0.200   -1.835
    69.50    5.000    6.655    0.200   -3.960
    69.60    5.000    7.050    0.200   -4.050
    69.70    5.000    7.345    0.195   -4.050
    69.80    5.000    7.550    0.195   -4.050
    69.90    5.000    7.675    0.195   -4.050
    70.00    5.000    7.715    0.195   -4.050
    70.10    5.000    7.690    0.195   -4.050
    70.20    5.000    7.615    0.195   -4.050
    70.30    5.000    7.500    0.195   -4.050
    70.40    5.000    7.345    0.195   -4.050
    70.50    5.000    7.150    0.195   -4.050
    70.60    5.000    6.920    0.195   -4.050
    70.70    5.000    6.655    0.195   -4.050
    70.80    5.000    6.355    0.195   -4.050
    70.90    5.000    6.030    0.190   -4.050
    71.00    5.000    5.675    0.190   -4.035
    71.10    5.000    5.300    0.190   -2.390
    71.20    5.000    4.930    0.190   -0.570
    71.30    5.000    4.575    0.190    1.205
    71.40    5.000    4.275    0.190    2.915
    71.50    5.000    4.045    0.190    3.960
    71.60    5.000    3.900    0.190    4.000
    71.70    5.000    3.830    0.195    4.000
    71.80    5.000    3.830    0.195    4.000
    71.90    5.000    3.885    0.195    4.000
    72.00    5.000    3.990    0.195    4.000
    72.10    5.000    4.130    0.195    4.000
    72.20    5.000    4.315    0.195    4.000
    72.30    5.000    4.530    0.195    4.000
    72.40    5.000    4.780    0.195    3.210
    72.50    5.000    5.050    0.195    2.025
    72.60    5.000    5.320    0.195    0.725
    72.70    5.000    5.575    0.195   -0.580
    72.80    5.000    5.795    0.195   -1.815
    72.90    5.000    5.960    0.195   -2.890
    73.00    5.000    6.065    0.195   -3.690
    73.10    5.000    6.105    0.195   -4.035
    73.20    5.000    6.090    0.195   -4.050
    73.30    5.000    6.015    0.195   -4.050
    73.40    5.000    5.890    0.195   -3.965
    73.50    5.000    5.735    0.195   -3.380
    73.60    5.000    5.545    0.190   -2.635
    73.70    5.000    5.345    0.195   -1.745
    73.80    5.000    5.140    0.195   -0.755
    73.90    5.000    4.950    0.195    0.235
    74.00    5.000    4.780    0.195    1.155
    74.10    5.000    4.650    0.195    1.975
    74.20    5.000    4.570    0.195    2.610
    74.30    5.000    4.540    0.195    2.995
    74.40    5.000    4.535    0.195    3.145
    74.50    5.000    4.590    0.195    3.170
    74.60    5.000    4.675    0.195    2.920
    74.70    5.000    4.785    0.195    2.510
    74.80    5.000    4.915    0.195    1.980
    74.90    5.000    5.050    0.195    1.360
    75.00    5.000    5.185    0.195    0.705
    75.10    5.000    5.315    0.195    0.055
    75.20    5.000    5.430    0.195   -0.570
    75.30    5.000    5.515    0.195   -1.130
    75.40    5.000    5.565    0.195   -1.545
    75.50    5.000    5.580    0.195   -1.790
    75.60    5.000    5.585    0.195   -1.865
    75.70    5.000    5.560    0.195   -1.890
    75.80    5.000    5.515    0.195   -1.770
    75.90    5.000    5.460    0.195   -1.555
    76.00    5.000    5.395    0.195   -1.290
    76.10    5.000    5.325    0.195   -0.985
    76.20    5.000    5.255    0.195   -0.645
    76.30    5.000    5.190    0.195   -0.305
    76.40    5.000    5.140    0.195    0.010
    76.50    5.000    5.100    0.195    0.250
    76.60    5.000    5.080    0.195    0.445
    76.70    5.000    5.080    0.195    0.545
    76.80    5.000    5.080    0.195    0.545
    76.90    5.000    5.080    0.195    0.545
    77.00    5.000    5.080    0.195    0.545
    77.10    5.000    5.080    0.195    0.545
    77.20    5.000    5.080    0.195    0.545
    77.30    5.000    5.080    0.195    0.545
    77.40    5.000    5.080    0.195    0.550
    77.50    5.000    5.080    0.195    0.545
    77.60    5.000    5.080    0.195    0.545
    77.70    5.000    5.080    0.195    0.545
    77.80    5.000    5.080    0.195    0.545
    77.90    5.000    5.075    0.195    0.545
    78.00    5.000    5.080    0.195    0.570
    78.10    5.000    5.080    0.195    0.550
    78.20    5.000    5.080    0.195    0.550
    78.30    5.000    5.080    0.195    0.545
    78.40    5.000    5.080    0.195    0.545
    78.50    5.000    5.080    0.195    0.545
    78.60    5.000    5.080    0.195    0.550
    78.70    5.000    5.080    0.195    0.545
    78.80    5.000    5.075    0.195    0.550
    78.90    5.000    5.080    0.195    0.570
    79.00    5.000    5.080    0.195    0.550
    79.10    5.000    5.075    0.195    0.545
    79.20    5.000    5.080    0.195    0.570
    79.30    5.000    5.080    0.195    0.550
    79.40    5.000    5.080    0.195    0.545
    79.50    5.000    5.075    0.195    0.545
    79.60    5.000    5.080    0.195    0.570
    79.70    5.000    5.080    0.195    0.550
    79.80    5.000    5.075    0.195    0.545
    79.90    5.000    5.080    0.195    0.570
    80.00    5.000    5.080    0.195    0.550
    80.10    5.000    5.080    0.195    0.545
    80.20    5.000    5.080    0.195    0.545
    80.30    5.000    5.080    0.195    0.545
    80.40    5.000    5.080    0.195    0.545
    80.50    5.000    5.080    0.195    0.550
    80.60    5.000    5.080    0.195    0.550
    80.70    5.000    5.080    0.195    0.545
    80.80    5.000    5.080    0.195    0.550
    80.90    5.000    5.080    0.195    0.550
    81.00    5.000    5.080    0.195    0.550
    81.10    5.000    5.080    0.195    0.545
    81.20    5.000    5.075    0.195    0.550
    81.30    5.000    5.075    0.195    0.570
    81.40    5.000    5.080    0.195    0.570
    81.50    5.000    5.080    0.195    0.550
    81.60    5.000    5.080    0.195    0.545
    81.70    5.000    5.075    0.195    0.550
    81.80    5.000    5.080    0.195    0.570
    81.90    5.000    5.080    0.195    0.550
    82.00    5.000    5.080    0.195    0.545
    82.10    5.000    5.080    0.195    0.550
    82.20    5.000    5.080    0.195    0.545
    82.30    5.000    5.080    0.195    0.550
    82.40    5.000    5.075    0.195    0.545
    82.50    5.000    5.075    0.195    0.570
    82.60    5.000    5.080    0.195    0.570
    82.70    5.000    5.075    0.195    0.550
    82.80    5.000    5.075    0.195    0.570
    82.90    5.000    5.080    0.195    0.570
    83.00    5.000    5.080    0.195    0.550
    83.10    5.000    5.080    0.195    0.545
    83.20    5.000    5.075    0.195    0.545
    83.30   -5.000    5.080    0.195    0.570
    83.40   -5.000    5.070    0.195   -3.835
    83.50   -5.000    5.025    0.195   -4.050
    83.60   -5.000    4.930    0.190   -4.050
    83.70   -5.000    4.795    0.190   -4.050
    83.80   -5.000    4.615    0.190   -4.050
    83.90   -5.000    4.400    0.190   -4.050
    84.00   -5.000    4.150    0.190   -4.050
    84.10   -5.000    3.870    0.190   -4.050
    84.20   -5.000    3.555    0.190   -4.050
    84.30   -5.000    3.215    0.190   -4.050
    84.40   -5.000    2.845    0.190   -4.050
    84.50   -5.000    2.455    0.190   -4.050
    84.60   -5.000    2.035    0.190   -4.050
    84.70   -5.000    1.595    0.190   -4.050
    84.80   -5.000    1.135    0.190   -4.050
    84.90   -5.000    0.655    0.190   -4.050
    85.00   -5.000    0.160    0.190   -4.050
    85.10   -5.000   -0.355    0.190   -4.050
    85.20   -5.000   -0.885    0.190   -4.050
    85.30   -5.000   -1.425    0.190   -4.050
    85.40   -5.000   -1.980    0.190   -4.050
    85.50   -5.000   -2.545    0.190   -4.050
    85.60   -5.000   -3.125    0.190   -4.050
    85.70   -5.000   -3.715    0.190   -4.050
    85.80   -5.000   -4.315    0.190   -4.050
    85.90   -5.000   -4.920    0.190   -2.425
    86.00   -5.000   -5.505    0.190    0.450
    86.10   -5.000   -6.035    0.190    3.275
    86.20   -5.000   -6.480    0.195    3.980
    86.30   -5.000   -6.825    0.195    4.000
    86.40   -5.000   -7.080    0.195    4.000
    86.50   -5.000   -7.250    0.195    4.000
    86.60   -5.000   -7.335    0.195    4.000
    86.70   -5.000   -7.365    0.195    4.000
    86.80   -5.000   -7.330    0.195    4.000
    86.90   -5.000   -7.240    0.195    4.000
    87.00   -5.000   -7.110    0.195    4.000
    87.10   -5.000   -6.940    0.195    4.000
    87.20   -5.000   -6.730    0.195    4.000
    87.30   -5.000   -6.490    0.200    4.000
    87.40   -5.000   -6.215    0.200    4.000
    87.50   -5.000   -5.910    0.200    4.000
    87.60   -5.000   -5.575    0.200    4.000
    87.70   -5.000   -5.215    0.200    3.715
    87.80   -5.000   -4.840    0.200    2.040
    87.90   -5.000   -4.470    0.200    0.225
    88.00   -5.000   -4.130    0.200   -1.555
    88.10   -5.000   -3.840    0.200   -3.210
    88.20   -5.000   -3.630    0.195   -4.025
    88.30   -5.000   -3.505    0.195   -4.050
    88.40   -5.000   -3.460    0.195   -4.050
    88.50   -5.000   -3.475    0.195   -4.050
    88.60   -5.000   -3.545    0.195   -4.050
    88.70   -5.000   -3.660    0.195   -4.050
    88.80   -5.000   -3.815    0.195   -4.050
    88.90   -5.000   -4.010    0.195   -4.050
    89.00   -5.000   -4.235    0.195   -3.835
    89.10   -5.000   -4.495    0.195   -2.790
    89.20   -5.000   -4.760    0.195   -1.535
    89.30   -5.000   -5.025    0.195   -0.250
    89.40   -5.000   -5.265    0.195    1.030
    89.50   -5.000   -5.460    0.195    2.180
    89.60   -5.000   -5.605    0.195    3.125
    89.70   -5.000   -5.680    0.195    3.830
    89.80   -5.000   -5.700    0.195    3.995
    89.90   -5.000   -5.670    0.195    4.000
    90.00   -5.000   -5.580    0.195    4.000
    90.10   -5.000   -5.450    0.195    3.730
    90.20   -5.000   -5.285    0.200    3.120
    90.30   -5.000   -5.095    0.200    2.350
    90.40   -5.000   -4.895    0.200    1.440
    90.50   -5.000   -4.700    0.200    0.470
    90.60   -5.000   -4.515    0.200   -0.470
    90.70   -5.000   -4.365    0.195   -1.365
    90.80   -5.000   -4.255    0.195   -2.115
    90.90   -5.000   -4.190    0.195   -2.655
    91.00   -5.000   -4.165    0.195   -2.975
    91.10   -5.000   -4.185    0.195   -3.095
    91.20   -5.000   -4.245    0.195   -3.005
    91.30   -5.000   -4.335    0.195   -2.725
    91.40   -5.000   -4.450    0.195   -2.290
    91.50   -5.000   -4.580    0.195   -1.735
    91.60   -5.000   -4.710    0.195   -1.110
    91.70   -5.000   -4.840    0.195   -0.480
    91.80   -5.000   -4.955    0.195    0.145
    91.90   -5.000   -5.055    0.195    0.705
    92.00   -5.000   -5.125    0.195    1.185
    92.10   -5.000   -5.165    0.195    1.530
    92.20   -5.000   -5.180    0.195    1.725
    92.30   -5.000   -5.175    0.195    1.795
    92.40   -5.000   -5.145    0.195    1.775
    92.50   -5.000   -5.105    0.195    1.630
    92.60   -5.000   -5.050    0.195    1.445
    92.70   -5.000   -4.995    0.195    1.180
    92.80   -5.000   -4.935    0.195    0.915
    92.90   -5.000   -4.880    0.195    0.625
    93.00   -5.000   -4.830    0.195    0.355
    93.10   -5.000   -4.785    0.195    0.115
    93.20   -5.000   -4.755    0.195   -0.100
    93.30   -5.000   -4.745    0.195   -0.245
    93.40   -5.000   -4.745    0.195   -0.295
    93.50   -5.000   -4.745    0.195   -0.300
    93.60   -5.000   -4.745    0.195   -0.300
    93.70   -5.000   -4.745    0.195   -0.295
    93.80   -5.000   -4.745    0.195   -0.300
    93.90   -5.000   -4.745    0.195   -0.300
    94.00   -5.000   -4.745    0.195   -0.300
    94.10   -5.000   -4.745    0.195   -0.300
    94.20   -5.000   -4.745    0.195   -0.300
    94.30   -5.000   -4.745    0.195   -0.300
    94.40   -5.000   -4.745    0.195   -0.300
    94.50   -5.000   -4.745    0.195   -0.300
    94.60   -5.000   -4.745    0.195   -0.300
    94.70   -5.000   -4.745    0.195   -0.300
    94.80   -5.000   -4.745    0.195   -0.300
    94.90   -5.000   -4.745    0.195   -0.300
    95.00   -5.000   -4.745    0.195   -0.300
    95.10   -5.000   -4.745    0.195   -0.300
    95.20   -5.000   -4.745    0.195   -0.300
    95.30   -5.000   -4.745    0.195   -0.300
    95.40   -5.000   -4.745    0.195   -0.300
    95.50   -5.000   -4.745    0.195   -0.300
    95.60   -5.000   -4.745    0.195   -0.300
    95.70   -5.000   -4.745    0.195   -0.300
    95.80   -5.000   -4.745    0.195   -0.300
    95.90   -5.000   -4.745    0.195   -0.300
    96.00   -5.000   -4.745    0.195   -0.295
    96.10   -5.000   -4.745    0.195   -0.300
    96.20   -5.000   -4.745    0.195   -0.300
    96.30   -5.000   -4.745    0.195   -0.300
    96.40   -5.000   -4.745    0.195   -0.300
    96.50   -5.000   -4.745    0.195   -0.300
    96.60   -5.000   -4.745    0.195   -0.300
    96.70   -5.000   -4.745    0.195   -0.300
    96.80   -5.000   -4.745    0.195   -0.300
    96.90   -5.000   -4.745    0.195   -0.300
    97.00   -5.000   -4.745    0.195   -0.300
    97.10   -5.000   -4.745    0.195   -0.300
    97.20   -5.000   -4.745    0.195   -0.300
    97.30   -5.000   -4.745    0.195   -0.300
    97.40   -5.000   -4.745    0.195   -0.300
    97.50   -5.000   -4.745    0.195   -0.300
    97.60   -5.000   -4.745    0.195   -0.300
    97.70   -5.000   -4.745    0.195   -0.300
    97.80   -5.000   -4.745    0.195   -0.300
    97.90   -5.000   -4.745    0.195   -0.300
    98.00   -5.000   -4.745    0.195   -0.300
    98.10   -5.000   -4.745    0.195   -0.300
    98.20   -5.000   -4.745    0.195   -0.300
    98.30   -5.000   -4.745    0.195   -0.300
    98.40   -5.000   -4.745    0.195   -0.300
    98.50   -5.000   -4.745    0.195   -0.300
    98.60   -5.000   -4.745    0.195   -0.300
    98.70   -5.000   -4.745    0.195   -0.300
    98.80   -5.000   -4.745    0.195   -0.300
    98.90   -5.000   -4.745    0.195   -0.300
    99.00   -5.000   -4.745    0.195   -0.300
    99.10   -5.000   -4.745    0.195   -0.300
    99.20   -5.000   -4.745    0.195   -0.300
    99.30   -5.000   -4.745    0.195   -0.300
    99.40   -5.000   -4.745    0.195   -0.300
    99.50   -5.000   -4.745    0.195   -0.300
    99.60   -5.000   -4.745    0.195   -0.300
    99.70   -5.000   -4.745    0.195   -0.300
    99.80   -5.000   -4.745    0.195   -0.300
    99.90   -5.000   -4.745    0.195   -0.300
   100.00    5.000   -4.745    0.195   -0.300
   100.10    5.000   -4.735    0.195    3.820
   100.20    5.000   -4.690    0.195    4.000
   100.30    5.000   -4.600    0.200    4.000
   100.40    5.000   -4.470    0.195    4.000
   100.50    5.000   -4.300    0.195    4.000
   100.60    5.000   -4.090    0.200    4.000
   100.70    5.000   -3.850    0.200    4.005
   100.80    5.000   -3.575    0.195    4.005
   100.90    5.000   -3.270    0.200    4.000
   101.00    5.000   -2.940    0.200    4.000
   101.10    5.000   -2.580    0.195    4.000
   101.20    5.000   -2.200    0.195    4.005
   101.30    5.000   -1.795    0.195    4.000
   101.40    5.000   -1.365    0.195    4.000
   101.50    5.000   -0.920    0.195    4.005
   101.60    5.000   -0.455    0.195    4.005
   101.70    5.000    0.030    0.195    4.000
   101.80    5.000    0.525    0.195    4.000
   101.90    5.000    1.045    0.195    4.000
   102.00    5.000    1.570    0.195    4.005
   102.10    5.000    2.115    0.195    4.000
   102.20    5.000    2.670    0.195    4.000
   102.30    5.000    3.240    0.195    4.005
   102.40    5.000    3.815    0.195    4.005
   102.50    5.000    4.410    0.200    4.005
   102.60    5.000    5.010    0.200    3.765
   102.70    5.000    5.605    0.200    0.970
   102.80    5.000    6.170    0.200   -1.910
   102.90    5.000    6.660    0.200   -3.960
   103.00    5.000    7.055    0.200   -4.050
   103.10    5.000    7.350    0.195   -4.050
   103.20    5.000    7.550    0.195   -4.050
   103.30    5.000    7.670    0.195   -4.050
   103.40    5.000    7.710    0.195   -4.050
   103.50    5.000    7.700    0.195   -4.050
   103.60    5.000    7.625    0.195   -4.050
   103.70    5.000    7.505    0.195   -4.050
   103.80    5.000    7.345    0.195   -4.050
   103.90    5.000    7.150    0.195   -4.050
   104.00    5.000    6.915    0.195   -4.050
   104.10    5.000    6.645    0.195   -4.050
   104.20    5.000    6.350    0.190   -4.050
   104.30    5.000    6.020    0.190   -4.050
   104.40    5.000    5.665    0.190   -3.990
   104.50    5.000    5.285    0.190   -2.345
   104.60    5.000    4.910    0.190   -0.505
   104.70    5.000    4.560    0.190    1.310
   104.80    5.000    4.260    0.190    2.985
   104.90    5.000    4.035    0.190    3.960
   105.00    5.000    3.890    0.190    4.000
   105.10    5.000    3.820    0.195    4.005
   105.20    5.000    3.810    0.195    4.005
   105.30    5.000    3.860    0.195    4.000
   105.40    5.000    3.960    0.195    4.000
   105.50    5.000    4.100    0.195    4.000
   105.60    5.000    4.285    0.195    4.000
   105.70    5.000    4.500    0.195    4.000
   105.80    5.000    4.750    0.195    3.355
   105.90    5.000    5.025    0.195    2.160
   106.00    5.000    5.295    0.195    0.845
   106.10    5.000    5.555    0.195   -0.455
   106.20    5.000    5.780    0.195   -1.720
   106.30    5.000    5.955    0.195   -2.815
   106.40    5.000    6.070    0.195   -3.660
   106.50    5.000    6.110    0.195   -4.040
   106.60    5.000    6.085    0.195   -4.050
   106.70    5.000    6.005    0.195   -4.050
   106.80    5.000    5.885    0.195   -3.920
   106.90    5.000    5.730    0.195   -3.355
   107.00    5.000    5.545    0.195   -2.610
   107.10    5.000    5.340    0.190   -1.715
   107.20    5.000    5.140    0.190   -0.755
   107.30    5.000    4.950    0.195    0.210
   107.40    5.000    4.785    0.195    1.150
   107.50    5.000    4.660    0.195    1.950
   107.60    5.000    4.575    0.195    2.560
   107.70    5.000    4.545    0.195    2.975
   107.80    5.000    4.560    0.195    3.120
   107.90    5.000    4.615    0.195    3.060
   108.00    5.000    4.695    0.195    2.800
   108.10    5.000    4.800    0.195    2.415
   108.20    5.000    4.925    0.195    1.905
   108.30    5.000    5.055    0.195    1.310
   108.40    5.000    5.185    0.195    0.685
   108.50    5.000    5.305    0.195    0.060
   108.60    5.000    5.410    0.195   -0.525
   108.70    5.000    5.495    0.195   -1.035
   108.80    5.000    5.545    0.195   -1.445
   108.90    5.000    5.560    0.195   -1.695
   109.00    5.000    5.565    0.195   -1.770
   109.10    5.000    5.540    0.195   -1.795
   109.20    5.000    5.500    0.195   -1.680
   109.30    5.000    5.445    0.195   -1.485
   109.40    5.000    5.385    0.195   -1.220
   109.50    5.000    5.320    0.195   -0.930
   109.60    5.000    5.260    0.195   -0.620
   109.70    5.000    5.200    0.195   -0.330
   109.80    5.000    5.150    0.195   -0.040
   109.90    5.000    5.120    0.195    0.205
   110.00    5.000    5.100    0.195    0.350
   110.10    5.000    5.100    0.195    0.445
   110.20    5.000    5.100    0.195    0.450
   110.30    5.000    5.100    0.195    0.450
   110.40    5.000    5.100    0.195    0.450
   110.50    5.000    5.100    0.195    0.450
   110.60    5.000    5.100    0.195    0.450
   110.70    5.000    5.100    0.195    0.450
   110.80    5.000    5.100    0.195    0.450
   110.90    5.000    5.100    0.195    0.450
   111.00    5.000    5.100    0.195    0.450
   111.10    5.000    5.100    0.195    0.450
   111.20    5.000    5.100    0.195    0.450
   111.30    5.000    5.100    0.195    0.450
   111.40    5.000    5.100    0.195    0.450
   111.50    5.000    5.100    0.195    0.450
   111.60    5.000    5.100    0.195    0.450
   111.70    5.000    5.100    0.195    0.450
   111.80    5.000    5.100    0.195    0.450
   111.90    5.000    5.100    0.195    0.450
   112.00    5.000    5.100    0.195    0.450
   112.10    5.000    5.100    0.195    0.450
   112.20    5.000    5.100    0.195    0.450
   112.30    5.000    5.100    0.195    0.450
   112.40    5.000    5.100    0.195    0.450
   112.50    5.000    5.100    0.195    0.450
   112.60    5.000    5.100    0.195    0.450
   112.70    5.000    5.100    0.195    0.450
   112.80    5.000    5.095    0.195    0.450
   112.90    5.000    5.100    0.195    0.475
   113.00    5.000    5.100    0.195    0.450
   113.10    5.000    5.100    0.195    0.450
   113.20    5.000    5.100    0.195    0.450
   113.30    5.000    5.100    0.195    0.450
   113.40    5.000    5.100    0.195    0.450
   113.50    5.000    5.100    0.195    0.450
   113.60    5.000    5.100    0.195    0.450
   113.70    5.000    5.100    0.195    0.450
   113.80    5.000    5.100    0.195    0.450
   113.90    5.000    5.100    0.195    0.450
   114.00    5.000    5.100    0.195    0.450
   114.10    5.000    5.100    0.195    0.450
   114.20    5.000    5.100    0.195    0.450
   114.30    5.000    5.100    0.195    0.450
   114.40    5.000    5.100    0.195    0.450
   114.50    5.000    5.100    0.195    0.450
   114.60    5.000    5.100    0.195    0.450
   114.70    5.000    5.100    0.195    0.450
   114.80    5.000    5.100    0.195    0.450
   114.90    5.000    5.100    0.195    0.450
   115.00    5.000    5.100    0.195    0.450
   115.10    5.000    5.100    0.195    0.450
   115.20    5.000    5.100    0.195    0.450
   115.30    5.000    5.100    0.195    0.450
   115.40    5.000    5.100    0.195    0.450
   115.50    5.000    5.100    0.195    0.450
   115.60    5.000    5.100    0.195    0.450
   115.70    5.000    5.100    0.195    0.450
   115.80    5.000    5.100    0.195    0.450
   115.90    5.000    5.100    0.195    0.450
   116.00    5.000    5.100    0.195    0.450
   116.10    5.000    5.100    0.195    0.450
   116.20    5.000    5.100    0.195    0.450
   116.30    5.000    5.100    0.195    0.450
   116.40    5.000    5.100    0.195    0.450
   116.50    5.000    5.100    0.195    0.450
   116.60   -5.000    5.100    0.195    0.450
   116.70   -5.000    5.090    0.195   -3.870
   116.80   -5.000    5.040    0.195   -4.050
   116.90   -5.000    4.945    0.195   -4.050
   117.00   -5.000    4.810    0.195   -4.050
   117.10   -5.000    4.630    0.195   -4.050
   117.20   -5.000    4.415    0.190   -4.050
   117.30   -5.000    4.165    0.190   -4.050
   117.40   -5.000    3.880    0.190   -4.050
   117.50   -5.000    3.565    0.190   -4.050
   117.60   -5.000    3.225    0.190   -4.050
   117.70   -5.000    2.855    0.190   -4.050
   117.80   -5.000    2.460    0.190   -4.050
   117.90   -5.000    2.045    0.190   -4.050
   118.00   -5.000    1.600    0.190   -4.050
   118.10   -5.000    1.140    0.190   -4.050
   118.20   -5.000    0.660    0.190   -4.050
   118.30   -5.000    0.165    0.190   -4.050
   118.40   -5.000   -0.350    0.190   -4.050
   118.50   -5.000   -0.880    0.190   -4.050
   118.60   -5.000   -1.420    0.190   -4.050
   118.70   -5.000   -1.980    0.190   -4.050
   118.80   -5.000   -2.545    0.190   -4.050
   118.90   -5.000   -3.125    0.190   -4.050
   119.00   -5.000   -3.715    0.190   -4.050
   119.10   -5.000   -4.320    0.190   -4.050
   119.20   -5.000   -4.925    0.190   -2.395
   119.30   -5.000   -5.510    0.190    0.490
   119.40   -5.000   -6.045    0.190    3.290
   119.50   -5.000   -6.485    0.195    3.975
   119.60   -5.000   -6.830    0.195    4.005
   119.70   -5.000   -7.085    0.195    4.000
   119.80   -5.000   -7.255    0.195    4.000
   119.90   -5.000   -7.340    0.195    4.000
   120.00   -5.000   -7.365    0.195    4.000
   120.10   -5.000   -7.330    0.195    4.000
   120.20   -5.000   -7.245    0.195    4.000
   120.30   -5.000   -7.115    0.195    4.000
   120.40   -5.000   -6.945    0.195    4.000
   120.50   -5.000   -6.735    0.200    4.000
   120.60   -5.000   -6.495    0.200    4.000
   120.70   -5.000   -6.220    0.200    4.005
   120.80   -5.000   -5.915    0.200    4.000
   120.90   -5.000   -5.580    0.200    4.000
   121.00   -5.000   -5.220    0.200    3.735
   121.10   -5.000   -4.845    0.200    2.055
   121.20   -5.000   -4.470    0.200    0.255
   121.30   -5.000   -4.130    0.200   -1.555
   121.40   -5.000   -3.845    0.200   -3.205
   121.50   -5.000   -3.630    0.195   -4.020
   121.60   -5.000   -3.500    0.195   -4.050
   121.70   -5.000   -3.450    0.195   -4.050
   121.80   -5.000   -3.450    0.195   -4.050
   121.90   -5.000   -3.520    0.195   -4.050
   122.00   -5.000   -3.630    0.195   -4.050
   122.10   -5.000   -3.785    0.195   -4.050
   122.20   -5.000   -3.975    0.195   -4.050
   122.30   -5.000   -4.205    0.195   -4.005
   122.40   -5.000   -4.460    0.195   -3.010
   122.50   -5.000   -4.735    0.195   -1.705
   122.60   -5.000   -5.005    0.195   -0.380
   122.70   -5.000   -5.255    0.195    0.930
   122.80   -5.000   -5.460    0.195    2.135
   122.90   -5.000   -5.615    0.195    3.130
   123.00   -5.000   -5.700    0.195    3.880
   123.10   -5.000   -5.715    0.195    4.000
   123.20   -5.000   -5.700    0.195    4.000
   123.30   -5.000   -5.615    0.195    4.005
   123.40   -5.000   -5.485    0.195    3.895
   123.50   -5.000   -5.320    0.195    3.285
   123.60   -5.000   -5.130    0.200    2.490
   123.70   -5.000   -4.930    0.195    1.610
   123.80   -5.000   -4.725    0.200    0.620
   123.90   -5.000   -4.535    0.200   -0.350
   124.00   -5.000   -4.375    0.195   -1.265
   124.10   -5.000   -4.250    0.195   -2.070
   124.20   -5.000   -4.180    0.195   -2.680
   124.30   -5.000   -4.150    0.195   -3.020
   124.40   -5.000   -4.160    0.195   -3.165
   124.50   -5.000   -4.220    0.195   -3.145
   124.60   -5.000   -4.310    0.195   -2.845
   124.70   -5.000   -4.425    0.195   -2.410
   124.80   -5.000   -4.560    0.195   -1.855
   124.90   -5.000   -4.695    0.195   -1.210
   125.00   -5.000   -4.830    0.195   -0.555
   125.10   -5.000   -4.955    0.195    0.095
   125.20   -5.000   -5.055    0.195    0.700
   125.30   -5.000   -5.135    0.195    1.190
   125.40   -5.000   -5.180    0.195    1.575
   125.50   -5.000   -5.200    0.195    1.795
   125.60   -5.000   -5.195    0.195    1.895
   125.70   -5.000   -5.165    0.195    1.875
   125.80   -5.000   -5.120    0.195    1.725
   125.90   -5.000   -5.060    0.195    1.515
   126.00   -5.000   -5.000    0.195    1.230
   126.10   -5.000   -4.935    0.195    0.940
   126.20    0.000    0.000    0.000    0.000

