Data export from TecQuipment CE2000

Data series 1

    Time Func. Gen. position  pos ref motor i/p 
     0.00    2.000    0.260    0.195   -0.010
     0.10    2.000    0.275    0.195    3.540
     0.20    2.000    0.320    0.195    4.000
     0.30    2.000    0.410    0.195    4.000
     0.40    2.000    0.545    0.195    4.000
     0.50    2.000    0.725    0.195    4.000
     0.60    2.000    0.940    0.195    4.000
     0.70    2.000    1.185    0.195    4.000
     0.80    2.000    1.465    0.195    4.000
     0.90    2.000    1.775    0.195    4.000
     1.00    2.000    2.115    0.195    4.000
     1.10    2.000    2.475    0.195    4.000
     1.20    2.000    2.865    0.195    4.000
     1.30    2.000    3.260    0.195   -1.590
     1.40    2.000    3.610    0.195   -4.015
     1.50    2.000    3.865    0.195   -4.050
     1.60    2.000    4.030    0.195   -4.050
     1.70    2.000    4.110    0.195   -4.050
     1.80    2.000    4.120    0.195   -4.050
     1.90    2.000    4.075    0.195   -4.050
     2.00    2.000    3.985    0.195   -4.050
     2.10    2.000    3.850    0.195   -4.050
     2.20    2.000    3.675    0.195   -4.050
     2.30    2.000    3.460    0.190   -4.050
     2.40    2.000    3.215    0.190   -4.050
     2.50    2.000    2.935    0.190   -4.050
     2.60    2.000    2.625    0.190   -3.600
     2.70    2.000    2.300    0.190   -2.150
     2.80    2.000    1.970    0.190   -0.570
     2.90    2.000    1.665    0.190    1.020
     3.00    2.000    1.405    0.190    2.495
     3.10    2.000    1.210    0.190    3.740
     3.20    2.000    1.090    0.190    3.990
     3.30    2.000    1.050    0.190    4.000
     3.40    2.000    1.070    0.195    4.000
     3.50    2.000    1.140    0.195    4.000
     3.60    2.000    1.255    0.195    4.000
     3.70    2.000    1.415    0.195    4.000
     3.80    2.000    1.605    0.195    3.750
     3.90    2.000    1.830    0.195    2.860
     4.00    2.000    2.070    0.195    1.775
     4.10    2.000    2.310    0.195    0.620
     4.20    2.000    2.535    0.195   -0.540
     4.30    2.000    2.725    0.195   -1.620
     4.40    2.000    2.870    0.195   -2.545
     4.50    2.000    2.955    0.195   -3.250
     4.60    2.000    2.975    0.195   -3.665
     4.70    2.000    2.940    0.195   -3.770
     4.80    2.000    2.860    0.195   -3.605
     4.90    2.000    2.745    0.195   -3.225
     5.00    2.000    2.600    0.190   -2.685
     5.10    2.000    2.440    0.190   -2.000
     5.20    2.000    2.270    0.190   -1.230
     5.30    2.000    2.100    0.190   -0.410
     5.40    2.000    1.950    0.190    0.410
     5.50    2.000    1.825    0.190    1.140
     5.60    2.000    1.740    0.190    1.735
     5.70    2.000    1.690    0.195    2.150
     5.80    2.000    1.680    0.195    2.420
     5.90    2.000    1.690    0.195    2.475
     6.00    2.000    1.740    0.195    2.425
     6.10    2.000    1.805    0.195    2.190
     6.20    2.000    1.890    0.195    1.885
     6.30    2.000    1.985    0.195    1.475
     6.40    2.000    2.085    0.195    1.015
     6.50    2.000    2.180    0.195    0.530
     6.60    2.000    2.270    0.195    0.075
     6.70    2.000    2.340    0.195   -0.360
     6.80    2.000    2.385    0.195   -0.700
     6.90    2.000    2.410    0.195   -0.920
     7.00    2.000    2.410    0.195   -1.040
     7.10    2.000    2.400    0.195   -1.045
     7.20    2.000    2.385    0.195   -1.000
     7.30    2.000    2.365    0.195   -0.930
     7.40    2.000    2.345    0.195   -0.835
     7.50    2.000    2.330    0.195   -0.735
     7.60    2.000    2.310    0.195   -0.660
     7.70    2.000    2.295    0.195   -0.565
     7.80    2.000    2.285    0.190   -0.490
     7.90    2.000    2.285    0.195   -0.465
     8.00    2.000    2.285    0.195   -0.445
     8.10    2.000    2.285    0.195   -0.440
     8.20    2.000    2.285    0.195   -0.440
     8.30    2.000    2.285    0.195   -0.440
     8.40    2.000    2.285    0.195   -0.440
     8.50    2.000    2.285    0.190   -0.440
     8.60    2.000    2.285    0.195   -0.465
     8.70    2.000    2.285    0.195   -0.445
     8.80    2.000    2.285    0.195   -0.440
     8.90    2.000    2.285    0.195   -0.440
     9.00    2.000    2.285    0.195   -0.440
     9.10    2.000    2.285    0.190   -0.440
     9.20    2.000    2.285    0.195   -0.465
     9.30    2.000    2.285    0.195   -0.445
     9.40    2.000    2.285    0.195   -0.440
     9.50    2.000    2.285    0.195   -0.440
     9.60    2.000    2.285    0.195   -0.440
     9.70    2.000    2.285    0.195   -0.440
     9.80    2.000    2.285    0.195   -0.440
     9.90    2.000    2.285    0.195   -0.440
    10.00   -2.000    2.285    0.195   -0.440
    10.10   -2.000    2.270    0.195   -3.900
    10.20   -2.000    2.225    0.190   -4.050
    10.30   -2.000    2.130    0.195   -4.050
    10.40   -2.000    1.995    0.190   -4.050
    10.50   -2.000    1.820    0.190   -4.050
    10.60   -2.000    1.605    0.190   -4.050
    10.70   -2.000    1.360    0.190   -4.050
    10.80   -2.000    1.075    0.190   -4.050
    10.90   -2.000    0.765    0.190   -4.050
    11.00   -2.000    0.425    0.190   -4.050
    11.10   -2.000    0.060    0.190   -4.050
    11.20   -2.000   -0.330    0.190   -4.050
    11.30   -2.000   -0.745    0.190   -4.050
    11.40   -2.000   -1.180    0.190   -4.050
    11.50   -2.000   -1.630    0.190   -3.055
    11.60   -2.000   -2.080    0.190   -0.920
    11.70   -2.000   -2.505    0.190    1.240
    11.80   -2.000   -2.870    0.195    3.290
    11.90   -2.000   -3.155    0.195    3.975
    12.00   -2.000   -3.350    0.195    4.000
    12.10   -2.000   -3.460    0.195    4.000
    12.20   -2.000   -3.490    0.195    4.000
    12.30   -2.000   -3.480    0.195    4.000
    12.40   -2.000   -3.400    0.195    4.000
    12.50   -2.000   -3.275    0.195    4.000
    12.60   -2.000   -3.115    0.195    4.000
    12.70   -2.000   -2.915    0.195    4.000
    12.80   -2.000   -2.685    0.195    4.000
    12.90   -2.000   -2.420    0.195    4.000
    13.00   -2.000   -2.130    0.195    2.985
    13.10   -2.000   -1.825    0.195    1.595
    13.20   -2.000   -1.525    0.195    0.125
    13.30   -2.000   -1.255    0.195   -1.330
    13.40   -2.000   -1.030    0.195   -2.645
    13.50   -2.000   -0.875    0.195   -3.720
    13.60   -2.000   -0.790    0.195   -4.040
    13.70   -2.000   -0.770    0.195   -4.050
    13.80   -2.000   -0.805    0.195   -4.050
    13.90   -2.000   -0.895    0.195   -4.050
    14.00   -2.000   -1.025    0.195   -4.050
    14.10   -2.000   -1.200    0.195   -3.780
    14.20   -2.000   -1.400    0.195   -2.955
    14.30   -2.000   -1.625    0.195   -1.985
    14.40   -2.000   -1.850    0.190   -0.905
    14.50   -2.000   -2.060    0.195    0.160
    14.60   -2.000   -2.240    0.195    1.205
    14.70   -2.000   -2.385    0.195    2.065
    14.80   -2.000   -2.480    0.195    2.770
    14.90   -2.000   -2.510    0.195    3.235
    15.00   -2.000   -2.495    0.195    3.390
    15.10   -2.000   -2.440    0.195    3.320
    15.20   -2.000   -2.350    0.195    3.060
    15.30   -2.000   -2.235    0.195    2.630
    15.40   -2.000   -2.100    0.195    2.080
    15.50   -2.000   -1.955    0.195    1.435
    15.60   -2.000   -1.805    0.195    0.730
    15.70   -2.000   -1.665    0.195    0.005
    15.80   -2.000   -1.550    0.195   -0.670
    15.90   -2.000   -1.460    0.195   -1.225
    16.00   -2.000   -1.400    0.195   -1.660
    16.10   -2.000   -1.380    0.195   -1.955
    16.20   -2.000   -1.370    0.195   -2.060
    16.30   -2.000   -1.400    0.195   -2.110
    16.40   -2.000   -1.445    0.195   -1.965
    16.50   -2.000   -1.500    0.195   -1.750
    16.60   -2.000   -1.565    0.195   -1.485
    16.70   -2.000   -1.640    0.195   -1.175
    16.80   -2.000   -1.720    0.195   -0.815
    16.90   -2.000   -1.790    0.195   -0.430
    17.00   -2.000   -1.850    0.195   -0.090
    17.10   -2.000   -1.895    0.195    0.200
    17.20   -2.000   -1.920    0.195    0.420
    17.30   -2.000   -1.930    0.195    0.545
    17.40   -2.000   -1.920    0.195    0.595
    17.50   -2.000   -1.920    0.195    0.550
    17.60   -2.000   -1.920    0.195    0.545
    17.70   -2.000   -1.920    0.195    0.550
    17.80   -2.000   -1.920    0.195    0.545
    17.90   -2.000   -1.920    0.195    0.545
    18.00   -2.000   -1.920    0.195    0.545
    18.10   -2.000   -1.920    0.195    0.550
    18.20   -2.000   -1.920    0.195    0.550
    18.30   -2.000   -1.920    0.195    0.545
    18.40   -2.000   -1.920    0.195    0.545
    18.50   -2.000   -1.920    0.195    0.545
    18.60   -2.000   -1.920    0.195    0.545
    18.70   -2.000   -1.920    0.195    0.545
    18.80   -2.000   -1.920    0.195    0.550
    18.90   -2.000   -1.920    0.195    0.545
    19.00   -2.000   -1.920    0.195    0.545
    19.10   -2.000   -1.920    0.195    0.550
    19.20   -2.000   -1.920    0.195    0.550
    19.30   -2.000   -1.920    0.195    0.545
    19.40   -2.000   -1.920    0.195    0.545
    19.50   -2.000   -1.920    0.195    0.545
    19.60   -2.000   -1.920    0.195    0.545
    19.70   -2.000   -1.920    0.195    0.545
    19.80   -2.000   -1.920    0.195    0.545
    19.90   -2.000   -1.920    0.195    0.550
    20.00    2.000   -1.920    0.195    0.545
    20.10    2.000   -1.915    0.195    3.875
    20.20    2.000   -1.870    0.195    4.000
    20.30    2.000   -1.780    0.195    4.000
    20.40    2.000   -1.650    0.195    4.000
    20.50    2.000   -1.480    0.195    4.000
    20.60    2.000   -1.270    0.195    4.000
    20.70    2.000   -1.025    0.195    4.000
    20.80    2.000   -0.750    0.195    4.000
    20.90    2.000   -0.440    0.195    4.000
    21.00    2.000   -0.105    0.195    4.000
    21.10    2.000    0.255    0.195    4.000
    21.20    2.000    0.645    0.195    4.000
    21.30    2.000    1.055    0.195    4.000
    21.40    2.000    1.490    0.195    4.000
    21.50    2.000    1.940    0.195    3.385
    21.60    2.000    2.400    0.195    1.275
    21.70    2.000    2.835    0.195   -0.945
    21.80    2.000    3.215    0.195   -3.055
    21.90    2.000    3.525    0.195   -4.015
    22.00    2.000    3.740    0.195   -4.050
    22.10    2.000    3.865    0.195   -4.050
    22.20    2.000    3.920    0.195   -4.050
    22.30    2.000    3.900    0.195   -4.050
    22.40    2.000    3.835    0.195   -4.050
    22.50    2.000    3.725    0.195   -4.050
    22.60    2.000    3.570    0.195   -4.050
    22.70    2.000    3.380    0.190   -4.050
    22.80    2.000    3.150    0.190   -4.050
    22.90    2.000    2.890    0.190   -4.050
    23.00    2.000    2.595    0.190   -3.390
    23.10    2.000    2.285    0.190   -1.990
    23.20    2.000    1.975    0.190   -0.510
    23.30    2.000    1.690    0.190    0.990
    23.40    2.000    1.450    0.190    2.370
    23.50    2.000    1.265    0.190    3.530
    23.60    2.000    1.155    0.190    3.985
    23.70    2.000    1.120    0.195    4.000
    23.80    2.000    1.130    0.195    4.000
    23.90    2.000    1.205    0.195    4.000
    24.00    2.000    1.325    0.195    4.000
    24.10    2.000    1.485    0.195    4.000
    24.20    2.000    1.685    0.195    3.425
    24.30    2.000    1.905    0.195    2.470
    24.40    2.000    2.140    0.195    1.420
    24.50    2.000    2.370    0.195    0.285
    24.60    2.000    2.575    0.195   -0.825
    24.70    2.000    2.750    0.195   -1.820
    24.80    2.000    2.875    0.195   -2.675
    24.90    2.000    2.940    0.195   -3.280
    25.00    2.000    2.945    0.195   -3.600
    25.10    2.000    2.900    0.190   -3.625
    25.20    2.000    2.810    0.195   -3.440
    25.30    2.000    2.695    0.190   -2.990
    25.40    2.000    2.550    0.195   -2.460
    25.50    2.000    2.390    0.190   -1.735
    25.60    2.000    2.225    0.190   -0.985
    25.70    2.000    2.070    0.190   -0.200
    25.80    2.000    1.930    0.190    0.555
    25.90    2.000    1.820    0.190    1.230
    26.00    2.000    1.740    0.195    1.765
    26.10    2.000    1.705    0.195    2.175
    26.20    2.000    1.695    0.195    2.350
    26.30    2.000    1.715    0.195    2.405
    26.40    2.000    1.765    0.195    2.305
    26.50    2.000    1.830    0.195    2.070
    26.60    2.000    1.915    0.195    1.760
    26.70    2.000    2.015    0.195    1.350
    26.80    2.000    2.110    0.195    0.870
    26.90    2.000    2.200    0.195    0.410
    27.00    2.000    2.280    0.195   -0.025
    27.10    2.000    2.345    0.195   -0.405
    27.20    2.000    2.380    0.195   -0.725
    27.30    2.000    2.395    0.195   -0.900
    27.40    2.000    2.395    0.195   -0.970
    27.50    2.000    2.385    0.195   -0.975
    27.60    2.000    2.375    0.195   -0.930
    27.70    2.000    2.360    0.195   -0.880
    27.80    2.000    2.345    0.195   -0.810
    27.90    2.000    2.330    0.195   -0.735
    28.00    2.000    2.315    0.195   -0.660
    28.10    2.000    2.300    0.195   -0.590
    28.20    2.000    2.295    0.195   -0.515
    28.30    2.000    2.285    0.195   -0.490
    28.40    2.000    2.285    0.195   -0.445
    28.50    2.000    2.285    0.195   -0.440
    28.60    2.000    2.285    0.195   -0.440
    28.70    2.000    2.285    0.195   -0.440
    28.80    2.000    2.285    0.195   -0.440
    28.90    2.000    2.285    0.195   -0.440
    29.00    2.000    2.285    0.195   -0.440
    29.10    2.000    2.285    0.195   -0.440
    29.20    2.000    2.285    0.195   -0.440
    29.30    2.000    2.285    0.195   -0.440
    29.40    2.000    2.285    0.195   -0.440
    29.50    2.000    2.285    0.195   -0.440
    29.60    2.000    2.285    0.195   -0.440
    29.70    2.000    2.285    0.195   -0.440
    29.80    2.000    2.285    0.195   -0.440
    29.90    2.000    2.285    0.195   -0.440
    30.00   -2.000    2.285    0.195   -0.440
    30.10   -2.000    2.280    0.195   -3.895
    30.20   -2.000    2.230    0.195   -4.050
    30.30   -2.000    2.135    0.190   -4.050
    30.40   -2.000    2.000    0.190   -4.050
    30.50   -2.000    1.825    0.190   -4.050
    30.60   -2.000    1.610    0.190   -4.050
    30.70   -2.000    1.365    0.190   -4.050
    30.80   -2.000    1.080    0.190   -4.050
    30.90   -2.000    0.770    0.190   -4.050
    31.00   -2.000    0.430    0.190   -4.050
    31.10   -2.000    0.065    0.190   -4.050
    31.20   -2.000   -0.330    0.190   -4.050
    31.30   -2.000   -0.745    0.190   -4.050
    31.40   -2.000   -1.180    0.190   -4.050
    31.50   -2.000   -1.630    0.190   -3.055
    31.60   -2.000   -2.085    0.190   -0.925
    31.70   -2.000   -2.510    0.190    1.280
    31.80   -2.000   -2.880    0.190    3.310
    31.90   -2.000   -3.170    0.195    3.975
    32.00   -2.000   -3.370    0.195    4.000
    32.10   -2.000   -3.485    0.195    4.000
    32.20   -2.000   -3.525    0.195    4.000
    32.30   -2.000   -3.515    0.195    4.000
    32.40   -2.000   -3.440    0.195    4.000
    32.50   -2.000   -3.320    0.195    4.000
    32.60   -2.000   -3.160    0.195    4.000
    32.70   -2.000   -2.965    0.195    4.000
    32.80   -2.000   -2.730    0.195    4.000
    32.90   -2.000   -2.465    0.195    4.000
    33.00   -2.000   -2.175    0.195    3.190
    33.10   -2.000   -1.860    0.195    1.810
    33.20   -2.000   -1.555    0.195    0.295
    33.30   -2.000   -1.275    0.195   -1.180
    33.40   -2.000   -1.045    0.195   -2.545
    33.50   -2.000   -0.875    0.195   -3.655
    33.60   -2.000   -0.780    0.195   -4.035
    33.70   -2.000   -0.750    0.195   -4.050
    33.80   -2.000   -0.775    0.195   -4.050
    33.90   -2.000   -0.860    0.195   -4.050
    34.00   -2.000   -0.985    0.195   -4.050
    34.10   -2.000   -1.155    0.195   -3.960
    34.20   -2.000   -1.355    0.195   -3.170
    34.30   -2.000   -1.580    0.195   -2.205
    34.40   -2.000   -1.805    0.195   -1.120
    34.50   -2.000   -2.025    0.195   -0.030
    34.60   -2.000   -2.220    0.195    1.030
    34.70   -2.000   -2.375    0.195    1.975
    34.80   -2.000   -2.480    0.195    2.725
    34.90   -2.000   -2.530    0.195    3.240
    35.00   -2.000   -2.520    0.195    3.485
    35.10   -2.000   -2.475    0.195    3.445
    35.20   -2.000   -2.390    0.195    3.230
    35.30   -2.000   -2.275    0.195    2.820
    35.40   -2.000   -2.140    0.195    2.275
    35.50   -2.000   -1.990    0.195    1.625
    35.60   -2.000   -1.835    0.195    0.900
    35.70   -2.000   -1.690    0.195    0.150
    35.80   -2.000   -1.565    0.195   -0.545
    35.90   -2.000   -1.465    0.195   -1.150
    36.00   -2.000   -1.395    0.195   -1.635
    36.10   -2.000   -1.365    0.195   -1.980
    36.20   -2.000   -1.370    0.195   -2.130
    36.30   -2.000   -1.395    0.195   -2.110
    36.40   -2.000   -1.435    0.195   -1.995
    36.50   -2.000   -1.490    0.195   -1.795
    36.60   -2.000   -1.555    0.195   -1.535
    36.70   -2.000   -1.630    0.195   -1.220
    36.80   -2.000   -1.700    0.195   -0.865
    36.90   -2.000   -1.775    0.195   -0.520
    37.00   -2.000   -1.835    0.195   -0.165
    37.10   -2.000   -1.885    0.195    0.130
    37.20   -2.000   -1.920    0.195    0.370
    37.30   -2.000   -1.930    0.195    0.540
    37.40   -2.000   -1.930    0.195    0.595
    37.50   -2.000   -1.930    0.195    0.595
    37.60   -2.000   -1.930    0.195    0.595
    37.70   -2.000   -1.930    0.195    0.595
    37.80   -2.000   -1.930    0.195    0.595
    37.90   -2.000   -1.930    0.195    0.595
    38.00   -2.000   -1.930    0.195    0.595
    38.10   -2.000   -1.930    0.195    0.595
    38.20   -2.000   -1.930    0.195    0.595
    38.30   -2.000   -1.930    0.195    0.595
    38.40   -2.000   -1.930    0.195    0.595
    38.50   -2.000   -1.930    0.195    0.595
    38.60   -2.000   -1.930    0.195    0.595
    38.70   -2.000   -1.930    0.195    0.595
    38.80   -2.000   -1.930    0.195    0.595
    38.90   -2.000   -1.930    0.195    0.595
    39.00   -2.000   -1.930    0.195    0.595
    39.10   -2.000   -1.930    0.195    0.595
    39.20   -2.000   -1.930    0.195    0.595
    39.30   -2.000   -1.930    0.195    0.595
    39.40   -2.000   -1.930    0.195    0.595
    39.50   -2.000   -1.930    0.195    0.595
    39.60   -2.000   -1.930    0.195    0.595
    39.70   -2.000   -1.930    0.195    0.595
    39.80   -2.000   -1.930    0.195    0.595
    39.90   -2.000   -1.930    0.195    0.595
    40.00    2.000   -1.930    0.195    0.595
    40.10    2.000   -1.915    0.195    3.870
    40.20    2.000   -1.870    0.195    4.000
    40.30    2.000   -1.780    0.195    4.000
    40.40    2.000   -1.650    0.195    4.000
    40.50    2.000   -1.480    0.195    4.000
    40.60    2.000   -1.270    0.195    4.000
    40.70    2.000   -1.025    0.195    4.000
    40.80    2.000   -0.750    0.195    4.000
    40.90    2.000   -0.440    0.195    4.000
    41.00    2.000   -0.110    0.195    4.000
    41.10    2.000    0.250    0.195    4.000
    41.20    2.000    0.635    0.195    4.000
    41.30    2.000    1.045    0.195    4.000
    41.40    2.000    1.475    0.195    4.000
    41.50    2.000    1.925    0.195    3.455
    41.60    2.000    2.380    0.195    1.350
    41.70    2.000    2.815    0.195   -0.850
    41.80    2.000    3.200    0.195   -2.960
    41.90    2.000    3.510    0.195   -4.010
    42.00    2.000    3.725    0.195   -4.050
    42.10    2.000    3.855    0.195   -4.050
    42.20    2.000    3.910    0.195   -4.050
    42.30    2.000    3.910    0.195   -4.050
    42.40    2.000    3.845    0.195   -4.050
    42.50    2.000    3.735    0.195   -4.050
    42.60    2.000    3.585    0.195   -4.050
    42.70    2.000    3.395    0.190   -4.050
    42.80    2.000    3.165    0.190   -4.050
    42.90    2.000    2.905    0.190   -4.050
    43.00    2.000    2.615    0.190   -3.465
    43.10    2.000    2.305    0.190   -2.090
    43.20    2.000    1.995    0.190   -0.595
    43.30    2.000    1.705    0.190    0.890
    43.40    2.000    1.460    0.190    2.295
    43.50    2.000    1.270    0.190    3.485
    43.60    2.000    1.155    0.190    3.985
    43.70    2.000    1.115    0.195    4.000
    43.80    2.000    1.135    0.195    4.000
    43.90    2.000    1.205    0.195    4.000
    44.00    2.000    1.320    0.195    4.000
    44.10    2.000    1.475    0.195    4.000
    44.20    2.000    1.670    0.195    3.475
    44.30    2.000    1.885    0.195    2.545
    44.40    2.000    2.115    0.195    1.510
    44.50    2.000    2.345    0.195    0.410
    44.60    2.000    2.550    0.195   -0.705
    44.70    2.000    2.725    0.195   -1.700
    44.80    2.000    2.850    0.195   -2.550
    44.90    2.000    2.925    0.195   -3.155
    45.00    2.000    2.935    0.195   -3.525
    45.10    2.000    2.895    0.195   -3.580
    45.20    2.000    2.815    0.195   -3.390
    45.30    2.000    2.705    0.195   -3.015
    45.40    2.000    2.565    0.190   -2.485
    45.50    2.000    2.415    0.190   -1.835
    45.60    2.000    2.255    0.190   -1.105
    45.70    2.000    2.100    0.190   -0.335
    45.80    2.000    1.960    0.190    0.405
    45.90    2.000    1.845    0.190    1.085
    46.00    2.000    1.765    0.195    1.640
    46.10    2.000    1.725    0.195    2.055
    46.20    2.000    1.720    0.195    2.260
    46.30    2.000    1.720    0.195    2.285
    46.40    2.000    1.760    0.195    2.285
    46.50    2.000    1.815    0.195    2.095
    46.60    2.000    1.890    0.195    1.830
    46.70    2.000    1.980    0.195    1.475
    46.80    2.000    2.070    0.195    1.035
    46.90    2.000    2.160    0.195    0.600
    47.00    2.000    2.240    0.195    0.170
    47.10    2.000    2.305    0.195   -0.215
    47.20    2.000    2.355    0.195   -0.530
    47.30    2.000    2.380    0.195   -0.775
    47.40    2.000    2.390    0.195   -0.900
    47.50    2.000    2.395    0.190   -0.950
    47.60    2.000    2.385    0.195   -0.995
    47.70    2.000    2.370    0.195   -0.930
    47.80    2.000    2.355    0.195   -0.855
    47.90    2.000    2.340    0.195   -0.785
    48.00    2.000    2.325    0.195   -0.710
    48.10    2.000    2.310    0.195   -0.635
    48.20    2.000    2.300    0.195   -0.565
    48.30    2.000    2.295    0.195   -0.515
    48.40    2.000    2.285    0.195   -0.490
    48.50    2.000    2.285    0.195   -0.445
    48.60    2.000    2.285    0.195   -0.440
    48.70    2.000    2.285    0.195   -0.440
    48.80    2.000    2.285    0.195   -0.440
    48.90    2.000    2.285    0.195   -0.440
    49.00    2.000    2.285    0.195   -0.440
    49.10    2.000    2.285    0.195   -0.440
    49.20    2.000    2.285    0.195   -0.440
    49.30    2.000    2.285    0.195   -0.440
    49.40    2.000    2.285    0.195   -0.440
    49.50    2.000    2.285    0.195   -0.440
    49.60    2.000    2.285    0.195   -0.440
    49.70    2.000    2.285    0.195   -0.440
    49.80    2.000    2.285    0.195   -0.440
    49.90    2.000    2.285    0.195   -0.440
    50.00   -2.000    2.285    0.195   -0.440
    50.10   -2.000    2.280    0.195   -3.890
    50.20   -2.000    2.230    0.195   -4.050
    50.30   -2.000    2.135    0.190   -4.050
    50.40   -2.000    2.000    0.190   -4.050
    50.50   -2.000    1.825    0.190   -4.050
    50.60   -2.000    1.610    0.190   -4.050
    50.70   -2.000    1.360    0.190   -4.050
    50.80   -2.000    1.080    0.190   -4.050
    50.90   -2.000    0.770    0.190   -4.050
    51.00   -2.000    0.430    0.190   -4.050
    51.10   -2.000    0.065    0.190   -4.050
    51.20   -2.000   -0.325    0.190   -4.050
    51.30   -2.000   -0.740    0.190   -4.050
    51.40   -2.000   -1.170    0.190   -4.050
    51.50   -2.000   -1.625    0.190   -3.105
    51.60   -2.000   -2.075    0.190   -0.950
    51.70   -2.000   -2.500    0.190    1.225
    51.80   -2.000   -2.870    0.195    3.280
    51.90   -2.000   -3.165    0.195    3.975
    52.00   -2.000   -3.365    0.195    4.000
    52.10   -2.000   -3.480    0.195    4.000
    52.20   -2.000   -3.525    0.195    4.000
    52.30   -2.000   -3.515    0.195    4.000
    52.40   -2.000   -3.440    0.195    4.000
    52.50   -2.000   -3.320    0.195    4.005
    52.60   -2.000   -3.160    0.195    4.000
    52.70   -2.000   -2.960    0.195    4.000
    52.80   -2.000   -2.730    0.200    4.000
    52.90   -2.000   -2.465    0.195    4.000
    53.00   -2.000   -2.175    0.195    3.185
    53.10   -2.000   -1.865    0.195    1.815
    53.20   -2.000   -1.560    0.195    0.320
    53.30   -2.000   -1.280    0.195   -1.150
    53.40   -2.000   -1.045    0.195   -2.520
    53.50   -2.000   -0.875    0.195   -3.655
    53.60   -2.000   -0.780    0.195   -4.040
    53.70   -2.000   -0.750    0.195   -4.050
    53.80   -2.000   -0.775    0.195   -4.050
    53.90   -2.000   -0.855    0.195   -4.050
    54.00   -2.000   -0.980    0.195   -4.050
    54.10   -2.000   -1.150    0.190   -3.985
    54.20   -2.000   -1.350    0.195   -3.205
    54.30   -2.000   -1.570    0.190   -2.230
    54.40   -2.000   -1.800    0.195   -1.190
    54.50   -2.000   -2.020    0.195   -0.060
    54.60   -2.000   -2.210    0.195    1.005
    54.70   -2.000   -2.370    0.195    1.925
    54.80   -2.000   -2.475    0.195    2.705
    54.90   -2.000   -2.530    0.195    3.215
    55.00   -2.000   -2.525    0.195    3.480
    55.10   -2.000   -2.475    0.195    3.465
    55.20   -2.000   -2.390    0.195    3.230
    55.30   -2.000   -2.280    0.195    2.825
    55.40   -2.000   -2.145    0.195    2.295
    55.50   -2.000   -1.995    0.195    1.650
    55.60   -2.000   -1.845    0.195    0.925
    55.70   -2.000   -1.700    0.195    0.200
    55.80   -2.000   -1.570    0.195   -0.495
    55.90   -2.000   -1.470    0.195   -1.125
    56.00   -2.000   -1.400    0.195   -1.615
    56.10   -2.000   -1.370    0.195   -1.955
    56.20   -2.000   -1.370    0.195   -2.105
    56.30   -2.000   -1.400    0.195   -2.110
    56.40   -2.000   -1.440    0.195   -1.970
    56.50   -2.000   -1.495    0.195   -1.775
    56.60   -2.000   -1.555    0.195   -1.510
    56.70   -2.000   -1.630    0.195   -1.220
    56.80   -2.000   -1.700    0.195   -0.865
    56.90   -2.000   -1.770    0.195   -0.525
    57.00   -2.000   -1.835    0.195   -0.185
    57.10   -2.000   -1.880    0.195    0.130
    57.20   -2.000   -1.910    0.195    0.350
    57.30   -2.000   -1.920    0.195    0.495
    57.40   -2.000   -1.920    0.195    0.545
    57.50   -2.000   -1.920    0.195    0.550
    57.60   -2.000   -1.920    0.195    0.545
    57.70   -2.000   -1.920    0.195    0.545
    57.80   -2.000   -1.920    0.195    0.545
    57.90   -2.000   -1.920    0.195    0.545
    58.00   -2.000   -1.920    0.195    0.550
    58.10   -2.000   -1.920    0.195    0.550
    58.20   -2.000   -1.920    0.195    0.550
    58.30   -2.000   -1.920    0.195    0.545
    58.40   -2.000   -1.920    0.195    0.550
    58.50   -2.000   -1.920    0.195    0.545
    58.60   -2.000   -1.920    0.195    0.550
    58.70   -2.000   -1.920    0.195    0.550
    58.80   -2.000   -1.920    0.195    0.545
    58.90   -2.000   -1.920    0.195    0.550
    59.00   -2.000   -1.920    0.195    0.550
    59.10   -2.000   -1.920    0.195    0.545
    59.20   -2.000   -1.920    0.195    0.545
    59.30   -2.000   -1.920    0.195    0.545
    59.40   -2.000   -1.920    0.195    0.550
    59.50   -2.000   -1.920    0.195    0.545
    59.60   -2.000   -1.920    0.195    0.545
    59.70   -2.000   -1.920    0.195    0.550
    59.80   -2.000   -1.920    0.195    0.545
    59.90   -2.000   -1.920    0.195    0.550
    60.00    2.000   -1.920    0.195    0.545
    60.10    2.000   -1.920    0.195    3.865
    60.20    2.000   -1.885    0.195    4.000
    60.30    2.000   -1.795    0.195    4.000
    60.40    2.000   -1.665    0.195    4.000
    60.50    2.000   -1.495    0.195    4.000
    60.60    2.000   -1.290    0.195    4.005
    60.70    2.000   -1.045    0.195    4.000
    60.80    2.000   -0.775    0.195    4.005
    60.90    2.000   -0.465    0.195    4.000
    61.00    2.000   -0.135    0.195    4.005
    61.10    2.000    0.225    0.195    4.000
    61.20    2.000    0.605    0.195    4.005
    61.30    2.000    1.015    0.195    4.005
    61.40    2.000    1.445    0.195    4.005
    61.50    2.000    1.890    0.195    3.590
    61.60    2.000    2.350    0.195    2.210
    61.70    2.000    2.800    0.195   -0.700
    61.80    2.000    3.195    0.195   -2.880
    61.90    2.000    3.520    0.195   -4.010
    62.00    2.000    3.750    0.195   -4.050
    62.10    2.000    3.895    0.195   -4.050
    62.20    2.000    3.960    0.195   -4.050
    62.30    2.000    3.975    0.195   -4.050
    62.40    2.000    3.915    0.195   -4.050
    62.50    2.000    3.815    0.195   -4.050
    62.60    2.000    3.670    0.195   -4.050
    62.70    2.000    3.485    0.190   -4.050
    62.80    2.000    3.265    0.190   -4.050
    62.90    2.000    3.010    0.190   -4.050
    63.00    2.000    2.725    0.190   -3.945
    63.10    2.000    2.410    0.190   -2.630
    63.20    2.000    2.095    0.190   -1.100
    63.30    2.000    1.785    0.190    0.420
    63.40    2.000    1.515    0.190    1.900
    63.50    2.000    1.305    0.190    3.215
    63.60    2.000    1.160    0.190    3.970
    63.70    2.000    1.090    0.195    4.005
    63.80    2.000    1.075    0.195    4.000
    63.90    2.000    1.125    0.195    4.000
    64.00    2.000    1.225    0.195    4.000
    64.10    2.000    1.370    0.195    4.000
    64.20    2.000    1.550    0.195    3.960
    64.30    2.000    1.765    0.195    3.125
    64.40    2.000    2.000    0.195    2.090
    64.50    2.000    2.240    0.195    0.955
    64.60    2.000    2.465    0.195   -0.205
    64.70    2.000    2.665    0.195   -1.280
    64.80    2.000    2.820    0.195   -2.255
    64.90    2.000    2.925    0.195   -3.010
    65.00    2.000    2.970    0.195   -3.525
    65.10    2.000    2.965    0.195   -3.745
    65.20    2.000    2.905    0.190   -3.725
    65.30    2.000    2.800    0.190   -3.470
    65.40    2.000    2.665    0.190   -2.970
    65.50    2.000    2.505    0.190   -2.320
    65.60    2.000    2.335    0.190   -1.545
    65.70    2.000    2.160    0.195   -0.725
    65.80    2.000    1.995    0.190    0.145
    65.90    2.000    1.855    0.190    0.915
    66.00    2.000    1.750    0.195    1.590
    66.10    2.000    1.685    0.190    2.125
    66.20    2.000    1.660    0.190    2.420
    66.30    2.000    1.660    0.195    2.545
    66.40    2.000    1.695    0.195    2.575
    66.50    2.000    1.760    0.195    2.410
    66.60    2.000    1.840    0.195    2.100
    66.70    2.000    1.940    0.195    1.710
    66.80    2.000    2.050    0.195    1.230
    66.90    2.000    2.155    0.195    0.705
    67.00    2.000    2.255    0.195    0.195
    67.10    2.000    2.335    0.195   -0.285
    67.20    2.000    2.400    0.195   -0.670
    67.30    2.000    2.435    0.195   -0.990
    67.40    2.000    2.445    0.195   -1.165
    67.50    2.000    2.450    0.195   -1.210
    67.60    2.000    2.445    0.195   -1.235
    67.70    2.000    2.425    0.195   -1.215
    67.80    2.000    2.400    0.195   -1.120
    67.90    2.000    2.370    0.190   -1.000
    68.00    2.000    2.335    0.195   -0.880
    68.10    2.000    2.300    0.195   -0.685
    68.20    2.000    2.270    0.190   -0.515
    68.30    2.000    2.245    0.195   -0.400
    68.40    2.000    2.230    0.195   -0.255
    68.50    2.000    2.215    0.195   -0.180
    68.60    2.000    2.215    0.195   -0.110
    68.70    2.000    2.215    0.195   -0.105
    68.80    2.000    2.215    0.195   -0.105
    68.90    2.000    2.215    0.195   -0.105
    69.00    2.000    2.215    0.195   -0.105
    69.10    2.000    2.215    0.195   -0.105
    69.20    2.000    2.215    0.195   -0.105
    69.30    2.000    2.215    0.195   -0.105
    69.40    2.000    2.215    0.195   -0.105
    69.50    2.000    2.215    0.195   -0.105
    69.60    2.000    2.215    0.195   -0.105
    69.70    2.000    2.215    0.195   -0.105
    69.80    2.000    2.215    0.195   -0.105
    69.90    2.000    2.215    0.195   -0.105
    70.00   -2.000    2.215    0.195   -0.105
    70.10   -2.000    2.205    0.195   -3.870
    70.20   -2.000    2.160    0.195   -4.055
    70.30   -2.000    2.070    0.190   -4.055
    70.40   -2.000    1.935    0.190   -4.050
    70.50   -2.000    1.760    0.190   -4.050
    70.60   -2.000    1.550    0.190   -4.050
    70.70   -2.000    1.305    0.190   -4.050
    70.80   -2.000    1.025    0.190   -4.050
    70.90   -2.000    0.715    0.190   -4.055
    71.00   -2.000    0.375    0.190   -4.055
    71.10   -2.000    0.010    0.190   -4.050
    71.20   -2.000   -0.375    0.190   -4.055
    71.30   -2.000   -0.790    0.190   -4.050
    71.40   -2.000   -1.220    0.190   -4.050
    71.50   -2.000   -1.670    0.190   -2.875
    71.60   -2.000   -2.120    0.190   -0.735
    71.70   -2.000   -2.540    0.190    1.440
    71.80   -2.000   -2.900    0.190    3.470
    71.90   -2.000   -3.180    0.195    3.985
    72.00   -2.000   -3.375    0.195    4.005
    72.10   -2.000   -3.480    0.195    4.000
    72.20   -2.000   -3.515    0.195    4.000
    72.30   -2.000   -3.485    0.195    4.005
    72.40   -2.000   -3.405    0.195    4.005
    72.50   -2.000   -3.285    0.195    4.005
    72.60   -2.000   -3.120    0.195    4.005
    72.70   -2.000   -2.920    0.195    4.005
    72.80   -2.000   -2.690    0.195    4.005
    72.90   -2.000   -2.420    0.195    4.005
    73.00   -2.000   -2.130    0.195    2.980
    73.10   -2.000   -1.820    0.195    1.590
    73.20   -2.000   -1.520    0.195    0.110
    73.30   -2.000   -1.250    0.195   -1.345
    73.40   -2.000   -1.025    0.195   -2.665
    73.50   -2.000   -0.865    0.195   -3.750
    73.60   -2.000   -0.780    0.195   -4.045
    73.70    0.000    0.000    0.000    0.000

