Data export from TecQuipment CE2000

Data series 1

    Time    Squar        P        I 
     0.00    2.040    4.165   10.235
     0.07    2.040    4.170   10.235
     0.13    2.040    4.170   10.235
     0.20    2.040    4.165   10.235
     0.26    2.040    4.165   10.235
     0.33    2.040    4.165   10.235
     0.40    2.035    4.165   10.235
     0.46    2.035    4.170   10.235
     0.53    2.035    4.165   10.235
     0.59    2.035    4.170   10.235
     0.66    2.035    4.165   10.235
     0.73    2.035    4.165   10.235
     0.79    2.040    4.170   10.235
     0.86    2.035    4.170   10.235
     0.92    2.040    4.170   10.235
     0.99    2.040    4.170   10.235
     1.06    2.040    4.170   10.235
     1.12    2.040    4.170   10.235
     1.19    2.040    4.170   10.235
     1.25    2.040    4.170   10.235
     1.32    2.040    4.170   10.235
     1.39    2.040    4.170   10.235
     1.45    2.040    4.170   10.235
     1.52    2.040    4.170   10.235
     1.58    2.035    4.175   10.235
     1.65    2.040    4.170   10.235
     1.72    2.040    4.170   10.235
     1.78    2.040    4.170   10.235
     1.85    2.040    4.175   10.235
     1.91    2.035    4.170   10.235
     1.98    2.040    4.170   10.235
     2.05    2.040    4.170   10.235
     2.11    2.040    4.165   10.235
     2.18    2.040    4.170   10.235
     2.24    2.040    4.170   10.235
     2.31    2.035    4.170   10.235
     2.38    2.035    4.170   10.235
     2.44    2.035    4.165   10.235
     2.51    2.035    4.165   10.235
     2.57    2.040    4.170   10.235
     2.64    2.040    4.175   10.235
     2.71    3.985    8.220   10.235
     2.77    4.030    8.305   10.235
     2.84    4.030    8.305   10.235
     2.90    4.035    8.305   10.235
     2.97    4.030    8.305   10.235
     3.04    4.030    8.305   10.235
     3.10    4.035    8.305   10.235
     3.17    4.035    8.305   10.235
     3.23    4.035    8.310   10.235
     3.30    4.035    8.310   10.235
     3.37    4.035    8.310   10.235
     3.43    4.035    8.310   10.235
     3.50    4.035    8.305   10.235
     3.56    4.035    8.310   10.235
     3.63    4.035    8.310   10.235
     3.70    4.035    8.310   10.235
     3.76    4.030    8.310   10.235
     3.83    4.035    8.310   10.235
     3.89    4.035    8.310   10.235
     3.96    4.035    8.310   10.235
     4.03    4.035    8.310   10.235
     4.09    4.035    8.310   10.235
     4.16    4.035    8.310   10.235
     4.22    4.035    8.310   10.235
     4.29    4.035    8.310   10.235
     4.36    4.030    8.310   10.235
     4.42    4.035    8.305   10.235
     4.49    4.035    8.305   10.235
     4.55    4.030    8.305   10.235
     4.62    4.030    8.305   10.235
     4.69    4.030    8.305   10.235
     4.75    4.035    8.305   10.235
     4.82    4.035    8.305   10.235
     4.88    4.035    8.305   10.235
     4.95    4.030    8.305   10.235
     5.02    4.030    8.305   10.235
     5.08    4.030    8.305   10.235
     5.15    4.030    8.305   10.235
     5.21    4.030    8.305   10.235
     5.28    4.030    8.305   10.235
     5.35    4.030    8.305   10.235
     5.41    4.035    8.305   10.235
     5.48    4.030    8.310   10.235
     5.54    4.035    8.310   10.235
     5.61    4.035    8.310   10.235
     5.68    4.035    8.310   10.235
     5.74    4.035    8.310   10.235
     5.81    4.035    8.310   10.235
     5.87    4.035    8.305   10.235
     5.94    4.035    8.305   10.235
     6.01    4.035    8.310   10.235
     6.07    4.035    8.310   10.235
     6.14    4.035    8.305   10.235
     6.20    4.035    8.310   10.235
     6.27    4.035    8.310   10.235
     6.34    4.035    8.310   10.235
     6.40    4.035    8.310   10.235
     6.47    4.035    8.310   10.235
     6.53    4.035    8.310   10.235
     6.60    4.035    8.310   10.235
     6.67    4.030    8.305   10.235
     6.73    4.030    8.305   10.235
     6.80    4.030    8.305   10.235
     6.86    4.030    8.305   10.235
     6.93    4.030    8.305   10.235
     7.00    4.030    8.305   10.235
     7.06    4.035    8.305   10.235
     7.13    4.030    8.305   10.235
     7.19    4.035    8.305   10.235
     7.26    4.035    8.305   10.235
     7.33    4.030    8.305   10.235
     7.39    4.030    8.305   10.235
     7.46    4.035    8.305   10.235
     7.52    4.035    8.305   10.235
     7.59    4.030    8.305   10.235
     7.66    4.030    8.305   10.235
     7.72    4.030    8.305   10.235
     7.79    4.035    8.310   10.235
     7.85    4.035    8.310   10.235
     7.92    4.035    8.310   10.235
     7.99    4.035    8.310   10.235
     8.05    4.030    8.310   10.235
     8.12    4.035    8.310   10.235
     8.18    4.035    8.310   10.235
     8.25    4.035    8.310   10.235
     8.32    4.035    8.310   10.235
     8.38    4.035    8.310   10.235
     8.45    4.035    8.310   10.235
     8.51    4.035    8.310   10.235
     8.58    4.035    8.310   10.235
     8.65    4.035    8.310   10.235
     8.71    4.035    8.310   10.235
     8.78    4.035    8.310   10.235
     8.84    4.035    8.310   10.235
     8.91    4.035    8.310   10.235
     8.98    4.030    8.305   10.235
     9.04    4.030    8.305   10.235
     9.11    4.030    8.310   10.235
     9.17    4.030    8.305   10.235
     9.24    4.030    8.305   10.235
     9.31    4.030    8.305   10.235
     9.37    4.030    8.305   10.235
     9.44    4.030    8.305   10.235
     9.50    4.030    8.305   10.235
     9.57    4.030    8.305   10.235
     9.64    4.030    8.305   10.235
     9.70    4.035    8.305   10.235
     9.77    4.030    8.305   10.235
     9.83    4.035    8.305   10.235
     9.90    4.030    8.305   10.235
     9.97    4.035    8.310   10.235
    10.03    4.035    8.305   10.235
    10.10    4.030    8.305   10.235
    10.16    4.035    8.310   10.235
    10.23    4.035    8.310   10.235
    10.30    4.035    8.310   10.235
    10.36    4.035    8.310   10.235
    10.43    4.035    8.310   10.235
    10.49    4.035    8.310   10.235
    10.56    4.035    8.310   10.235
    10.63    4.030    8.310   10.235
    10.69    4.035    8.310   10.235
    10.76    4.035    8.310   10.235
    10.82    4.035    8.310   10.235
    10.89    4.035    8.310   10.235
    10.96    4.035    8.310   10.235
    11.02    4.035    8.310   10.235
    11.09    4.035    8.310   10.235
    11.15    4.035    8.310   10.235
    11.22    4.035    8.305   10.235
    11.29    4.030    8.305   10.235
    11.35    4.030    8.305   10.235
    11.42    4.030    8.305   10.235
    11.48    4.030    8.310   10.235
    11.55    4.035    8.305   10.235
    11.62    4.030    8.305   10.235
    11.68    4.035    8.300   10.235
    11.75    4.035    8.305   10.235
    11.81    4.030    8.305   10.235
    11.88    4.030    8.310   10.235
    11.95    4.035    8.305   10.235
    12.01    4.030    8.305   10.235
    12.08    4.030    8.305   10.235
    12.14    4.030    8.305   10.235
    12.21    4.030    8.305   10.235
    12.28    4.035    8.305   10.235
    12.34    4.035    8.310   10.235
    12.41    4.030    8.310   10.235
    12.47    4.035    8.310   10.235
    12.54    4.015    8.270   10.235
    12.61    2.070    4.225   10.235
    12.67    2.040    4.175   10.235
    12.74    2.040    4.170   10.235
    12.80    2.040    4.175   10.235
    12.87    2.040    4.170   10.235
    12.94    2.040    4.170   10.235
    13.00    2.040    4.170   10.235
    13.07    2.040    4.170   10.235
    13.13    2.035    4.170   10.235
    13.20    2.040    4.175   10.235
    13.27    2.040    4.175   10.235
    13.33    2.040    4.170   10.235
    13.40    2.040    4.170   10.235
    13.46    2.040    4.170   10.235
    13.53    2.040    4.170   10.235
    13.60    2.035    4.170   10.235
    13.66    2.035    4.170   10.235
    13.73    2.035    4.165   10.235
    13.79    2.035    4.165   10.235
    13.86    2.035    4.165   10.235
    13.93    2.035    4.170   10.235
    13.99    2.035    4.170   10.235
    14.06    2.035    4.170   10.235
    14.12    2.040    4.170   10.235
    14.19    2.040    4.170   10.235
    14.26    2.040    4.165   10.235
    14.32    2.040    4.170   10.235
    14.39    2.035    4.170   10.235
    14.45    2.040    4.165   10.235
    14.52    2.040    4.165   10.235
    14.59    2.040    4.170   10.235
    14.65    2.040    4.175   10.235
    14.72    2.040    4.170   10.235
    14.78    2.040    4.170   10.235
    14.85    2.040    4.170   10.235
    14.92    2.040    4.170   10.235
    14.98    2.040    4.175   10.235
    15.05    2.040    4.175   10.235
    15.11    2.040    4.170   10.235
    15.18    2.040    4.170   10.235
    15.25    2.040    4.170   10.235
    15.31    2.040    4.170   10.235
    15.38    2.040    4.170   10.235
    15.44    2.040    4.170   10.235
    15.51    2.040    4.170   10.235
    15.58    2.040    4.170   10.235
    15.64    2.040    4.175   10.235
    15.71    2.040    4.170   10.235
    15.77    2.040    4.170   10.235
    15.84    2.040    4.170   10.235
    15.91    2.040    4.165   10.235
    15.97    2.040    4.165   10.235
    16.04    2.035    4.170   10.235
    16.10    2.040    4.165   10.235
    16.17    2.040    4.165   10.235
    16.24    2.040    4.165   10.235
    16.30    2.035    4.170   10.235
    16.37    2.035    4.170   10.235
    16.43    2.035    4.170   10.235
    16.50    2.040    4.170   10.235
    16.57    2.040    4.170   10.235
    16.63    2.040    4.165   10.235
    16.70    2.035    4.165   10.235
    16.76    2.040    4.170   10.235
    16.83    2.035    4.170   10.235
    16.90    2.040    4.170   10.235
    16.96    2.035    4.170   10.235
    17.03    2.040    4.170   10.235
    17.09    2.040    4.170   10.235
    17.16    2.040    4.170   10.235
    17.23    2.040    4.170   10.235
    17.29    2.040    4.170   10.235
    17.36    2.040    4.175   10.235
    17.42    2.040    4.170   10.235
    17.49    2.035    4.170   10.235
    17.56    2.040    4.170   10.235
    17.62    2.040    4.170   10.235
    17.69    2.040    4.175   10.235
    17.75    2.040    4.175   10.235
    17.82    2.040    4.170   10.235
    17.89    2.035    4.170   10.235
    17.95    2.040    4.170   10.235
    18.02    2.040    4.170   10.235
    18.08    2.035    4.165   10.235
    18.15    2.040    4.165   10.235
    18.22    2.035    4.165   10.235
    18.28    2.035    4.165   10.235
    18.35    2.040    4.165   10.235
    18.41    2.035    4.170   10.235
    18.48    2.040    4.170   10.235
    18.55    2.040    4.165   10.235
    18.61    2.040    4.170   10.235
    18.68    2.040    4.165   10.235
    18.74    2.035    4.170   10.235
    18.81    2.035    4.170   10.235
    18.88    2.040    4.165   10.235
    18.94    2.040    4.165   10.235
    19.01    2.035    4.170   10.235
    19.07    2.035    4.170   10.235
    19.14    2.040    4.170   10.235
    19.21    2.040    4.175   10.235
    19.27    2.040    4.170   10.235
    19.34    2.040    4.170   10.235
    19.40    2.040    4.175   10.235
    19.47    2.040    4.170   10.235
    19.54    2.040    4.170   10.235
    19.60    2.040    4.170   10.235
    19.67    2.040    4.170   10.235
    19.73    2.040    4.170   10.235
    19.80    2.040    4.170   10.235
    19.87    2.040    4.170   10.235
    19.93    2.040    4.170   10.235
    20.00    2.040    4.175   10.235
    20.06    2.040    4.175   10.235
    20.13    2.040    4.170   10.235
    20.20    2.040    4.170   10.235
    20.26    2.040    4.175   10.235
    20.33    2.040    4.165   10.235
    20.39    2.040    4.165   10.235
    20.46    2.040    4.165   10.235
    20.53    2.040    4.165   10.235
    20.59    2.035    4.170   10.235
    20.66    2.040    4.165   10.235
    20.72    2.035    4.165   10.235
    20.79    2.035    4.165   10.235
    20.86    2.040    4.170   10.235
    20.92    2.040    4.170   10.235
    20.99    2.035    4.165   10.235
    21.05    2.035    4.170   10.235
    21.12    2.035    4.165   10.235
    21.19    2.035    4.165   10.235
    21.25    2.040    4.170   10.235
    21.32    2.040    4.170    6.490
    21.38    2.040    4.170    0.055
    21.45    2.045    4.170    0.070
    21.52    2.040    4.175    0.100
    21.58    2.040    4.170    0.130
    21.65    2.040    4.175    0.160
    21.71    2.040    4.170    0.185
    21.78    2.040    4.175    0.215
    21.85    2.045    4.170    0.245
    21.91    2.045    4.170    0.270
    21.98    2.040    4.170    0.300
    22.04    2.040    4.170    0.330
    22.11    2.040    4.170    0.360
    22.18    2.045    4.170    0.385
    22.24    2.040    4.170    0.415
    22.31    2.040    4.170    0.440
    22.37    2.040    4.170    0.475
    22.44    2.100    4.300    0.500
    22.51    4.020    8.285    0.545
    22.57    4.035    8.310    0.600
    22.64    4.035    8.305    0.660
    22.70    4.035    8.305    0.710
    22.77    4.035    8.305    0.770
    22.84    4.035    8.305    0.825
    22.90    4.035    8.305    0.880
    22.97    4.035    8.305    0.935
    23.03    4.035    8.305    0.990
    23.10    4.035    8.305    1.045
    23.17    4.030    8.305    1.100
    23.23    4.035    8.305    1.155
    23.30    4.035    8.305    1.210
    23.36    4.035    8.305    1.270
    23.43    4.035    8.305    1.320
    23.50    4.035    8.305    1.380
    23.56    4.030    8.305    1.435
    23.63    4.035    8.305    1.490
    23.69    4.030    8.305    1.545
    23.76    4.035    8.305    1.600
    23.83    4.035    8.310    1.655
    23.89    4.035    8.310    1.710
    23.96    4.035    8.310    1.765
    24.02    4.035    8.305    1.820
    24.09    4.035    8.310    1.875
    24.16    4.035    8.310    1.935
    24.22    4.035    8.310    1.990
    24.29    4.035    8.310    2.045
    24.35    4.035    8.310    2.100
    24.42    4.035    8.310    2.155
    24.49    4.035    8.310    2.210
    24.55    4.035    8.310    2.265
    24.62    4.035    8.310    2.320
    24.68    4.035    8.310    2.370
    24.75    4.035    8.310    2.430
    24.82    4.035    8.310    2.485
    24.88    4.035    8.305    2.540
    24.95    4.035    8.305    2.595
    25.01    4.035    8.305    2.650
    25.08    4.035    8.300    2.705
    25.15    4.030    8.305    2.760
    25.21    4.030    8.305    2.815
    25.28    4.035    8.305    2.870
    25.34    4.030    8.305    2.925
    25.41    4.035    8.305    2.985
    25.48    4.035    8.305    3.035
    25.54    4.030    8.305    3.090
    25.61    4.035    8.305    3.145
    25.67    4.030    8.305    3.200
    25.74    4.030    8.305    3.255
    25.81    4.035    8.305    3.310
    25.87    4.035    8.305    3.370
    25.94    4.030    8.305    3.425
    26.00    4.035    8.310    3.475
    26.07    4.035    8.310    3.530
    26.14    4.035    8.310    3.590
    26.20    4.035    8.310    3.645
    26.27    4.035    8.310    3.700
    26.33    4.035    8.310    3.755
    26.40    4.035    8.310    3.810
    26.47    4.035    8.305    3.865
    26.53    4.035    8.310    3.920
    26.60    4.040    8.310    3.975
    26.66    4.035    8.310    4.030
    26.73    4.035    8.310    4.085
    26.80    4.035    8.310    4.140
    26.86    4.040    8.310    4.195
    26.93    4.035    8.310    4.250
    26.99    4.035    8.310    4.305
    27.06    4.035    8.310    4.360
    27.13    4.035    8.310    4.415
    27.19    4.035    8.305    4.470
    27.26    4.035    8.305    4.525
    27.32    4.035    8.305    4.580
    27.39    4.035    8.305    4.635
    27.46    4.035    8.305    4.690
    27.52    4.035    8.305    4.745
    27.59    4.035    8.305    4.800
    27.65    4.030    8.305    4.855
    27.72    4.035    8.305    4.910
    27.79    4.030    8.305    4.965
    27.85    4.035    8.305    5.020
    27.92    4.035    8.305    5.075
    27.98    4.035    8.305    5.130
    28.05    4.035    8.305    5.185
    28.12    4.030    8.305    5.240
    28.18    4.035    8.305    5.295
    28.25    4.035    8.305    5.350
    28.31    4.035    8.310    5.405
    28.38    4.035    8.310    5.460
    28.45    4.035    8.310    5.515
    28.51    4.035    8.310    5.570
    28.58    4.035    8.310    5.625
    28.64    4.035    8.310    5.680
    28.71    4.035    8.310    5.740
    28.78    4.035    8.310    5.790
    28.84    4.035    8.310    5.850
    28.91    4.035    8.310    5.900
    28.97    4.035    8.310    5.955
    29.04    4.035    8.310    6.015
    29.11    4.035    8.310    6.065
    29.17    4.035    8.310    6.120
    29.24    4.035    8.310    6.175
    29.30    4.035    8.310    6.230
    29.37    4.035    8.310    6.285
    29.44    4.030    8.305    6.340
    29.50    4.035    8.305    6.400
    29.57    4.035    8.305    6.450
    29.63    4.035    8.305    6.510
    29.70    4.035    8.305    6.565
    29.77    4.035    8.305    6.615
    29.83    4.035    8.305    6.675
    29.90    4.035    8.305    6.730
    29.96    4.030    8.305    6.785
    30.03    4.030    8.305    6.840
    30.10    4.035    8.305    6.890
    30.16    4.035    8.305    6.945
    30.23    4.035    8.305    7.000
    30.29    4.035    8.305    7.055
    30.36    4.035    8.305    7.115
    30.43    4.035    8.305    7.165
    30.49    4.035    8.305    7.220
    30.56    4.035    8.310    7.275
    30.62    4.035    8.305    7.330
    30.69    4.040    8.305    7.390
    30.76    4.035    8.310    7.440
    30.82    4.035    8.310    7.495
    30.89    4.035    8.310    7.555
    30.95    4.035    8.310    7.605
    31.02    4.035    8.310    7.660
    31.09    4.035    8.310    7.720
    31.15    4.035    8.310    7.770
    31.22    4.035    8.310    7.830
    31.28    4.035    8.310    7.880
    31.35    4.040    8.310    7.940
    31.42    4.035    8.310    7.995
    31.48    4.035    8.310    8.045
    31.55    4.035    8.305    8.100
    31.61    4.030    8.310    8.160
    31.68    4.035    8.310    8.215
    31.75    4.035    8.305    8.270
    31.81    4.030    8.305    8.320
    31.88    4.030    8.305    8.380
    31.94    4.030    8.305    8.435
    32.01    4.030    8.305    8.490
    32.08    4.035    8.305    8.545
    32.14    4.035    8.310    8.600
    32.21    4.035    8.300    8.650
    32.27    4.035    8.305    8.710
    32.34    3.955    8.140    8.765
    32.41    2.045    4.180    8.795
    32.47    2.040    4.165    8.825
    32.54    2.035    4.170    8.855
    32.60    2.035    4.170    8.880
    32.67    2.040    4.165    8.905
    32.74    2.040    4.170    8.935
    32.80    2.040    4.170    8.960
    32.87    2.040    4.175    8.985
    32.93    2.040    4.170    9.015
    33.00    2.040    4.170    9.045
    33.07    2.040    4.170    9.070
    33.13    2.040    4.170    9.100
    33.20    2.040    4.170    9.125
    33.26    2.040    4.170    9.155
    33.33    2.040    4.170    9.180
    33.40    2.040    4.170    9.210
    33.46    2.040    4.170    9.235
    33.53    2.040    4.170    9.265
    33.59    2.040    4.170    9.290
    33.66    2.040    4.175    9.315
    33.73    2.040    4.170    9.345
    33.79    2.045    4.170    9.370
    33.86    2.040    4.170    9.400
    33.92    2.040    4.170    9.425
    33.99    2.040    4.165    9.455
    34.06    2.040    4.170    9.485
    34.12    2.040    4.165    9.510
    34.19    2.035    4.170    9.535
    34.25    2.035    4.170    9.565
    34.32    2.040    4.165    9.590
    34.39    2.040    4.170    9.620
    34.45    2.040    4.165    9.645
    34.52    2.040    4.170    9.670
    34.58    2.040    4.170    9.700
    34.65    2.040    4.165    9.725
    34.72    2.040    4.165    9.755
    34.78    2.040    4.170    9.785
    34.85    2.040    4.170    9.810
    34.91    2.040    4.170    9.835
    34.98    2.040    4.170    9.865
    35.05    2.040    4.165    9.890
    35.11    2.045    4.170    9.915
    35.18    2.040    4.170    9.945
    35.24    2.040    4.170    9.975
    35.31    2.045    4.170   10.005
    35.38    2.040    4.170   10.025
    35.44    2.040    4.170   10.055
    35.51    2.040    4.170   10.085
    35.57    2.040    4.170   10.110
    35.64    2.040    4.170   10.135
    35.71    2.040    4.170   10.165
    35.77    2.040    4.170   10.190
    35.84    2.040    4.170   10.220
    35.90    2.040    4.170   10.230
    35.97    2.040    4.170   10.235
    36.04    2.040    4.170   10.235
    36.10    2.040    4.175   10.235
    36.17    2.040    4.170   10.235
    36.23    2.040    4.170   10.235
    36.30    2.040    4.170   10.235
    36.37    2.040    4.170   10.235
    36.43    2.040    4.170   10.235
    36.50    2.040    4.165   10.235
    36.56    2.040    4.165   10.235
    36.63    2.040    4.170   10.235
    36.70    2.040    4.170   10.235
    36.76    2.040    4.170   10.235
    36.83    2.040    4.170   10.235
    36.89    2.040    4.165   10.235
    36.96    2.040    4.170   10.235
    37.03    2.040    4.165   10.235
    37.09    2.040    4.170   10.235
    37.16    2.035    4.170   10.235
    37.22    2.040    4.170   10.235
    37.29    2.040    4.170   10.235
    37.36    2.040    4.170   10.235
    37.42    2.040    4.170   10.235
    37.49    2.045    4.170   10.235
    37.55    2.040    4.170   10.235
    37.62    2.040    4.170   10.235
    37.69    2.040    4.170   10.235
    37.75    2.040    4.170   10.235
    37.82    2.045    4.175   10.235
    37.88    2.040    4.170   10.235
    37.95    2.040    4.170   10.235
    38.02    2.040    4.170   10.235
    38.08    2.040    4.170   10.235
    38.15    2.040    4.170   10.235
    38.21    2.040    4.170   10.235
    38.28    2.040    4.170   10.235
    38.35    2.040    4.170   10.235
    38.41    2.040    4.170   10.235
    38.48    2.040    4.170   10.235
    38.54    2.040    4.170   10.235
    38.61    2.040    4.170   10.235
    38.68    2.035    4.165   10.235
    38.74    2.035    4.165   10.235
    38.81    2.040    4.165   10.235
    38.87    2.035    4.165   10.235
    38.94    2.035    4.165   10.235
    39.01    2.035    4.165   10.235
    39.07    2.040    4.165   10.235
    39.14    2.035    4.165   10.235
    39.20    2.035    4.170   10.235
    39.27    2.040    4.165   10.235
    39.34    2.035    4.165   10.235
    39.40    2.040    4.170   10.235
    39.47    2.035    4.165   10.235
    39.53    2.040    4.165   10.235
    39.60    2.035    4.170   10.235
    39.67    2.035    4.170   10.235
    39.73    2.040    4.170   10.235
    39.80    2.040    4.170   10.235
    39.86    2.040    4.175   10.235
    39.93    2.040    4.175   10.235
    40.00    2.040    4.175   10.235
    40.06    2.040    4.170   10.235
    40.13    2.040    4.170   10.235
    40.19    2.040    4.170   10.235
    40.26    2.040    4.170   10.235
    40.33    2.040    4.170   10.235
    40.39    2.040    4.170   10.235
    40.46    2.040    4.170   10.235
    40.52    2.040    4.170   10.235
    40.59    2.035    4.170   10.235
    40.66    2.040    4.170   10.235
    40.72    2.035    4.170   10.235
    40.79    2.040    4.170   10.235
    40.85    2.040    4.165   10.235
    40.92    2.035    4.165   10.235
    40.99    2.035    4.170   10.235
    41.05    2.035    4.170   10.235
    41.12    2.040    4.170   10.235
    41.18    2.040    4.165   10.235
    41.25    2.035    4.165   10.235
    41.32    2.040    4.170   10.235
    41.38    2.040    4.165   10.235
    41.45    2.035    4.165   10.235
    41.51    2.040    4.165   10.235
    41.58    2.035    4.165   10.235
    41.65    2.040    4.170   10.235
    41.71    2.035    4.170   10.235
    41.78    2.040    4.170   10.235
    41.84    2.035    4.170   10.235
    41.91    2.040    4.170   10.235
    41.98    2.040    4.175   10.235
    42.04    2.040    4.170   10.235
    42.11    2.040    4.170   10.235
    42.17    2.040    4.170   10.235
    42.24    2.190    4.495   10.235
    42.31    4.030    8.305   10.235
    42.37    4.035    8.310   10.235
    42.44    4.030    8.310   10.235
    42.50    4.035    8.310   10.235
    42.57    4.035    8.310   10.235
    42.64    4.030    8.310   10.235
    42.70    4.030    8.310   10.235
    42.77    4.035    8.310   10.235
    42.83    4.035    8.310   10.235
    42.90    4.035    8.310   10.235
    42.97    4.035    8.310   10.235
    43.03    4.035    8.310   10.235
    43.10    4.035    8.305   10.235
    43.16    4.030    8.305   10.235
    43.23    4.030    8.305   10.235
    43.30    4.035    8.305   10.235
    43.36    4.030    8.305   10.235
    43.43    4.030    8.305   10.235
    43.49    4.035    8.305   10.235
    43.56    4.030    8.305   10.235
    43.63    4.030    8.305   10.235
    43.69    4.035    8.305   10.235
    43.76    4.030    8.305   10.235
    43.82    4.035    8.305   10.235
    43.89    4.030    8.305   10.235
    43.96    4.035    8.305   10.235
    44.02    4.035    8.310   10.235
    44.09    4.030    8.305   10.235
    44.15    4.030    8.305   10.235
    44.22    4.035    8.310   10.235
    44.29    4.035    8.310   10.235
    44.35    4.035    8.310   10.235
    44.42    4.035    8.310   10.235
    44.48    4.035    8.310   10.235
    44.55    4.030    8.310   10.235
    44.62    4.035    8.310   10.235
    44.68    4.035    8.310   10.235
    44.75    4.035    8.310   10.235
    44.81    4.035    8.310   10.235
    44.88    4.035    8.310   10.235
    44.95    4.035    8.310   10.235
    45.01    4.035    8.310   10.235
    45.08    4.035    8.310   10.235
    45.14    4.035    8.310   10.235
    45.21    4.035    8.310   10.235
    45.28    4.035    8.310   10.235
    45.34    4.035    8.310   10.235
    45.41    4.030    8.305   10.235
    45.47    4.030    8.305   10.235
    45.54    4.030    8.305   10.235
    45.61    4.030    8.305   10.235
    45.67    4.030    8.305   10.235
    45.74    4.030    8.305   10.235
    45.80    4.035    8.310   10.235
    45.87    4.030    8.305   10.235
    45.94    4.030    8.305   10.235
    46.00    4.035    8.305   10.235
    46.07    4.030    8.305   10.235
    46.13    4.035    8.305   10.235
    46.20    4.035    8.305   10.235
    46.27    4.035    8.305   10.235
    46.33    4.035    8.305   10.235
    46.40    4.030    8.305   10.235
    46.46    4.030    8.310   10.235
    46.53    4.035    8.310   10.235
    46.60    4.035    8.310   10.235
    46.66    4.035    8.310   10.235
    46.73    4.035    8.310   10.235
    46.79    4.035    8.310   10.235
    46.86    4.035    8.310   10.235
    46.93    4.035    8.310   10.235
    46.99    4.035    8.310   10.235
    47.06    4.035    8.310   10.235
    47.12    4.030    8.310   10.235
    47.19    4.035    8.305   10.235
    47.26    4.035    8.310   10.235
    47.32    4.035    8.310   10.235
    47.39    0.000    0.000    0.000

