Data export from TecQuipment CE2000

Data series 1

    Time    Squar    veloc    Vmoto    error 
     0.00    2.130    9.305   10.005    2.140
     0.07    2.130    9.305   10.000    2.140
     0.13    2.130    9.305   10.005    2.140
     0.20    2.130    9.300   10.015    2.140
     0.26    2.130    9.295   10.010    2.140
     0.33    2.135    9.295   10.010    2.140
     0.40    2.135    9.290   10.010    2.140
     0.46    2.135    9.295   10.010    2.140
     0.53    2.130    9.295   10.010    2.140
     0.59    2.130    9.295   10.015    2.140
     0.66    2.130    9.300   10.010    2.140
     0.73    2.130    9.300   10.010    2.140
     0.79    2.130    9.300   10.005    2.140
     0.86    2.135    9.300   10.000    2.140
     0.92    2.130    9.300   10.000    2.140
     0.99    2.130    9.300   10.000    2.140
     1.06    2.130    9.300   10.005    2.135
     1.12    2.130    9.295   10.000    2.140
     1.19    2.130    9.295   10.000    2.140
     1.25    2.130    9.295   10.005    2.140
     1.32    2.130    9.290   10.005    2.140
     1.39    2.130    9.290   10.000    2.135
     1.45    2.135    9.290   10.005    2.140
     1.52    2.130    9.290   10.000    2.135
     1.58    2.130    9.290   10.000    2.140
     1.65    2.135    9.290   10.005    2.140
     1.72    2.130    9.290   10.005    2.140
     1.78    2.130    9.290   10.005    2.140
     1.85    2.130    9.290   10.005    2.140
     1.91    2.130    9.290   10.010    2.145
     1.98    2.135    9.290   10.015    2.140
     2.05    2.130    9.290   10.010    2.140
     2.11    2.135    9.285   10.010    2.140
     2.18    2.135    9.285   10.015    2.140
     2.24    2.130    9.285   10.015    2.140
     2.31    2.135    9.285   10.010    2.140
     2.38    2.130    9.285   10.010    2.140
     2.44    2.135    9.290   10.010    2.140
     2.51    2.130    9.290   10.010    2.140
     2.57    2.135    9.285   10.010    2.145
     2.64    2.135    9.295   10.010    2.140
     2.71    2.135    9.290   10.015    2.140
     2.77    2.135    9.295   10.010    2.140
     2.84    2.130    9.295   10.010    2.140
     2.90    2.130    9.290   10.005    2.140
     2.97    2.130    9.290   10.015    2.140
     3.04    2.130    9.290   10.015    2.140
     3.10    2.130    9.285   10.000    2.140
     3.17    2.130    9.285   10.005    2.140
     3.23    2.130    9.280   10.000    2.135
     3.30    2.130    9.280   10.005    2.140
     3.37    2.130    9.285   10.000    2.140
     3.43    2.130    9.285   10.000    2.140
     3.50    2.130    9.285   10.005    2.140
     3.56    2.130    9.285   10.000    2.140
     3.63    2.130    9.285   10.000    2.145
     3.70    2.130    9.290   10.000    2.140
     3.76    2.130    9.290   10.005    2.140
     3.83    2.130    9.290   10.000    2.140
     3.89    2.130    9.290   10.000    2.140
     3.96    2.135    9.285   10.005    2.140
     4.03    2.130    9.290   10.005    2.140
     4.09    2.675    9.285   10.080    2.690
     4.16    4.080    9.290   10.235    4.100
     4.22    4.085    9.295   10.235    4.100
     4.29    4.080    9.300   10.235    4.100
     4.36    4.085    9.300   10.235    4.100
     4.42    4.085    9.310   10.235    4.100
     4.49    4.085    9.315   10.235    4.100
     4.55    4.085    9.325   10.235    4.100
     4.62    4.080    9.325   10.235    4.100
     4.69    4.080    9.335   10.235    4.100
     4.75    4.085    9.335   10.235    4.105
     4.82    4.080    9.340   10.235    4.100
     4.88    4.085    9.345   10.235    4.100
     4.95    4.080    9.345   10.235    4.105
     5.02    4.080    9.345   10.235    4.100
     5.08    4.085    9.345   10.235    4.100
     5.15    4.080    9.345   10.235    4.100
     5.21    4.080    9.345   10.235    4.100
     5.28    4.085    9.350   10.235    4.100
     5.35    4.080    9.355   10.235    4.100
     5.41    4.080    9.355   10.235    4.100
     5.48    4.080    9.360   10.235    4.100
     5.54    4.080    9.365   10.235    4.100
     5.61    4.085    9.365   10.235    4.100
     5.68    4.080    9.370   10.235    4.100
     5.74    4.080    9.370   10.235    4.100
     5.81    4.080    9.370   10.235    4.095
     5.87    4.080    9.370   10.235    4.100
     5.94    4.080    9.370   10.235    4.100
     6.01    4.080    9.370   10.235    4.100
     6.07    4.080    9.370   10.235    4.100
     6.14    4.080    9.370   10.235    4.100
     6.20    4.080    9.370   10.235    4.100
     6.27    4.085    9.375   10.235    4.100
     6.34    4.080    9.375   10.235    4.100
     6.40    4.080    9.380   10.235    4.100
     6.47    4.080    9.380   10.235    4.105
     6.53    4.085    9.385   10.235    4.105
     6.60    4.080    9.385   10.235    4.105
     6.67    4.085    9.385   10.235    4.100
     6.73    4.080    9.385   10.235    4.100
     6.80    4.085    9.380   10.235    4.100
     6.86    4.080    9.380   10.235    4.105
     6.93    4.085    9.380   10.235    4.100
     7.00    4.080    9.380   10.235    4.105
     7.06    4.085    9.380   10.235    4.105
     7.13    4.080    9.380   10.235    4.105
     7.19    4.085    9.380   10.235    4.100
     7.26    4.080    9.380   10.235    4.100
     7.33    4.085    9.385   10.235    4.100
     7.39    4.080    9.385   10.235    4.100
     7.46    4.080    9.385   10.235    4.105
     7.52    4.080    9.390   10.235    4.100
     7.59    4.085    9.390   10.235    4.105
     7.66    4.080    9.390   10.235    4.100
     7.72    4.080    9.390   10.235    4.100
     7.79    4.085    9.385   10.235    4.100
     7.85    4.080    9.385   10.235    4.100
     7.92    4.080    9.385   10.235    4.100
     7.99    4.080    9.385   10.235    4.100
     8.05    4.080    9.385   10.235    4.100
     8.12    4.080    9.385   10.235    4.100
     8.18    4.080    9.385   10.235    4.100
     8.25    4.080    9.390   10.235    4.100
     8.32    4.080    9.390   10.235    4.100
     8.38    4.080    9.395   10.235    4.100
     8.45    4.080    9.395   10.235    4.100
     8.51    4.080    9.395   10.235    4.100
     8.58    4.080    9.395   10.235    4.100
     8.65    4.080    9.395   10.235    4.100
     8.71    4.080    9.395   10.235    4.105
     8.78    4.080    9.390   10.235    4.100
     8.84    4.085    9.390   10.235    4.100
     8.91    4.080    9.390   10.235    4.105
     8.98    4.080    9.390   10.235    4.100
     9.04    4.080    9.395   10.235    4.100
     9.11    4.085    9.395   10.235    4.100
     9.17    4.085    9.395   10.235    4.100
     9.24    4.080    9.400   10.235    4.100
     9.31    4.085    9.400   10.235    4.100
     9.37    4.080    9.400   10.235    4.100
     9.44    4.085    9.405   10.235    4.100
     9.50    4.080    9.400   10.235    4.100
     9.57    4.080    9.405   10.235    4.100
     9.64    4.080    9.400   10.235    4.105
     9.70    4.080    9.400   10.235    4.100
     9.77    4.085    9.395   10.235    4.100
     9.83    4.080    9.400   10.235    4.100
     9.90    4.085    9.400   10.235    4.100
     9.97    4.080    9.400   10.235    4.100
    10.03    4.080    9.400   10.235    4.100
    10.10    4.080    9.400   10.235    4.100
    10.16    4.080    9.405   10.235    4.100
    10.23    4.080    9.405   10.235    4.100
    10.30    4.085    9.405   10.235    4.100
    10.36    4.080    9.405   10.235    4.100
    10.43    4.080    9.405   10.235    4.100
    10.49    4.080    9.405   10.235    4.100
    10.56    4.080    9.405   10.235    4.100
    10.63    4.080    9.405   10.235    4.100
    10.69    4.080    9.400   10.235    4.100
    10.76    4.080    9.400   10.235    4.100
    10.82    4.080    9.400   10.235    4.100
    10.89    4.080    9.400   10.235    4.100
    10.96    4.080    9.400   10.235    4.100
    11.02    4.080    9.405   10.235    4.100
    11.09    4.085    9.405   10.235    4.100
    11.15    4.080    9.405   10.235    4.100
    11.22    4.085    9.405   10.235    4.100
    11.29    4.085    9.410   10.235    4.105
    11.35    4.085    9.410   10.235    4.100
    11.42    4.080    9.405   10.235    4.105
    11.48    4.085    9.405   10.235    4.100
    11.55    4.085    9.405   10.235    4.105
    11.62    4.085    9.405   10.235    4.100
    11.68    4.085    9.400   10.235    4.105
    11.75    4.085    9.400   10.235    4.105
    11.81    4.080    9.400   10.235    4.100
    11.88    4.085    9.400   10.235    4.100
    11.95    4.085    9.405   10.235    4.100
    12.01    4.085    9.400   10.235    4.100
    12.08    4.085    9.400   10.235    4.100
    12.14    4.085    9.405   10.235    4.100
    12.21    4.080    9.405   10.235    4.100
    12.28    4.080    9.405   10.235    4.100
    12.34    4.080    9.400   10.235    4.100
    12.41    4.080    9.400   10.235    4.095
    12.47    4.080    9.395   10.235    4.100
    12.54    4.080    9.400   10.235    4.100
    12.61    4.080    9.395   10.235    4.100
    12.67    4.080    9.395   10.235    4.100
    12.74    4.080    9.395   10.235    4.100
    12.80    4.080    9.395   10.235    4.100
    12.87    4.080    9.395   10.235    4.100
    12.94    4.080    9.395   10.235    4.100
    13.00    4.080    9.400   10.235    4.100
    13.07    4.080    9.400   10.235    4.105
    13.13    4.080    9.400   10.235    4.100
    13.20    4.080    9.400   10.235    4.100
    13.27    4.080    9.400   10.235    4.100
    13.33    4.080    9.400   10.235    4.105
    13.40    4.085    9.395   10.235    4.100
    13.46    4.085    9.395   10.235    4.100
    13.53    4.085    9.395   10.235    4.105
    13.60    4.085    9.390   10.235    4.100
    13.66    4.080    9.395   10.235    4.100
    13.73    4.080    9.390   10.235    4.100
    13.79    4.080    9.390   10.235    4.100
    13.86    4.085    9.395   10.235    4.100
    13.93    4.080    9.395   10.235    4.100
    13.99    3.255    9.395   10.160    3.270
    14.06    2.130    9.385   10.010    2.140
    14.12    2.135    9.380   10.010    2.140
    14.19    2.130    9.375   10.010    2.145
    14.26    2.130    9.375   10.015    2.140
    14.32    2.130    9.365   10.010    2.140
    14.39    2.135    9.355   10.010    2.140
    14.45    2.130    9.350   10.005    2.140
    14.52    2.135    9.345   10.005    2.140
    14.59    2.130    9.335   10.000    2.140
    14.65    2.130    9.335   10.000    2.140
    14.72    2.130    9.335   10.000    2.140
    14.78    2.130    9.325   10.000    2.140
    14.85    2.130    9.325   10.005    2.140
    14.92    2.130    9.325   10.005    2.135
    14.98    2.130    9.320   10.000    2.140
    15.05    2.130    9.320   10.005    2.140
    15.11    2.130    9.315   10.005    2.140
    15.18    2.130    9.315   10.000    2.140
    15.25    2.130    9.310   10.000    2.140
    15.31    2.130    9.310   10.005    2.140
    15.38    2.130    9.305   10.005    2.140
    15.44    2.130    9.300   10.005    2.135
    15.51    2.130    9.295   10.005    2.140
    15.58    2.135    9.295   10.010    2.140
    15.64    2.135    9.295   10.015    2.140
    15.71    2.135    9.295   10.010    2.140
    15.77    2.130    9.295   10.015    2.140
    15.84    2.135    9.295   10.010    2.140
    15.91    2.130    9.295   10.015    2.140
    15.97    2.135    9.295   10.010    2.140
    16.04    2.130    9.295   10.015    2.140
    16.10    2.130    9.295   10.010    2.140
    16.17    2.135    9.295   10.010    2.140
    16.24    2.135    9.290   10.010    2.140
    16.30    2.130    9.290   10.015    2.140
    16.37    2.135    9.285   10.010    2.140
    16.43    2.135    9.280   10.010    2.140
    16.50    2.130    9.280   10.010    2.145
    16.57    2.135    9.285   10.010    2.140
    16.63    2.130    9.280   10.010    2.140
    16.70    2.130    9.280   10.010    2.140
    16.76    2.130    9.285   10.005    2.140
    16.83    2.130    9.285   10.000    2.140
    16.90    2.130    9.285   10.000    2.140
    16.96    2.130    9.285   10.000    2.140
    17.03    2.130    9.285   10.000    2.140
    17.09    2.130    9.285   10.000    2.140
    17.16    2.130    9.280   10.000    2.140
    17.23    2.130    9.280   10.000    2.140
    17.29    2.130    9.275   10.005    2.140
    17.36    2.130    9.275   10.005    2.140
    17.42    2.130    9.275   10.000    2.140
    17.49    2.130    9.270   10.005    2.140
    17.56    2.130    9.275   10.005    2.140
    17.62    2.130    9.275   10.000    2.140
    17.69    2.130    9.275   10.000    2.140
    17.75    2.130    9.275   10.005    2.140
    17.82    2.130    9.280   10.005    2.140
    17.89    2.135    9.280   10.010    2.140
    17.95    2.135    9.280   10.010    2.140
    18.02    2.130    9.280   10.010    2.145
    18.08    2.130    9.275   10.010    2.140
    18.15    2.130    9.275   10.010    2.140
    18.22    2.135    9.275   10.010    2.140
    18.28    2.130    9.275   10.015    2.140
    18.35    2.135    9.270   10.015    2.145
    18.41    2.130    9.270   10.015    2.140
    18.48    2.135    9.270   10.010    2.140
    18.55    2.130    9.275   10.010    2.140
    18.61    2.135    9.275   10.010    2.140
    18.68    2.130    9.275   10.015    2.140
    18.74    2.130    9.280   10.010    2.140
    18.81    2.135    9.280   10.010    2.140
    18.88    2.130    9.285   10.010    2.140
    18.94    2.130    9.280   10.010    2.140
    19.01    2.130    9.280   10.010    2.140
    19.07    2.130    9.280   10.005    2.140
    19.14    2.130    9.280   10.000    2.140
    19.21    2.130    9.275   10.000    2.135
    19.27    2.130    9.275   10.000    2.135
    19.34    2.130    9.270   10.005    2.140
    19.40    2.130    9.270   10.000    2.140
    19.47    2.135    9.275   10.000    2.135
    19.54    2.130    9.275   10.000    2.140
    19.60    2.130    9.275   10.005    2.140
    19.67    2.130    9.275   10.000    2.140
    19.73    2.130    9.275   10.000    2.140
    19.80    2.130    9.275   10.000    2.140
    19.87    2.130    9.280   10.000    2.140
    19.93    2.130    9.280   10.005    2.140
    20.00    2.130    9.275   10.005    2.140
    20.06    2.135    9.275   10.005    2.140
    20.13    2.135    9.270   10.015    2.140
    20.20    2.130    9.270   10.010    2.140
    20.26    2.130    9.270   10.010    2.140
    20.33    2.130    9.270   10.010    2.140
    20.39    2.130    9.270   10.010    2.140
    20.46    2.130    9.275   10.010    2.140
    20.53    2.130    9.275   10.010    2.140
    20.59    2.135    9.275   10.010    2.140
    20.66    2.130    9.275   10.010    2.140
    20.72    2.135    9.280   10.010    2.145
    20.79    2.135    9.280   10.015    2.145
    20.86    2.130    9.280   10.010    2.140
    20.92    2.130    9.280   10.010    2.140
    20.99    2.130    9.275   10.010    2.140
    21.05    2.130    9.280   10.015    2.145
    21.12    2.130    9.275   10.015    2.140
    21.19    2.130    9.275   10.010    2.140
    21.25    2.135    9.270   10.010    2.140
    21.32    2.130    9.270   10.005    2.135
    21.38    2.130    9.270   10.005    2.140
    21.45    2.130    9.275   10.005    2.140
    21.52    2.130    9.275   10.000    2.140
    21.58    2.130    9.275   10.005    2.140
    21.65    2.135    9.275   10.005    2.140
    21.71    2.130    9.275   10.005    2.140
    21.78    2.130    9.280   10.000    2.140
    21.85    2.130    9.280   10.000    2.140
    21.91    2.130    9.275   10.000    2.140
    21.98    2.130    9.270   10.000    2.140
    22.04    2.135    9.270   10.000    2.140
    22.11    2.130    9.270   10.000    2.135
    22.18    2.135    9.270   10.000    2.140
    22.24    2.135    9.270   10.005    2.140
    22.31    2.130    9.270   10.005    2.140
    22.37    2.130    9.270   10.010    2.140
    22.44    2.130    9.275   10.015    2.140
    22.51    2.135    9.275   10.010    2.140
    22.57    2.135    9.280   10.015    2.140
    22.64    2.130    9.275   10.015    2.140
    22.70    2.135    9.280   10.015    2.140
    22.77    2.135    9.280   10.010    2.145
    22.84    2.135    9.275   10.010    2.145
    22.90    2.135    9.280   10.015    2.140
    22.97    2.130    9.275   10.015    2.140
    23.03    2.135    9.275   10.010    2.140
    23.10    2.135    9.270   10.015    2.140
    23.17    2.135    9.270   10.010    2.145
    23.23    2.135    9.275   10.010    2.145
    23.30    2.130    9.275   10.010    2.140
    23.36    2.135    9.275   10.015    2.145
    23.43    2.130    9.280   10.010    2.140
    23.50    2.135    9.280   10.015    2.140
    23.56    2.130    9.280   10.010    2.140
    23.63    2.130    9.280   10.005    2.135
    23.69    2.130    9.280   10.005    2.140
    23.76    2.130    9.280   10.005    2.140
    23.83    2.130    9.275   10.000    2.140
    23.89    3.270    9.280   10.145    3.290
    23.96    4.080    9.280   10.235    4.100
    24.02    4.080    9.290   10.235    4.100
    24.09    4.080    9.290   10.235    4.100
    24.16    4.080    9.300   10.235    4.100
    24.22    4.080    9.300   10.235    4.100
    24.29    4.080    9.310   10.235    4.100
    24.35    4.080    9.315   10.235    4.105
    24.42    4.080    9.320   10.235    4.100
    24.49    4.080    9.330   10.235    4.100
    24.55    4.080    9.335   10.235    4.100
    24.62    4.080    9.340   10.235    4.100
    24.68    4.080    9.345   10.235    4.100
    24.75    4.085    9.345   10.235    4.105
    24.82    4.085    9.350   10.235    4.105
    24.88    4.080    9.355   10.235    4.100
    24.95    4.080    9.355   10.235    4.100
    25.01    4.080    9.360   10.235    4.100
    25.08    4.080    9.365   10.235    4.105
    25.15    4.080    9.370   10.235    4.100
    25.21    4.080    9.370   10.235    4.100
    25.28    4.085    9.375   10.235    4.105
    25.34    4.085    9.380   10.235    4.105
    25.41    4.080    9.380   10.235    4.100
    25.48    4.085    9.390   10.235    4.100
    25.54    4.085    9.395   10.235    4.100
    25.61    4.080    9.395   10.235    4.100
    25.67    4.080    9.395   10.235    4.100
    25.74    4.085    9.395   10.235    4.100
    25.81    4.085    9.400   10.235    4.100
    25.87    4.080    9.395   10.235    4.100
    25.94    4.080    9.395   10.235    4.100
    26.00    4.080    9.395   10.235    4.100
    26.07    4.080    9.400   10.235    4.100
    26.14    4.080    9.400   10.235    4.100
    26.20    4.080    9.405   10.235    4.100
    26.27    4.080    9.410   10.235    4.100
    26.33    4.080    9.410   10.235    4.100
    26.40    4.080    9.410   10.235    4.100
    26.47    4.080    9.415   10.235    4.100
    26.53    4.080    9.415   10.235    4.100
    26.60    4.080    9.415   10.235    4.100
    26.66    4.080    9.415   10.235    4.100
    26.73    4.080    9.415   10.235    4.100
    26.80    4.080    9.415   10.235    4.100
    26.86    4.080    9.415   10.235    4.100
    26.93    4.080    9.420   10.235    4.100
    26.99    4.080    9.420   10.235    4.105
    27.06    4.085    9.420   10.235    4.100
    27.13    4.085    9.420   10.235    4.105
    27.19    4.085    9.425   10.235    4.100
    27.26    4.085    9.425   10.235    4.105
    27.32    4.085    9.430   10.235    4.100
    27.39    4.080    9.425   10.235    4.105
    27.46    4.085    9.430   10.235    4.105
    27.52    4.080    9.430   10.235    4.100
    27.59    4.085    9.430   10.235    4.100
    27.65    4.080    9.425   10.235    4.100
    27.72    4.085    9.425   10.235    4.100
    27.79    4.085    9.430   10.235    4.105
    27.85    4.080    9.430   10.235    4.105
    27.92    4.080    9.425   10.235    4.100
    27.98    4.080    9.425   10.235    4.100
    28.05    4.085    9.430   10.235    4.105
    28.12    4.080    9.430   10.235    4.100
    28.18    4.080    9.430   10.235    4.100
    28.25    4.080    9.430   10.235    4.100
    28.31    4.080    9.435   10.235    4.100
    28.38    4.085    9.435   10.235    4.100
    28.45    4.080    9.435   10.235    4.100
    28.51    4.080    9.430   10.235    4.100
    28.58    4.080    9.430   10.235    4.095
    28.64    4.080    9.430   10.235    4.100
    28.71    4.080    9.430   10.235    4.100
    28.78    4.080    9.430   10.235    4.100
    28.84    4.080    9.430   10.235    4.100
    28.91    4.080    9.430   10.235    4.105
    28.97    4.080    9.435   10.235    4.100
    29.04    4.080    9.430   10.235    4.100
    29.11    4.080    9.435   10.235    4.100
    29.17    4.080    9.435   10.235    4.100
    29.24    4.080    9.435   10.235    4.100
    29.30    4.085    9.435   10.235    4.100
    29.37    4.080    9.435   10.235    4.100
    29.44    4.080    9.435   10.235    4.100
    29.50    4.085    9.435   10.235    4.105
    29.57    4.080    9.430   10.235    4.100
    29.63    4.080    9.430   10.235    4.100
    29.70    4.085    9.430   10.235    4.105
    29.77    4.085    9.430   10.235    4.105
    29.83    4.080    9.430   10.235    4.105
    29.90    4.080    9.435   10.235    4.105
    29.96    4.085    9.435   10.235    4.100
    30.03    4.080    9.435   10.235    4.100
    30.10    4.080    9.440   10.235    4.105
    30.16    4.085    9.440   10.235    4.100
    30.23    4.085    9.440   10.235    4.100
    30.29    4.085    9.440   10.235    4.105
    30.36    4.080    9.440   10.235    4.100
    30.43    4.080    9.440   10.235    4.100
    30.49    4.080    9.435   10.235    4.100
    30.56    4.080    9.435   10.235    4.100
    30.62    4.080    9.435   10.235    4.095
    30.69    4.080    9.430   10.235    4.095
    30.76    4.080    9.435   10.235    4.100
    30.82    4.085    9.435   10.235    4.100
    30.89    4.080    9.435   10.235    4.100
    30.95    4.080    9.435   10.235    4.100
    31.02    4.080    9.435   10.235    4.100
    31.09    4.080    9.440   10.235    4.100
    31.15    4.080    9.440   10.235    4.100
    31.22    4.080    9.440   10.235    4.100
    31.28    4.080    9.440   10.235    4.100
    31.35    4.080    9.440   10.235    4.100
    31.42    4.080    9.440   10.235    4.100
    31.48    4.080    9.435   10.235    4.100
    31.55    4.085    9.435   10.235    4.105
    31.61    4.085    9.430   10.235    4.100
    31.68    4.080    9.430   10.235    4.100
    31.75    4.080    9.430   10.235    4.100
    31.81    4.080    9.435   10.235    4.100
    31.88    4.085    9.435   10.235    4.100
    31.94    4.080    9.435   10.235    4.100
    32.01    4.080    9.440   10.235    4.100
    32.08    4.085    9.440   10.235    4.100
    32.14    4.085    9.440   10.235    4.105
    32.21    4.085    9.440   10.235    4.100
    32.27    4.085    9.440   10.235    4.100
    32.34    4.085    9.435   10.235    4.105
    32.41    4.085    9.440   10.235    4.105
    32.47    4.080    9.435   10.235    4.100
    32.54    4.085    9.435   10.235    4.100
    32.60    4.085    9.435   10.235    4.100
    32.67    4.080    9.435   10.235    4.100
    32.74    4.080    9.435   10.235    4.100
    32.80    4.080    9.440   10.235    4.100
    32.87    4.080    9.440   10.235    4.100
    32.93    4.080    9.440   10.235    4.100
    33.00    4.080    9.440   10.235    4.100
    33.07    4.080    9.440   10.235    4.100
    33.13    4.080    9.440   10.235    4.100
    33.20    4.080    9.440   10.235    4.100
    33.26    4.080    9.440   10.235    4.100
    33.33    4.080    9.435   10.235    4.100
    33.40    4.080    9.435   10.235    4.100
    33.46    4.080    9.435   10.235    4.100
    33.53    4.080    9.435   10.235    4.105
    33.59    4.080    9.430   10.235    4.100
    33.66    4.080    9.435   10.235    4.100
    33.73    4.080    9.435   10.235    4.100
    33.79    2.710    9.435   10.100    2.720
    33.86    2.135    9.425   10.010    2.140
    33.92    2.135    9.420   10.010    2.140
    33.99    2.130    9.410   10.010    2.140
    34.06    2.130    9.405   10.010    2.140
    34.12    2.135    9.395   10.015    2.140
    34.19    2.130    9.385   10.010    2.140
    34.25    2.135    9.380   10.010    2.140
    34.32    2.135    9.370   10.010    2.140
    34.39    2.135    9.365   10.010    2.140
    34.45    2.135    9.360   10.010    2.140
    34.52    2.130    9.360   10.010    2.140
    34.58    2.130    9.350   10.015    2.140
    34.65    2.130    9.350   10.010    2.140
    34.72    2.135    9.345   10.015    2.140
    34.78    2.130    9.345   10.015    2.140
    34.85    2.130    9.345   10.010    2.145
    34.91    2.130    9.340   10.010    2.140
    34.98    2.130    9.340   10.005    2.140
    35.05    2.130    9.330   10.000    2.140
    35.11    2.130    9.330   10.005    2.140
    35.18    2.130    9.325   10.000    2.140
    35.24    2.130    9.325   10.000    2.135
    35.31    2.130    9.320   10.005    2.140
    35.38    2.130    9.315   10.005    2.140
    35.44    2.130    9.315   10.000    2.140
    35.51    2.135    9.315   10.000    2.140
    35.57    2.130    9.310   10.005    2.140
    35.64    2.130    9.310   10.005    2.135
    35.71    2.135    9.310   10.005    2.140
    35.77    2.130    9.310   10.005    2.140
    35.84    2.130    9.310   10.005    2.140
    35.90    2.130    9.310   10.005    2.140
    35.97    2.130    9.310   10.005    2.140
    36.04    2.135    9.310   10.005    2.140
    36.10    2.135    9.305   10.015    2.140
    36.17    2.130    9.300   10.010    2.140
    36.23    2.135    9.300   10.010    2.140
    36.30    2.135    9.300   10.010    2.145
    36.37    2.135    9.295   10.010    2.140
    36.43    2.130    9.300   10.010    2.140
    36.50    2.130    9.300   10.010    2.140
    36.56    2.135    9.300   10.010    2.140
    36.63    2.130    9.300   10.010    2.145
    36.70    2.135    9.300   10.010    2.140
    36.76    2.130    9.300   10.010    2.140
    36.83    2.130    9.305   10.010    2.140
    36.89    2.130    9.300   10.015    2.140
    36.96    2.135    9.300   10.015    2.140
    37.03    2.130    9.295   10.010    2.140
    37.09    2.130    9.295   10.010    2.140
    37.16    2.135    9.295   10.010    2.140
    37.22    2.130    9.295   10.010    2.140
    37.29    2.125    9.290   10.000    2.140
    37.36    2.130    9.290   10.005    2.140
    37.42    2.130    9.295   10.005    2.140
    37.49    2.130    9.295   10.005    2.140
    37.55    2.130    9.295   10.000    2.140
    37.62    2.130    9.295   10.005    2.140
    37.69    2.130    9.295   10.000    2.140
    37.75    2.130    9.295   10.005    2.135
    37.82    2.130    9.295   10.000    2.140
    37.88    2.130    9.290   10.000    2.140
    37.95    2.130    9.290   10.005    2.140
    38.02    2.130    9.290   10.005    2.140
    38.08    2.130    9.290   10.000    2.140
    38.15    2.130    9.285   10.005    2.140
    38.21    2.130    9.290   10.005    2.140
    38.28    2.130    9.285   10.005    2.140
    38.35    2.135    9.285   10.010    2.140
    38.41    2.130    9.285   10.010    2.145
    38.48    2.130    9.290   10.010    2.140
    38.54    2.130    9.290   10.010    2.140
    38.61    2.135    9.290   10.015    2.140
    38.68    2.130    9.295   10.010    2.140
    38.74    2.130    9.295   10.010    2.140
    38.81    2.135    9.295   10.015    2.140
    38.87    2.135    9.290   10.015    2.140
    38.94    2.135    9.295   10.015    2.140
    39.01    2.135    9.290   10.010    2.140
    39.07    2.130    9.290   10.015    2.140
    39.14    2.135    9.285   10.015    2.140
    39.20    2.135    9.285   10.015    2.140
    39.27    2.130    9.290   10.015    2.145
    39.34    2.130    9.290   10.010    2.140
    39.40    2.130    9.290   10.010    2.145
    39.47    2.130    9.290   10.015    2.140
    39.53    2.130    9.295   10.005    2.140
    39.60    2.130    9.290   10.005    2.140
    39.67    2.130    9.295   10.005    2.140
    39.73    2.135    9.295   10.000    2.140
    39.80    2.130    9.295   10.000    2.140
    39.86    2.130    9.295   10.005    2.140
    39.93    2.130    9.290   10.000    2.140
    40.00    2.130    9.285   10.005    2.140
    40.06    2.130    9.285   10.005    2.140
    40.13    2.130    9.285   10.005    2.140
    40.19    2.130    9.285   10.000    2.140
    40.26    2.130    9.285   10.005    2.140
    40.33    2.130    9.285   10.000    2.140
    40.39    2.130    9.290   10.005    2.140
    40.46    2.130    9.290   10.005    2.140
    40.52    0.000    0.000    0.000    0.000

