Data export from TecQuipment CE2000

Data series 1

    Time    Squar    veloc    Vmoto    error 
     0.00    2.125    1.055    1.760    1.135
     0.07    2.125    1.055    1.760    1.135
     0.13    4.075    2.220    3.010    1.930
     0.20    4.075    2.225    3.005    1.925
     0.26    4.080    2.230    3.000    1.920
     0.33    4.075    2.235    2.990    1.915
     0.40    4.075    2.235    2.990    1.920
     0.46    4.075    2.235    2.985    1.915
     0.53    4.080    2.240    2.985    1.915
     0.59    4.075    2.240    2.980    1.910
     0.66    4.075    2.240    2.980    1.910
     0.73    4.075    2.245    2.975    1.910
     0.79    4.075    2.240    2.980    1.910
     0.86    4.075    2.245    2.975    1.905
     0.92    4.080    2.245    2.980    1.910
     0.99    4.080    2.245    2.970    1.905
     1.06    4.075    2.245    2.975    1.910
     1.12    4.075    2.245    2.965    1.905
     1.19    4.080    2.250    2.970    1.905
     1.25    4.075    2.250    2.965    1.900
     1.32    4.075    2.250    2.965    1.900
     1.39    4.075    2.255    2.960    1.900
     1.45    4.075    2.250    2.960    1.900
     1.52    4.075    2.250    2.960    1.900
     1.58    4.075    2.250    2.965    1.900
     1.65    4.075    2.255    2.960    1.900
     1.72    4.075    2.250    2.960    1.900
     1.78    4.075    2.255    2.960    1.895
     1.85    4.075    2.250    2.965    1.900
     1.91    4.075    2.255    2.960    1.895
     1.98    4.075    2.255    2.960    1.900
     2.05    4.075    2.255    2.955    1.895
     2.11    4.075    2.255    2.955    1.895
     2.18    4.075    2.255    2.950    1.895
     2.24    4.075    2.255    2.955    1.895
     2.31    4.080    2.260    2.950    1.890
     2.38    4.075    2.255    2.955    1.890
     2.44    4.075    2.260    2.950    1.895
     2.51    4.075    2.255    2.955    1.895
     2.57    4.075    2.260    2.950    1.895
     2.64    4.075    2.255    2.960    1.900
     2.71    4.075    2.260    2.950    1.895
     2.77    4.080    2.260    2.960    1.895
     2.84    4.075    2.255    2.955    1.895
     2.90    4.075    2.255    2.955    1.895
     2.97    4.075    2.260    2.955    1.890
     3.04    4.080    2.255    2.955    1.895
     3.10    4.080    2.260    2.950    1.895
     3.17    4.080    2.260    2.955    1.895
     3.23    4.075    2.260    2.950    1.890
     3.30    4.075    2.255    2.955    1.895
     3.37    4.075    2.260    2.950    1.890
     3.43    4.075    2.255    2.950    1.890
     3.50    4.075    2.260    2.950    1.890
     3.56    4.075    2.260    2.955    1.895
     3.63    4.075    2.265    2.945    1.890
     3.70    4.075    2.260    2.950    1.890
     3.76    4.070    2.260    2.945    1.890
     3.83    4.075    2.260    2.950    1.890
     3.89    4.075    2.260    2.950    1.895
     3.96    4.075    2.260    2.950    1.890
     4.03    4.075    2.260    2.950    1.895
     4.09    4.075    2.260    2.955    1.895
     4.16    4.075    2.255    2.955    1.895
     4.22    4.075    2.255    2.955    1.895
     4.29    4.075    2.255    2.960    1.895
     4.36    4.075    2.250    2.960    1.900
     4.42    4.075    2.250    2.960    1.900
     4.49    4.075    2.250    2.960    1.900
     4.55    4.075    2.250    2.965    1.900
     4.62    4.075    2.250    2.960    1.900
     4.69    4.080    2.245    2.970    1.900
     4.75    4.075    2.250    2.970    1.900
     4.82    4.075    2.245    2.970    1.905
     4.88    4.075    2.250    2.970    1.900
     4.95    4.080    2.245    2.970    1.905
     5.02    4.075    2.250    2.965    1.900
     5.08    4.080    2.250    2.970    1.900
     5.15    4.080    2.250    2.965    1.900
     5.21    4.080    2.250    2.965    1.905
     5.28    4.075    2.250    2.965    1.900
     5.35    4.075    2.255    2.965    1.900
     5.41    4.080    2.255    2.960    1.900
     5.48    4.075    2.250    2.965    1.900
     5.54    4.075    2.255    2.960    1.900
     5.61    4.080    2.250    2.965    1.900
     5.68    4.075    2.255    2.955    1.900
     5.74    4.080    2.250    2.960    1.900
     5.81    4.075    2.255    2.960    1.895
     5.87    4.075    2.250    2.960    1.895
     5.94    4.075    2.255    2.955    1.895
     6.01    4.070    2.250    2.955    1.895
     6.07    4.075    2.260    2.955    1.895
     6.14    4.075    2.255    2.955    1.895
     6.20    4.075    2.260    2.950    1.890
     6.27    4.075    2.260    2.950    1.895
     6.34    4.075    2.260    2.950    1.890
     6.40    4.075    2.255    2.955    1.895
     6.47    4.075    2.260    2.950    1.890
     6.53    4.075    2.255    2.955    1.895
     6.60    4.080    2.260    2.950    1.890
     6.67    4.075    2.255    2.955    1.895
     6.73    4.075    2.255    2.955    1.890
     6.80    4.075    2.255    2.955    1.895
     6.86    4.075    2.260    2.955    1.890
     6.93    4.075    2.260    2.955    1.895
     7.00    4.080    2.255    2.955    1.895
     7.06    4.075    2.255    2.960    1.900
     7.13    4.075    2.260    2.950    1.895
     7.19    4.075    2.260    2.955    1.895
     7.26    4.080    2.260    2.950    1.890
     7.33    4.080    2.260    2.955    1.895
     7.39    4.075    2.260    2.945    1.895
     7.46    4.075    2.255    2.955    1.895
     7.52    4.075    2.260    2.950    1.890
     7.59    4.075    2.260    2.955    1.895
     7.66    4.075    2.265    2.945    1.890
     7.72    4.075    2.260    2.950    1.895
     7.79    4.080    2.260    2.950    1.895
     7.85    4.075    2.260    2.955    1.895
     7.92    4.075    2.260    2.950    1.890
     7.99    4.080    2.260    2.955    1.895
     8.05    4.075    2.260    2.950    1.890
     8.12    4.075    2.255    2.955    1.895
     8.18    4.075    2.260    2.950    1.895
     8.25    4.075    2.255    2.960    1.895
     8.32    4.075    2.255    2.955    1.895
     8.38    4.075    2.255    2.955    1.895
     8.45    4.075    2.255    2.960    1.900
     8.51    4.075    2.255    2.960    1.900
     8.58    4.075    2.255    2.960    1.900
     8.65    4.075    2.250    2.965    1.900
     8.71    4.075    2.250    2.965    1.900
     8.78    2.815    2.235    0.990    0.645
     8.84    2.125    2.090    0.130    0.095
     8.91    2.130    1.910    0.410    0.275
     8.98    2.125    1.760    0.655    0.430
     9.04    2.125    1.635    0.840    0.550
     9.11    2.130    1.530    1.005    0.655
     9.17    2.125    1.445    1.140    0.740
     9.24    2.130    1.380    1.245    0.805
     9.31    2.125    1.325    1.335    0.865
     9.37    2.125    1.270    1.420    0.915
     9.44    2.130    1.235    1.475    0.950
     9.50    2.130    1.205    1.520    0.980
     9.57    2.130    1.180    1.565    1.010
     9.64    2.125    1.150    1.605    1.035
     9.70    2.125    1.140    1.630    1.055
     9.77    2.125    1.125    1.650    1.065
     9.83    2.130    1.110    1.670    1.075
     9.90    2.125    1.100    1.695    1.095
     9.97    2.130    1.085    1.710    1.100
    10.03    2.130    1.085    1.715    1.105
    10.10    2.125    1.080    1.720    1.105
    10.16    2.125    1.075    1.730    1.120
    10.23    2.125    1.065    1.745    1.120
    10.30    2.130    1.065    1.740    1.125
    10.36    2.130    1.065    1.740    1.120
    10.43    2.125    1.065    1.745    1.125
    10.49    2.125    1.060    1.755    1.130
    10.56    2.125    1.055    1.750    1.130
    10.63    2.125    1.060    1.750    1.125
    10.69    2.125    1.060    1.750    1.130
    10.76    2.125    1.050    1.755    1.130
    10.82    2.125    1.055    1.760    1.135
    10.89    2.125    1.055    1.750    1.130
    10.96    2.125    1.060    1.750    1.130
    11.02    2.125    1.060    1.750    1.130
    11.09    2.125    1.055    1.755    1.130
    11.15    2.125    1.055    1.755    1.130
    11.22    2.125    1.060    1.750    1.130
    11.29    2.125    1.060    1.745    1.125
    11.35    2.125    1.060    1.755    1.130
    11.42    2.125    1.055    1.755    1.130
    11.48    2.125    1.055    1.750    1.130
    11.55    2.125    1.060    1.750    1.125
    11.62    2.125    1.060    1.750    1.130
    11.68    2.125    1.055    1.760    1.135
    11.75    2.130    1.060    1.755    1.130
    11.81    2.125    1.060    1.750    1.130
    11.88    2.125    1.060    1.745    1.125
    11.95    2.125    1.055    1.755    1.130
    12.01    2.125    1.055    1.750    1.130
    12.08    2.130    1.060    1.750    1.125
    12.14    2.125    1.060    1.750    1.125
    12.21    2.130    1.060    1.750    1.130
    12.28    2.125    1.060    1.755    1.130
    12.34    2.130    1.060    1.750    1.130
    12.41    2.130    1.060    1.750    1.130
    12.47    2.130    1.060    1.750    1.130
    12.54    2.125    1.060    1.755    1.130
    12.61    2.125    1.060    1.755    1.130
    12.67    2.125    1.060    1.750    1.125
    12.74    2.130    1.060    1.745    1.125
    12.80    2.125    1.060    1.750    1.125
    12.87    2.125    1.055    1.755    1.130
    12.94    2.125    1.055    1.755    1.130
    13.00    2.125    1.055    1.750    1.130
    13.07    2.125    1.055    1.750    1.130
    13.13    2.125    1.055    1.755    1.130
    13.20    2.125    1.055    1.750    1.130
    13.27    2.125    1.060    1.750    1.125
    13.33    2.125    1.060    1.750    1.125
    13.40    2.125    1.055    1.755    1.135
    13.46    2.125    1.055    1.755    1.130
    13.53    2.125    1.060    1.755    1.130
    13.60    2.125    1.060    1.750    1.125
    13.66    2.125    1.060    1.750    1.130
    13.73    2.125    1.055    1.750    1.130
    13.79    2.125    1.060    1.750    1.125
    13.86    2.130    1.060    1.745    1.130
    13.93    2.130    1.060    1.750    1.130
    13.99    2.125    1.060    1.755    1.130
    14.06    2.125    1.060    1.750    1.130
    14.12    2.125    1.060    1.750    1.125
    14.19    2.125    1.070    1.745    1.125
    14.26    2.130    1.060    1.750    1.125
    14.32    2.130    1.060    1.755    1.130
    14.39    2.130    1.060    1.750    1.130
    14.45    2.130    1.060    1.750    1.125
    14.52    2.125    1.060    1.750    1.130
    14.59    2.130    1.060    1.750    1.130
    14.65    2.130    1.060    1.750    1.130
    14.72    2.130    1.065    1.745    1.125
    14.78    2.125    1.065    1.745    1.125
    14.85    2.130    1.060    1.750    1.130
    14.92    2.125    1.055    1.755    1.135
    14.98    2.125    1.060    1.750    1.135
    15.05    2.125    1.060    1.750    1.125
    15.11    2.125    1.060    1.745    1.125
    15.18    2.125    1.055    1.755    1.130
    15.25    2.125    1.055    1.755    1.130
    15.31    2.125    1.055    1.750    1.130
    15.38    2.125    1.065    1.745    1.125
    15.44    2.125    1.060    1.750    1.125
    15.51    2.125    1.055    1.755    1.135
    15.58    2.125    1.060    1.750    1.130
    15.64    2.125    1.060    1.750    1.125
    15.71    2.125    1.065    1.750    1.125
    15.77    2.125    1.055    1.760    1.135
    15.84    2.125    1.055    1.760    1.135
    15.91    2.125    1.060    1.750    1.130
    15.97    2.125    1.060    1.755    1.130
    16.04    2.130    1.050    1.755    1.135
    16.10    2.125    1.050    1.765    1.140
    16.17    2.125    1.050    1.765    1.135
    16.24    2.125    1.060    1.760    1.130
    16.30    2.125    1.055    1.755    1.130
    16.37    2.130    1.050    1.765    1.135
    16.43    2.125    1.050    1.765    1.135
    16.50    2.125    1.050    1.760    1.135
    16.57    2.125    1.055    1.755    1.135
    16.63    2.125    1.055    1.760    1.135
    16.70    2.125    1.050    1.770    1.140
    16.76    2.130    1.050    1.765    1.140
    16.83    2.130    1.050    1.760    1.135
    16.90    2.125    1.055    1.760    1.135
    16.96    2.130    1.050    1.765    1.135
    17.03    2.130    1.050    1.770    1.140
    17.09    2.125    1.050    1.765    1.135
    17.16    2.125    1.055    1.760    1.135
    17.23    2.125    1.055    1.760    1.135
    17.29    2.125    1.045    1.770    1.140
    17.36    2.125    1.050    1.765    1.135
    17.42    2.125    1.050    1.760    1.135
    17.49    2.125    1.055    1.760    1.135
    17.56    2.125    1.045    1.765    1.140
    17.62    2.125    1.050    1.770    1.135
    17.69    2.120    1.050    1.760    1.135
    17.75    2.125    1.055    1.755    1.135
    17.82    2.125    1.055    1.765    1.135
    17.89    2.125    1.045    1.770    1.140
    17.95    2.125    1.050    1.760    1.135
    18.02    2.125    1.055    1.755    1.135
    18.08    2.125    1.055    1.755    1.130
    18.15    2.125    1.050    1.765    1.135
    18.22    2.125    1.050    1.765    1.135
    18.28    2.125    1.055    1.755    1.130
    18.35    2.125    1.055    1.755    1.135
    18.41    2.130    1.055    1.760    1.135
    18.48    2.130    1.050    1.765    1.140
    18.55    2.125    1.055    1.760    1.135
    18.61    2.125    1.055    1.755    1.130
    18.68    3.780    1.090    4.325    2.765
    18.74    4.075    1.255    4.535    2.905
    18.81    4.075    1.430    4.255    2.725
    18.88    4.075    1.580    4.030    2.580
    18.94    4.080    1.690    3.845    2.460
    19.01    4.075    1.795    3.680    2.360
    19.07    4.075    1.875    3.555    2.275
    19.14    4.075    1.940    3.455    2.210
    19.21    4.075    2.000    3.360    2.155
    19.27    4.075    2.040    3.295    2.110
    19.34    4.080    2.085    3.230    2.070
    19.40    4.075    2.110    3.185    2.040
    19.47    4.075    2.140    3.140    2.010
    19.54    4.075    2.165    3.105    1.995
    19.60    4.075    2.180    3.075    1.970
    19.67    4.075    2.195    3.050    1.960
    19.73    4.075    2.205    3.035    1.945
    19.80    4.075    2.215    3.025    1.935
    19.87    4.075    2.225    3.010    1.930
    19.93    4.075    2.230    3.000    1.920
    20.00    4.075    2.235    2.990    1.915
    20.06    4.075    2.240    2.985    1.910
    20.13    4.075    2.240    2.975    1.910
    20.20    4.075    2.240    2.970    1.905
    20.26    4.075    2.245    2.975    1.910
    20.33    4.075    2.245    2.970    1.905
    20.39    4.075    2.250    2.965    1.900
    20.46    4.075    2.250    2.965    1.900
    20.53    4.075    2.250    2.965    1.900
    20.59    4.070    2.250    2.960    1.900
    20.66    4.075    2.255    2.965    1.900
    20.72    4.075    2.255    2.960    1.895
    20.79    4.080    2.255    2.960    1.895
    20.86    4.080    2.255    2.955    1.890
    20.92    4.080    2.255    2.955    1.895
    20.99    4.075    2.260    2.955    1.895
    21.05    4.075    2.255    2.955    1.895
    21.12    4.080    2.265    2.950    1.890
    21.19    4.080    2.255    2.955    1.895
    21.25    4.075    2.260    2.950    1.895
    21.32    4.075    2.260    2.955    1.900
    21.38    4.075    2.260    2.955    1.895
    21.45    4.075    2.255    2.955    1.895
    21.52    4.080    2.260    2.955    1.895
    21.58    4.080    2.255    2.960    1.900
    21.65    4.075    2.255    2.960    1.895
    21.71    4.080    2.255    2.965    1.900
    21.78    4.075    2.255    2.960    1.900
    21.85    4.075    2.250    2.965    1.900
    21.91    4.075    2.250    2.960    1.900
    21.98    4.075    2.250    2.965    1.900
    22.04    4.075    2.255    2.960    1.900
    22.11    4.075    2.250    2.965    1.900
    22.18    4.075    2.245    2.965    1.905
    22.24    4.075    2.245    2.970    1.905
    22.31    4.075    2.250    2.965    1.900
    22.37    4.075    2.245    2.970    1.905
    22.44    4.075    2.250    2.965    1.900
    22.51    4.075    2.245    2.965    1.905
    22.57    4.075    2.255    2.960    1.900
    22.64    4.075    2.250    2.965    1.905
    22.70    4.075    2.250    2.960    1.900
    22.77    4.075    2.250    2.960    1.900
    22.84    4.075    2.250    2.960    1.900
    22.90    4.075    2.250    2.965    1.900
    22.97    4.075    2.255    2.965    1.900
    23.03    4.075    2.250    2.965    1.900
    23.10    4.075    2.250    2.960    1.900
    23.17    4.075    2.255    2.965    1.900
    23.23    4.075    2.255    2.960    1.900
    23.30    4.080    2.255    2.960    1.900
    23.36    4.075    2.255    2.960    1.895
    23.43    4.080    2.255    2.960    1.900
    23.50    4.075    2.255    2.955    1.895
    23.56    4.075    2.255    2.955    1.895
    23.63    4.075    2.260    2.955    1.895
    23.69    4.075    2.260    2.950    1.895
    23.76    4.080    2.260    2.950    1.895
    23.83    4.075    2.260    2.950    1.895
    23.89    4.075    2.260    2.950    1.890
    23.96    4.075    2.260    2.955    1.895
    24.02    4.080    2.260    2.955    1.895
    24.09    4.075    2.260    2.955    1.895
    24.16    4.075    2.260    2.950    1.890
    24.22    4.075    2.260    2.955    1.895
    24.29    4.075    2.255    2.955    1.895
    24.35    4.075    2.255    2.955    1.895
    24.42    4.075    2.260    2.955    1.895
    24.49    4.075    2.255    2.955    1.895
    24.55    4.075    2.255    2.955    1.895
    24.62    4.075    2.255    2.955    1.895
    24.68    4.075    2.255    2.955    1.895
    24.75    4.075    2.260    2.955    1.895
    24.82    4.075    2.260    2.955    1.890
    24.88    4.075    2.260    2.950    1.895
    24.95    4.075    2.255    2.955    1.895
    25.01    4.075    2.260    2.950    1.895
    25.08    4.075    2.255    2.950    1.895
    25.15    4.075    2.260    2.950    1.890
    25.21    4.075    2.255    2.960    1.895
    25.28    4.075    2.260    2.955    1.890
    25.34    4.075    2.255    2.955    1.900
    25.41    4.075    2.255    2.955    1.900
    25.48    4.075    2.255    2.955    1.895
    25.54    4.075    2.255    2.955    1.890
    25.61    4.075    2.255    2.960    1.900
    25.67    4.075    2.260    2.960    1.895
    25.74    4.080    2.250    2.965    1.900
    25.81    4.075    2.260    2.960    1.895
    25.87    4.075    2.245    2.965    1.900
    25.94    4.080    2.255    2.960    1.900
    26.00    4.075    2.250    2.965    1.905
    26.07    4.075    2.255    2.965    1.900
    26.14    4.075    2.250    2.970    1.905
    26.20    4.075    2.250    2.970    1.905
    26.27    4.080    2.250    2.975    1.905
    26.33    4.075    2.250    2.970    1.900
    26.40    4.080    2.245    2.970    1.905
    26.47    4.070    2.250    2.965    1.900
    26.53    4.075    2.250    2.970    1.900
    26.60    4.075    2.250    2.965    1.900
    26.66    4.075    2.250    2.970    1.900
    26.73    4.075    2.250    2.960    1.900
    26.80    4.070    2.250    2.965    1.900
    26.86    4.075    2.250    2.960    1.895
    26.93    4.075    2.250    2.965    1.900
    26.99    4.075    2.255    2.960    1.895
    27.06    4.075    2.250    2.965    1.900
    27.13    4.075    2.255    2.955    1.900
    27.19    4.075    2.250    2.965    1.900
    27.26    4.075    2.255    2.960    1.895
    27.32    4.075    2.255    2.960    1.900
    27.39    4.075    2.255    2.960    1.900
    27.46    4.075    2.255    2.960    1.900
    27.52    4.075    2.255    2.955    1.895
    27.59    4.075    2.255    2.960    1.895
    27.65    4.075    2.260    2.955    1.895
    27.72    4.075    2.255    2.955    1.895
    27.79    4.075    2.260    2.950    1.890
    27.85    4.075    2.255    2.955    1.895
    27.92    4.080    2.255    2.955    1.895
    27.98    4.075    2.260    2.955    1.895
    28.05    4.075    2.255    2.955    1.895
    28.12    4.075    2.260    2.955    1.895
    28.18    4.080    2.260    2.955    1.895
    28.25    4.075    2.255    2.955    1.895
    28.31    4.075    2.255    2.960    1.895
    28.38    4.075    2.255    2.960    1.900
    28.45    4.075    2.255    2.955    1.895
    28.51    3.985    2.255    2.815    1.805
    28.58    2.140    2.200   -0.035   -0.005
    28.64    2.125    2.025    0.230    0.165
    28.71    2.125    1.855    0.495    0.330
    28.78    2.125    1.720    0.705    0.465
    28.84    2.125    1.600    0.895    0.585
    28.91    2.125    1.510    1.040    0.675
    28.97    2.125    1.435    1.160    0.750
    29.04    2.125    1.365    1.265    0.820
    29.11    2.125    1.310    1.355    0.880
    29.17    2.130    1.270    1.420    0.920
    29.24    2.125    1.230    1.480    0.955
    29.30    2.125    1.200    1.535    0.985
    29.37    2.125    1.175    1.565    1.010
    29.44    2.125    1.155    1.595    1.030
    29.50    2.125    1.140    1.620    1.045
    29.57    2.125    1.120    1.655    1.065
    29.63    2.125    1.105    1.675    1.080
    29.70    2.125    1.100    1.690    1.090
    29.77    2.130    1.095    1.695    1.095
    29.83    2.130    1.085    1.715    1.105
    29.90    2.130    1.080    1.725    1.115
    29.96    2.130    1.075    1.730    1.115
    30.03    2.130    1.075    1.730    1.115
    30.10    2.125    1.070    1.735    1.120
    30.16    2.125    1.065    1.745    1.125
    30.23    2.125    1.060    1.745    1.125
    30.29    2.125    1.065    1.745    1.120
    30.36    2.125    1.065    1.745    1.125
    30.43    2.130    1.055    1.750    1.130
    30.49    2.125    1.055    1.760    1.135
    30.56    2.130    1.055    1.760    1.130
    30.62    2.125    1.055    1.755    1.130
    30.69    2.125    1.055    1.760    1.130
    30.76    2.125    1.050    1.770    1.140
    30.82    2.130    1.050    1.770    1.140
    30.89    2.125    1.055    1.765    1.135
    30.95    2.125    1.060    1.755    1.130
    31.02    2.125    1.050    1.760    1.135
    31.09    2.125    1.045    1.765    1.140
    31.15    2.125    1.050    1.765    1.135
    31.22    2.125    1.055    1.760    1.135
    31.28    2.125    1.050    1.760    1.135
    31.35    2.125    1.045    1.770    1.140
    31.42    2.125    1.045    1.770    1.140
    31.48    2.125    1.050    1.765    1.140
    31.55    2.125    1.050    1.760    1.135
    31.61    2.125    1.050    1.765    1.135
    31.68    2.125    1.045    1.770    1.140
    31.75    2.125    1.045    1.770    1.140
    31.81    2.125    1.050    1.765    1.135
    31.88    2.125    1.050    1.765    1.140
    31.94    2.125    1.045    1.770    1.145
    32.01    2.125    1.045    1.775    1.145
    32.08    2.125    1.045    1.770    1.140
    32.14    2.125    1.055    1.765    1.135
    32.21    2.130    1.045    1.770    1.145
    32.27    2.125    1.040    1.775    1.145
    32.34    2.125    1.045    1.770    1.140
    32.41    2.125    1.050    1.765    1.140
    32.47    2.130    1.050    1.770    1.135
    32.54    2.130    1.045    1.775    1.145
    32.60    2.130    1.045    1.770    1.145
    32.67    2.125    1.050    1.765    1.135
    32.74    2.125    1.055    1.760    1.135
    32.80    2.125    1.050    1.765    1.140
    32.87    2.125    1.050    1.770    1.145
    32.93    2.125    1.055    1.765    1.140
    33.00    2.125    1.055    1.760    1.130
    33.07    2.125    1.055    1.760    1.135
    33.13    2.125    1.050    1.765    1.140
    33.20    2.125    1.050    1.760    1.135
    33.26    2.130    1.055    1.760    1.135
    33.33    2.125    1.060    1.755    1.130
    33.40    2.125    1.050    1.765    1.135
    33.46    2.125    1.050    1.765    1.140
    33.53    2.125    1.050    1.760    1.135
    33.59    2.125    1.055    1.760    1.135
    33.66    2.125    1.055    1.755    1.135
    33.73    2.125    1.050    1.765    1.135
    33.79    2.125    1.050    1.765    1.135
    33.86    2.125    1.055    1.760    1.135
    33.92    2.125    1.055    1.755    1.130
    33.99    2.125    1.050    1.760    1.135
    34.06    2.125    1.050    1.770    1.140
    34.12    2.125    1.050    1.760    1.135
    34.19    2.125    1.055    1.760    1.130
    34.25    2.125    1.055    1.755    1.135
    34.32    2.125    1.050    1.765    1.140
    34.39    2.125    1.055    1.760    1.140
    34.45    2.130    1.055    1.760    1.135
    34.52    2.125    1.060    1.755    1.130
    34.58    2.125    1.055    1.760    1.135
    34.65    2.125    1.055    1.760    1.135
    34.72    2.130    1.055    1.755    1.130
    34.78    2.130    1.060    1.755    1.130
    34.85    2.125    1.055    1.755    1.130
    34.91    2.125    1.055    1.760    1.135
    34.98    2.130    1.055    1.755    1.130
    35.05    2.125    1.060    1.750    1.130
    35.11    2.125    1.060    1.750    1.125
    35.18    2.130    1.060    1.750    1.130
    35.24    2.125    1.055    1.755    1.130
    35.31    2.130    1.060    1.750    1.130
    35.38    2.125    1.060    1.750    1.125
    35.44    2.130    1.060    1.750    1.125
    35.51    2.125    1.060    1.750    1.130
    35.57    2.125    1.060    1.750    1.130
    35.64    2.125    1.060    1.745    1.125
    35.71    2.125    1.060    1.745    1.125
    35.77    2.130    1.060    1.750    1.125
    35.84    2.125    1.055    1.755    1.130
    35.90    2.125    1.060    1.750    1.125
    35.97    2.125    1.060    1.745    1.130
    36.04    2.125    1.060    1.750    1.125
    36.10    2.125    1.060    1.750    1.130
    36.17    2.125    1.060    1.750    1.130
    36.23    2.125    1.060    1.745    1.125
    36.30    2.125    1.060    1.750    1.130
    36.37    2.125    1.055    1.755    1.130
    36.43    2.125    1.055    1.755    1.130
    36.50    2.125    1.060    1.755    1.130
    36.56    2.125    1.060    1.755    1.130
    36.63    2.125    1.055    1.755    1.130
    36.70    2.125    1.055    1.760    1.135
    36.76    2.130    1.060    1.755    1.130
    36.83    2.125    1.060    1.750    1.130
    36.89    2.130    1.055    1.755    1.130
    36.96    2.130    1.050    1.760    1.135
    37.03    2.130    1.055    1.760    1.135
    37.09    2.125    1.055    1.755    1.130
    37.16    2.130    1.060    1.750    1.130
    37.22    2.125    1.060    1.755    1.135
    37.29    2.125    1.055    1.755    1.130
    37.36    2.125    1.060    1.750    1.130
    37.42    2.125    1.060    1.755    1.130
    37.49    2.130    1.060    1.755    1.130
    37.55    2.125    1.060    1.755    1.130
    37.62    2.130    1.060    1.755    1.130
    37.69    2.125    1.065    1.745    1.125
    37.75    2.125    1.065    1.740    1.125
    37.82    2.125    1.055    1.750    1.130
    37.88    2.125    1.055    1.755    1.130
    37.95    2.125    1.055    1.750    1.125
    38.02    2.130    1.055    1.750    1.125
    38.08    2.125    1.060    1.750    1.125
    38.15    2.125    1.060    1.750    1.125
    38.21    2.125    1.060    1.750    1.125
    38.28    2.125    1.060    1.745    1.125
    38.35    2.125    1.065    1.745    1.125
    38.41    2.600    1.060    2.505    1.605
    38.48    4.075    1.140    4.705    3.010
    38.54    4.075    1.325    4.415    2.825
    38.61    4.075    1.495    4.150    2.660
    38.68    4.075    1.625    3.950    2.530
    38.74    4.075    1.740    3.765    2.415
    38.81    4.075    1.830    3.625    2.320
    38.87    4.080    1.905    3.510    2.250
    38.94    4.075    1.965    3.415    2.185
    39.01    4.075    2.015    3.335    2.140
    39.07    4.075    2.060    3.270    2.095
    39.14    4.075    2.090    3.220    2.065
    39.20    4.075    2.120    3.170    2.030
    39.27    4.080    2.145    3.140    2.010
    39.34    4.080    2.160    3.105    1.990
    39.40    4.075    2.175    3.085    1.975
    39.47    4.075    2.190    3.065    1.965
    39.53    4.075    2.200    3.045    1.950
    39.60    4.075    2.210    3.035    1.940
    39.67    4.080    2.215    3.020    1.940
    39.73    4.080    2.220    3.015    1.930
    39.80    4.075    2.225    3.005    1.925
    39.86    4.080    2.230    3.000    1.925
    39.93    4.080    2.230    2.990    1.915
    40.00    4.075    2.235    2.990    1.915
    40.06    4.075    2.240    2.975    1.915
    40.13    4.075    2.240    2.980    1.910
    40.19    4.075    2.245    2.970    1.905
    40.26    4.075    2.245    2.970    1.905
    40.33    4.075    2.245    2.965    1.900
    40.39    4.075    2.245    2.970    1.900
    40.46    4.075    2.250    2.965    1.900
    40.52    4.075    2.250    2.970    1.900
    40.59    4.075    2.250    2.965    1.900
    40.66    4.075    2.250    2.965    1.900
    40.72    4.075    2.255    2.960    1.900
    40.79    4.075    2.250    2.965    1.905
    40.85    4.075    2.255    2.960    1.895
    40.92    4.075    2.250    2.960    1.900
    40.99    4.075    2.260    2.950    1.895
    41.05    4.075    2.255    2.960    1.900
    41.12    4.075    2.255    2.955    1.895
    41.18    4.075    2.255    2.960    1.900
    41.25    4.075    2.260    2.955    1.890
    41.32    4.075    2.260    2.960    1.895
    41.38    4.080    2.260    2.955    1.895
    41.45    4.075    2.260    2.955    1.895
    41.51    4.075    2.260    2.950    1.895
    41.58    4.075    2.255    2.960    1.895
    41.65    4.075    2.260    2.950    1.895
    41.71    0.000    0.000    0.000    0.000

