Data export from TecQuipment CE2000

Data series 1

    Time    Squar    veloc    Vmoto    error 
     0.00    4.080    4.075    4.615    0.080
     0.07    4.080    4.110    4.265    0.045
     0.13    4.080    4.095    4.230    0.060
     0.20    4.080    4.095    4.225    0.065
     0.26    4.080    4.095    4.225    0.060
     0.33    4.080    4.095    4.225    0.060
     0.40    4.080    4.095    4.210    0.060
     0.46    4.075    4.095    4.215    0.060
     0.53    4.075    4.095    4.230    0.065
     0.59    4.075    4.085    4.235    0.065
     0.66    4.080    4.090    4.245    0.065
     0.73    4.080    4.090    4.250    0.065
     0.79    4.080    4.095    4.235    0.065
     0.86    4.075    4.090    4.235    0.060
     0.92    4.075    4.090    4.225    0.060
     0.99    4.080    4.090    4.220    0.065
     1.06    4.075    4.090    4.225    0.060
     1.12    4.080    4.090    4.225    0.060
     1.19    4.075    4.090    4.235    0.060
     1.25    4.080    4.090    4.235    0.060
     1.32    4.075    4.090    4.245    0.065
     1.39    4.080    4.090    4.245    0.065
     1.45    4.075    4.090    4.245    0.065
     1.52    4.080    4.090    4.250    0.065
     1.58    4.080    4.095    4.235    0.065
     1.65    4.080    4.095    4.225    0.060
     1.72    4.080    4.095    4.225    0.065
     1.78    4.080    4.095    4.225    0.060
     1.85    4.080    4.095    4.230    0.060
     1.91    4.080    4.095    4.225    0.065
     1.98    4.080    4.095    4.240    0.060
     2.05    4.080    4.090    4.240    0.065
     2.11    4.080    4.090    4.245    0.065
     2.18    4.080    4.090    4.245    0.065
     2.24    4.080    4.095    4.240    0.065
     2.31    4.080    4.095    4.230    0.065
     2.38    4.080    4.095    4.225    0.065
     2.44    4.075    4.090    4.225    0.060
     2.51    4.080    4.095    4.225    0.065
     2.57    4.080    4.090    4.230    0.065
     2.64    4.080    4.090    4.230    0.060
     2.71    4.080    4.090    4.225    0.065
     2.77    4.080    4.090    4.240    0.065
     2.84    4.080    4.090    4.245    0.065
     2.90    4.080    4.085    4.240    0.065
     2.97    4.075    4.090    4.230    0.065
     3.04    4.075    4.090    4.225    0.065
     3.10    4.075    4.090    4.220    0.065
     3.17    4.080    4.090    4.220    0.065
     3.23    4.075    4.090    4.225    0.060
     3.30    4.075    4.090    4.225    0.065
     3.37    4.080    4.090    4.230    0.065
     3.43    4.080    4.090    4.235    0.065
     3.50    4.080    4.090    4.245    0.065
     3.56    4.080    4.090    4.255    0.070
     3.63    4.080    4.090    4.240    0.065
     3.70    4.080    4.095    4.230    0.065
     3.76    4.080    4.090    4.235    0.065
     3.83    4.080    4.090    4.230    0.060
     3.89    4.080    4.090    4.225    0.065
     3.96    4.080    4.090    4.225    0.065
     4.03    4.080    4.090    4.235    0.065
     4.09    4.080    4.095    4.235    0.065
     4.16    4.080    4.090    4.240    0.065
     4.22    4.080    4.090    4.245    0.065
     4.29    4.080    4.090    4.250    0.065
     4.36    4.080    4.090    4.235    0.065
     4.42    4.080    4.095    4.230    0.065
     4.49    4.080    4.095    4.225    0.065
     4.55    4.085    4.095    4.220    0.065
     4.62    4.080    4.090    4.225    0.060
     4.69    4.080    4.090    4.225    0.060
     4.75    4.075    4.095    4.225    0.065
     4.82    4.080    4.090    4.235    0.065
     4.88    4.080    4.090    4.240    0.065
     4.95    4.080    4.090    4.230    0.065
     5.02    4.075    4.090    4.235    0.060
     5.08    4.080    4.090    4.230    0.065
     5.15    4.080    4.095    4.225    0.060
     5.21    2.680    4.010   38.615   -1.280
     5.28    2.130    3.405  100.000   -1.235
     5.35    2.125    2.705   -2.780   -0.525
     5.41    2.125    2.340    0.785   -0.155
     5.48    2.125    2.220    1.965   -0.030
     5.54    2.125    2.195    2.220   -0.005
     5.61    2.130    2.180    2.300    0.005
     5.68    2.130    2.185    2.290    0.005
     5.74    2.125    2.175    2.320    0.010
     5.81    2.125    2.175    2.295    0.010
     5.87    2.125    2.175    2.315    0.020
     5.94    2.130    2.175    2.305    0.015
     6.01    2.130    2.170    2.325    0.020
     6.07    2.125    2.170    2.325    0.020
     6.14    2.125    2.170    2.310    0.025
     6.20    2.130    2.170    2.315    0.025
     6.27    2.125    2.170    2.300    0.025
     6.34    2.130    2.165    2.310    0.025
     6.40    2.130    2.165    2.295    0.025
     6.47    2.130    2.160    2.315    0.025
     6.53    2.130    2.165    2.285    0.030
     6.60    2.130    2.160    2.310    0.035
     6.67    2.130    2.160    2.280    0.025
     6.73    2.130    2.160    2.315    0.035
     6.80    2.130    2.165    2.285    0.030
     6.86    2.130    2.160    2.315    0.035
     6.93    2.130    2.160    2.285    0.035
     7.00    2.130    2.160    2.310    0.035
     7.06    2.130    2.155    2.300    0.035
     7.13    2.125    2.150    2.310    0.035
     7.19    2.130    2.150    2.300    0.040
     7.26    2.130    2.155    2.285    0.035
     7.33    2.130    2.150    2.285    0.040
     7.39    2.125    2.150    2.290    0.040
     7.46    2.125    2.150    2.295    0.040
     7.52    2.130    2.145    2.280    0.040
     7.59    2.130    2.150    2.295    0.040
     7.66    2.125    2.150    2.270    0.040
     7.72    2.130    2.145    2.300    0.045
     7.79    2.125    2.145    2.275    0.040
     7.85    2.125    2.145    2.305    0.050
     7.92    2.130    2.145    2.270    0.045
     7.99    2.130    2.140    2.295    0.045
     8.05    2.125    2.140    2.280    0.045
     8.12    2.130    2.140    2.300    0.050
     8.18    2.125    2.145    2.290    0.050
     8.25    2.125    2.140    2.305    0.050
     8.32    2.125    2.140    2.315    0.050
     8.38    2.130    2.140    2.310    0.050
     8.45    2.130    2.140    2.310    0.050
     8.51    2.130    2.140    2.295    0.050
     8.58    2.130    2.140    2.305    0.050
     8.65    2.130    2.140    2.280    0.050
     8.71    2.130    2.140    2.305    0.050
     8.78    2.125    2.140    2.275    0.050
     8.84    2.130    2.140    2.305    0.050
     8.91    2.130    2.145    2.270    0.045
     8.98    2.125    2.140    2.300    0.050
     9.04    2.130    2.140    2.270    0.050
     9.11    2.130    2.140    2.295    0.055
     9.17    2.130    2.140    2.280    0.050
     9.24    2.130    2.140    2.300    0.055
     9.31    2.130    2.140    2.280    0.055
     9.37    2.130    2.140    2.280    0.055
     9.44    2.130    2.135    2.290    0.050
     9.50    2.125    2.140    2.265    0.050
     9.57    2.125    2.135    2.285    0.055
     9.64    2.130    2.135    2.275    0.055
     9.70    2.130    2.135    2.305    0.055
     9.77    2.130    2.135    2.280    0.055
     9.83    2.125    2.130    2.305    0.055
     9.90    2.130    2.135    2.275    0.055
     9.97    2.130    2.130    2.300    0.055
    10.03    2.125    2.135    2.270    0.055
    10.10    2.130    2.130    2.295    0.055
    10.16    2.125    2.135    2.275    0.055
    10.23    2.130    2.135    2.290    0.060
    10.30    2.125    2.135    2.270    0.055
    10.36    2.130    2.130    2.285    0.055
    10.43    2.130    2.130    2.285    0.055
    10.49    2.130    2.135    2.285    0.055
    10.56    2.125    2.135    2.300    0.060
    10.63    2.130    2.135    2.295    0.055
    10.69    2.130    2.130    2.315    0.060
    10.76    2.125    2.135    2.285    0.055
    10.82    2.130    2.130    2.320    0.060
    10.89    2.130    2.135    2.295    0.060
    10.96    2.130    2.130    2.310    0.060
    11.02    2.130    2.135    2.285    0.060
    11.09    2.130    2.130    2.300    0.055
    11.15    2.130    2.135    2.275    0.055
    11.22    2.130    2.135    2.285    0.060
    11.29    2.130    2.135    2.280    0.055
    11.35    2.130    2.135    2.280    0.055
    11.42    2.130    2.130    2.285    0.060
    11.48    2.130    2.135    2.275    0.055
    11.55    2.130    2.130    2.290    0.060
    11.62    2.130    2.135    2.275    0.060
    11.68    2.130    2.135    2.295    0.060
    11.75    2.130    2.135    2.265    0.055
    11.81    2.125    2.130    2.285    0.060
    11.88    2.125    2.135    2.260    0.055
    11.95    2.125    2.130    2.295    0.060
    12.01    2.125    2.130    2.270    0.060
    12.08    2.130    2.125    2.300    0.060
    12.14    2.125    2.130    2.290    0.060
    12.21    2.125    2.130    2.300    0.060
    12.28    2.125    2.130    2.285    0.060
    12.34    2.130    2.130    2.285    0.060
    12.41    2.125    2.130    2.290    0.060
    12.47    2.125    2.130    2.275    0.060
    12.54    2.130    2.135    2.295    0.060
    12.61    2.130    2.135    2.275    0.060
    12.67    2.125    2.130    2.305    0.060
    12.74    2.125    2.135    2.265    0.060
    12.80    2.125    2.130    2.295    0.065
    12.87    2.130    2.130    2.280    0.060
    12.94    2.130    2.130    2.305    0.060
    13.00    2.130    2.130    2.280    0.060
    13.07    2.130    2.130    2.305    0.060
    13.13    2.130    2.135    2.290    0.060
    13.20    2.125    2.130    2.300    0.060
    13.27    2.130    2.135    2.300    0.060
    13.33    2.130    2.135    2.295    0.060
    13.40    2.130    2.130    2.295    0.060
    13.46    2.130    2.130    2.280    0.060
    13.53    2.130    2.135    2.295    0.060
    13.60    2.130    2.135    2.270    0.055
    13.66    2.130    2.130    2.295    0.060
    13.73    2.130    2.135    2.265    0.055
    13.79    2.125    2.130    2.290    0.060
    13.86    2.130    2.135    2.270    0.055
    13.93    2.130    2.130    2.290    0.060
    13.99    2.130    2.135    2.270    0.060
    14.06    2.125    2.130    2.280    0.060
    14.12    2.125    2.130    2.270    0.060
    14.19    2.125    2.130    2.285    0.060
    14.26    2.125    2.130    2.280    0.060
    14.32    2.130    2.130    2.285    0.060
    14.39    2.125    2.130    2.305    0.060
    14.45    2.130    2.130    2.280    0.060
    14.52    2.130    2.125    2.310    0.060
    14.59    2.125    2.130    2.285    0.060
    14.65    2.125    2.130    2.310    0.060
    14.72    2.125    2.130    2.280    0.060
    14.78    2.125    2.125    2.300    0.060
    14.85    2.125    2.130    2.270    0.055
    14.92    2.130    2.130    2.295    0.065
    14.98    2.130    2.135    2.265    0.060
    15.05    2.130    2.130    2.290    0.060
    15.11    3.885    2.215    9.625    1.765
    15.18    4.080    2.575   10.235    1.600
    15.25    4.080    2.975   10.235    1.195
    15.31    4.075    3.350   10.220    0.825
    15.38    4.080    3.700    8.295    0.465
    15.44    4.080    3.970    5.700    0.190
    15.51    4.080    4.075    4.630    0.080
    15.58    4.080    4.105    4.340    0.055
    15.64    4.080    4.110    4.265    0.045
    15.71    4.080    4.110    4.250    0.045
    15.77    4.080    4.110    4.235    0.045
    15.84    4.080    4.110    4.230    0.045
    15.91    4.080    4.110    4.235    0.045
    15.97    4.080    4.110    4.230    0.045
    16.04    4.080    4.110    4.235    0.045
    16.10    4.080    4.105    4.240    0.050
    16.17    4.080    4.110    4.240    0.050
    16.24    4.080    4.105    4.245    0.050
    16.30    4.080    4.105    4.245    0.050
    16.37    4.075    4.100    4.230    0.050
    16.43    4.075    4.105    4.230    0.055
    16.50    4.075    4.105    4.230    0.050
    16.57    4.075    4.105    4.225    0.055
    16.63    4.080    4.105    4.225    0.050
    16.70    4.080    4.100    4.230    0.055
    16.76    4.075    4.100    4.230    0.050
    16.83    4.075    4.100    4.235    0.055
    16.90    4.075    4.100    4.240    0.055
    16.96    4.075    4.100    4.245    0.055
    17.03    4.075    4.095    4.250    0.055
    17.09    4.075    4.095    4.245    0.060
    17.16    4.080    4.100    4.230    0.055
    17.23    4.080    4.100    4.225    0.055
    17.29    4.075    4.100    4.225    0.055
    17.36    4.080    4.100    4.230    0.055
    17.42    4.080    4.095    4.245    0.055
    17.49    4.080    4.100    4.250    0.060
    17.56    4.080    4.100    4.245    0.060
    17.62    4.080    4.100    4.245    0.060
    17.69    4.080    4.095    4.250    0.060
    17.75    4.080    4.100    4.240    0.060
    17.82    4.080    4.095    4.235    0.060
    17.89    4.080    4.100    4.230    0.055
    17.95    4.080    4.095    4.225    0.055
    18.02    4.080    4.100    4.225    0.060
    18.08    4.080    4.095    4.235    0.060
    18.15    4.080    4.100    4.230    0.060
    18.22    4.080    4.095    4.235    0.060
    18.28    4.080    4.095    4.240    0.060
    18.35    4.075    4.095    4.250    0.060
    18.41    4.080    4.095    4.250    0.060
    18.48    4.080    4.095    4.240    0.060
    18.55    4.080    4.095    4.235    0.060
    18.61    4.080    4.095    4.215    0.060
    18.68    4.080    4.095    4.210    0.060
    18.74    4.075    4.095    4.225    0.060
    18.81    4.080    4.090    4.230    0.060
    18.88    4.075    4.095    4.235    0.060
    18.94    4.080    4.090    4.240    0.060
    19.01    4.075    4.090    4.240    0.065
    19.07    4.080    4.090    4.245    0.060
    19.14    4.075    4.095    4.245    0.060
    19.21    4.075    4.090    4.240    0.060
    19.27    4.080    4.095    4.230    0.060
    19.34    4.075    4.090    4.225    0.060
    19.40    4.080    4.095    4.220    0.060
    19.47    4.080    4.095    4.225    0.060
    19.54    4.075    4.090    4.235    0.065
    19.60    4.075    4.090    4.240    0.065
    19.67    4.080    4.095    4.245    0.065
    19.73    4.080    4.090    4.265    0.065
    19.80    4.080    4.095    4.255    0.065
    19.87    4.080    4.095    4.240    0.060
    19.93    4.080    4.095    4.230    0.060
    20.00    4.080    4.095    4.225    0.065
    20.06    4.080    4.095    4.220    0.060
    20.13    4.080    4.095    4.220    0.060
    20.20    4.080    4.090    4.230    0.060
    20.26    4.080    4.095    4.230    0.065
    20.33    4.080    4.095    4.240    0.060
    20.39    4.080    4.095    4.245    0.065
    20.46    4.075    4.095    4.245    0.065
    20.53    4.080    4.090    4.245    0.065
    20.59    4.080    4.090    4.240    0.065
    20.66    4.080    4.095    4.225    0.060
    20.72    4.080    4.095    4.225    0.060
    20.79    4.080    4.095    4.225    0.060
    20.86    4.080    4.095    4.220    0.060
    20.92    4.075    4.090    4.220    0.060
    20.99    4.080    4.090    4.230    0.065
    21.05    4.080    4.090    4.235    0.065
    21.12    4.080    4.090    4.240    0.060
    21.19    4.075    4.085    4.250    0.065
    21.25    4.080    4.090    4.240    0.065
    21.32    4.080    4.090    4.230    0.060
    21.38    4.080    4.090    4.225    0.065
    21.45    4.075    4.090    4.220    0.060
    21.52    4.080    4.090    4.220    0.065
    21.58    4.080    4.090    4.230    0.065
    21.65    4.080    4.090    4.225    0.065
    21.71    4.080    4.090    4.235    0.065
    21.78    4.080    4.090    4.240    0.065
    21.85    4.080    4.090    4.240    0.065
    21.91    4.080    4.090    4.250    0.065
    21.98    4.080    4.090    4.250    0.065
    22.04    4.080    4.090    4.245    0.065
    22.11    4.080    4.090    4.230    0.065
    22.18    4.080    4.090    4.225    0.065
    22.24    4.080    4.095    4.225    0.065
    22.31    4.080    4.090    4.225    0.065
    22.37    4.080    4.090    4.230    0.065
    22.44    4.080    4.090    4.240    0.065
    22.51    4.075    4.090    4.245    0.065
    22.57    4.080    4.090    4.250    0.065
    22.64    4.080    4.090    4.250    0.065
    22.70    4.080    4.090    4.240    0.065
    22.77    4.080    4.095    4.230    0.065
    22.84    4.080    4.095    4.225    0.065
    22.90    4.080    4.095    4.220    0.065
    22.97    4.080    4.090    4.220    0.065
    23.03    4.080    4.090    4.230    0.065
    23.10    4.080    4.095    4.230    0.065
    23.17    4.080    4.095    4.225    0.060
    23.23    4.080    4.090    4.230    0.065
    23.30    4.080    4.090    4.240    0.065
    23.36    4.075    4.090    4.240    0.065
    23.43    4.075    4.090    4.235    0.065
    23.50    4.080    4.090    4.230    0.065
    23.56    4.080    4.090    4.225    0.065
    23.63    4.080    4.090    4.220    0.060
    23.69    4.075    4.090    4.220    0.060
    23.76    4.080    4.090    4.225    0.065
    23.83    4.080    4.090    4.230    0.065
    23.89    4.080    4.090    4.235    0.065
    23.96    4.075    4.090    4.240    0.065
    24.02    4.080    4.090    4.240    0.065
    24.09    4.080    4.090    4.245    0.065
    24.16    4.075    4.090    4.235    0.065
    24.22    4.080    4.090    4.230    0.065
    24.29    4.080    4.095    4.235    0.065
    24.35    4.080    4.095    4.225    0.060
    24.42    4.080    4.095    4.230    0.065
    24.49    4.080    4.090    4.230    0.065
    24.55    4.080    4.090    4.225    0.065
    24.62    4.080    4.090    4.235    0.065
    24.68    4.080    4.090    4.240    0.065
    24.75    4.080    4.090    4.245    0.065
    24.82    4.080    4.090    4.245    0.065
    24.88    4.080    4.090    4.240    0.065
    24.95    3.925    4.095    3.110   -0.090
    25.01    2.135    3.850  100.000   -1.680
    25.08    2.130    3.135    3.000   -0.960
    25.15    2.125    2.535   -1.060   -0.345
    25.21    2.130    2.280    1.415   -0.090
    25.28    2.125    2.210    2.110   -0.020
    25.34    2.130    2.190    2.270    0.000
    25.41    2.130    2.185    2.295    0.005
    25.48    2.130    2.180    2.290    0.010
    25.54    2.125    2.175    2.295    0.005
    25.61    2.130    2.175    2.310    0.010
    25.67    2.130    2.175    2.295    0.015
    25.74    2.125    2.170    2.325    0.020
    25.81    2.125    2.170    2.305    0.020
    25.87    2.125    2.170    2.325    0.020
    25.94    2.125    2.170    2.295    0.020
    26.00    2.130    2.165    2.320    0.025
    26.07    2.130    2.170    2.285    0.020
    26.14    2.130    2.160    2.320    0.025
    26.20    2.125    2.165    2.285    0.025
    26.27    2.125    2.160    2.315    0.030
    26.33    2.125    2.160    2.290    0.030
    26.40    2.125    2.160    2.305    0.030
    26.47    2.125    2.160    2.280    0.030
    26.53    2.130    2.160    2.305    0.035
    26.60    2.130    2.160    2.295    0.030
    26.66    2.130    2.160    2.295    0.035
    26.73    2.125    2.155    2.300    0.035
    26.80    2.125    2.160    2.295    0.035
    26.86    2.130    2.155    2.305    0.040
    26.93    2.130    2.160    2.290    0.035
    26.99    2.125    2.150    2.310    0.040
    27.06    2.130    2.155    2.285    0.035
    27.13    2.130    2.150    2.315    0.040
    27.19    2.130    2.150    2.280    0.040
    27.26    2.130    2.145    2.310    0.040
    27.32    2.130    2.150    2.275    0.040
    27.39    2.130    2.150    2.300    0.045
    27.46    2.130    2.150    2.280    0.040
    27.52    2.130    2.145    2.300    0.045
    27.59    2.125    2.150    2.280    0.040
    27.65    2.130    2.145    2.295    0.045
    27.72    2.130    2.145    2.270    0.045
    27.79    2.125    2.145    2.280    0.045
    27.85    2.125    2.145    2.290    0.045
    27.92    2.125    2.140    2.285    0.045
    27.98    2.125    2.140    2.305    0.050
    28.05    2.125    2.145    2.285    0.050
    28.12    2.125    2.140    2.310    0.050
    28.18    2.125    2.145    2.280    0.050
    28.25    2.125    2.140    2.315    0.050
    28.31    2.130    2.135    2.290    0.050
    28.38    2.125    2.140    2.315    0.050
    28.45    2.125    2.140    2.285    0.050
    28.51    2.125    2.140    2.300    0.050
    28.58    2.130    2.140    2.280    0.050
    28.64    2.125    2.140    2.295    0.050
    28.71    2.130    2.140    2.275    0.050
    28.78    2.125    2.140    2.280    0.050
    28.84    2.125    2.140    2.300    0.055
    28.91    2.130    2.140    2.285    0.050
    28.97    2.130    2.140    2.290    0.055
    29.04    2.130    2.140    2.270    0.050
    29.11    2.130    2.140    2.295    0.055
    29.17    2.130    2.140    2.270    0.050
    29.24    2.130    2.135    2.300    0.055
    29.30    2.125    2.140    2.275    0.055
    29.37    2.130    2.135    2.305    0.055
    29.44    2.130    2.140    2.280    0.055
    29.50    2.130    2.135    2.305    0.055
    29.57    2.130    2.135    2.275    0.050
    29.63    2.130    2.135    2.300    0.055
    29.70    2.130    2.135    2.280    0.055
    29.77    2.125    2.135    2.280    0.055
    29.83    2.125    2.135    2.280    0.055
    29.90    2.130    2.135    2.280    0.055
    29.96    2.130    2.135    2.280    0.055
    30.03    2.130    2.135    2.250    0.055
    30.10    2.130    2.130    2.290    0.060
    30.16    2.125    2.135    2.270    0.055
    30.23    2.125    2.130    2.305    0.060
    30.29    2.125    2.135    2.270    0.055
    30.36    2.125    2.130    2.300    0.060
    30.43    2.130    2.130    2.285    0.060
    30.49    2.125    2.130    2.310    0.060
    30.56    2.130    2.130    2.290    0.055
    30.62    2.130    2.130    2.310    0.060
    30.69    2.130    2.135    2.290    0.055
    30.76    2.125    2.130    2.295    0.060
    30.82    2.130    2.130    2.290    0.060
    30.89    2.130    2.135    2.280    0.060
    30.95    2.130    2.130    2.285    0.060
    31.02    2.130    2.135    2.270    0.055
    31.09    2.125    2.135    2.305    0.060
    31.15    2.130    2.135    2.275    0.055
    31.22    2.125    2.130    2.300    0.060
    31.28    2.130    2.135    2.265    0.055
    31.35    2.130    2.130    2.295    0.060
    31.42    2.130    2.135    2.265    0.055
    31.48    2.130    2.130    2.300    0.060
    31.55    2.130    2.130    2.275    0.060
    31.61    2.130    2.130    2.295    0.060
    31.68    2.130    2.135    2.285    0.060
    31.75    2.130    2.130    2.290    0.055
    31.81    2.125    2.130    2.295    0.060
    31.88    2.130    2.130    2.295    0.060
    31.94    2.130    2.130    2.300    0.060
    32.01    2.130    2.135    2.275    0.060
    32.08    2.130    2.130    2.295    0.060
    32.14    2.130    2.135    2.270    0.060
    32.21    2.130    2.130    2.300    0.060
    32.27    2.125    2.135    2.255    0.055
    32.34    2.125    2.130    2.290    0.060
    32.41    2.125    2.130    2.265    0.055
    32.47    2.125    2.130    2.295    0.060
    32.54    2.125    2.130    2.270    0.055
    32.60    2.125    2.130    2.290    0.060
    32.67    2.125    2.130    2.290    0.060
    32.74    2.125    2.130    2.290    0.060
    32.80    2.125    2.130    2.295    0.060
    32.87    2.130    2.130    2.280    0.060
    32.93    2.125    2.125    2.300    0.060
    33.00    2.125    2.130    2.290    0.060
    33.07    2.130    2.130    2.300    0.060
    33.13    2.130    2.135    2.275    0.060
    33.20    2.130    2.130    2.295    0.060
    33.26    2.125    2.130    2.265    0.055
    33.33    2.125    2.125    2.300    0.060
    33.40    2.130    2.135    2.275    0.060
    33.46    2.130    2.130    2.300    0.060
    33.53    2.130    2.135    2.270    0.060
    33.59    2.130    2.130    2.285    0.060
    33.66    2.130    2.135    2.280    0.060
    33.73    2.130    2.130    2.285    0.060
    33.79    2.130    2.135    2.290    0.060
    33.86    2.130    2.135    2.275    0.060
    33.92    2.130    2.130    2.300    0.060
    33.99    2.130    2.130    2.280    0.060
    34.06    2.130    2.125    2.310    0.065
    34.12    2.125    2.130    2.285    0.060
    34.19    2.130    2.130    2.315    0.060
    34.25    2.130    2.130    2.285    0.060
    34.32    2.135    2.130    2.310    0.060
    34.39    2.130    2.130    2.280    0.060
    34.45    2.130    2.130    2.300    0.060
    34.52    2.125    2.130    2.270    0.060
    34.58    2.125    2.130    2.270    0.060
    34.65    2.130    2.130    2.270    0.060
    34.72    2.125    2.130    2.280    0.060
    34.78    2.125    2.130    2.285    0.060
    34.85    2.635    2.135    4.500    0.575
    34.91    4.075    2.325   10.235    1.850
    34.98    4.075    2.720   10.235    1.450
    35.05    4.075    3.115   10.235    1.055
    35.11    4.080    3.485    9.865    0.685
    35.18    4.075    3.820    7.130    0.340
    35.24    4.075    4.020    5.140    0.135
    35.31    4.080    4.090    4.465    0.065
    35.38    4.075    4.105    4.295    0.050
    35.44    4.080    4.110    4.250    0.045
    35.51    4.075    4.110    4.240    0.045
    35.57    4.075    4.105    4.230    0.045
    35.64    4.080    4.110    4.245    0.050
    35.71    4.080    4.110    4.245    0.050
    35.77    4.080    4.110    4.240    0.050
    35.84    4.080    4.110    4.240    0.050
    35.90    4.080    4.105    4.235    0.050
    35.97    4.080    4.105    4.240    0.050
    36.04    4.080    4.105    4.240    0.050
    36.10    4.080    4.105    4.240    0.050
    36.17    4.080    4.105    4.235    0.055
    36.23    4.080    4.100    4.235    0.055
    36.30    4.075    4.105    4.230    0.055
    36.37    4.080    4.100    4.230    0.050
    36.43    4.080    4.100    4.235    0.050
    36.50    4.080    4.100    4.240    0.055
    36.56    4.080    4.100    4.240    0.055
    36.63    4.080    4.100    4.245    0.055
    36.70    4.080    4.100    4.240    0.055
    36.76    4.080    4.100    4.240    0.055
    36.83    4.080    4.100    4.220    0.055
    36.89    4.080    4.100    4.215    0.055
    36.96    4.075    4.095    4.225    0.060
    37.03    4.075    4.100    4.230    0.055
    37.09    4.080    4.095    4.235    0.055
    37.16    4.075    4.095    4.240    0.055
    37.22    4.080    4.095    4.245    0.060
    37.29    4.080    4.100    4.235    0.060
    37.36    4.080    4.095    4.230    0.055
    37.42    4.080    4.095    4.230    0.060
    37.49    4.075    4.095    4.230    0.060
    37.55    4.075    4.095    4.225    0.060
    37.62    4.080    4.095    4.230    0.060
    37.69    4.080    4.095    4.235    0.060
    37.75    4.075    4.090    4.245    0.060
    37.82    4.080    4.095    4.245    0.060
    37.88    4.080    4.095    4.250    0.060
    37.95    4.080    4.095    4.250    0.060
    38.02    4.080    4.095    4.240    0.055
    38.08    4.080    4.095    4.230    0.060
    38.15    4.080    4.095    4.230    0.060
    38.21    4.080    4.095    4.230    0.060
    38.28    4.080    4.095    4.230    0.060
    38.35    4.080    4.100    4.235    0.065
    38.41    4.080    4.095    4.240    0.060
    38.48    4.080    4.090    4.245    0.065
    38.54    4.080    4.095    4.245    0.060
    38.61    4.080    4.095    4.240    0.060
    38.68    4.080    4.095    4.235    0.060
    38.74    4.075    4.095    4.225    0.060
    38.81    4.080    4.095    4.225    0.060
    38.87    4.080    4.095    4.230    0.065
    38.94    4.080    4.095    4.230    0.060
    39.01    4.080    4.095    4.230    0.060
    39.07    4.080    4.095    4.230    0.060
    39.14    4.080    4.095    4.220    0.060
    39.20    4.075    4.095    4.235    0.060
    39.27    4.080    4.090    4.240    0.060
    39.34    4.080    4.090    4.235    0.060
    39.40    4.075    4.090    4.230    0.065
    39.47    4.075    4.095    4.225    0.060
    39.53    4.075    4.095    4.225    0.065
    39.60    4.075    4.095    4.225    0.060
    39.67    4.080    4.090    4.230    0.065
    39.73    4.080    4.090    4.230    0.060
    39.80    4.080    4.095    4.230    0.060
    39.86    4.080    4.090    4.235    0.065
    39.93    4.080    4.095    4.245    0.065
    40.00    4.080    4.090    4.240    0.065
    40.06    4.075    4.090    4.230    0.065
    40.13    4.075    4.095    4.230    0.060
    40.19    4.080    4.090    4.235    0.060
    40.26    4.080    4.090    4.235    0.065
    40.33    4.080    4.095    4.230    0.060
    40.39    4.080    4.090    4.230    0.065
    40.46    4.080    4.095    4.235    0.060
    40.52    4.080    4.095    4.235    0.065
    40.59    4.080    4.095    4.240    0.060
    40.66    4.080    4.090    4.245    0.065
    40.72    4.080    4.095    4.245    0.065
    40.79    4.080    4.095    4.230    0.060
    40.85    4.080    4.095    4.230    0.060
    40.92    4.080    4.095    4.225    0.065
    40.99    4.080    4.095    4.225    0.060
    41.05    4.080    4.095    4.230    0.065
    41.12    4.080    4.090    4.235    0.060
    41.18    4.080    4.095    4.235    0.065
    41.25    4.080    4.090    4.240    0.065
    41.32    4.080    4.090    4.245    0.065
    41.38    4.080    4.090    4.225    0.065
    41.45    4.080    4.090    4.215    0.060
    41.51    4.080    4.090    4.220    0.060
    41.58    4.075    4.090    4.220    0.065
    41.65    4.080    4.090    4.225    0.065
    41.71    4.080    4.090    4.225    0.060
    41.78    4.080    4.090    4.225    0.065
    41.84    4.075    4.090    4.230    0.060
    41.91    4.075    4.090    4.235    0.060
    41.98    4.080    4.090    4.235    0.065
    42.04    4.080    4.090    4.235    0.065
    42.11    4.075    4.090    4.240    0.065
    42.17    4.080    4.090    4.235    0.065
    42.24    4.080    4.090    4.225    0.065
    42.31    4.080    4.090    4.225    0.065
    42.37    4.080    4.090    4.225    0.065
    42.44    4.080    4.095    4.225    0.065
    42.50    4.080    4.090    4.245    0.065
    42.57    4.080    4.090    4.240    0.065
    42.64    4.080    4.090    4.240    0.065
    42.70    4.080    4.090    4.245    0.065
    42.77    4.080    4.095    4.240    0.065
    42.83    4.080    4.095    4.230    0.065
    42.90    4.080    4.090    4.225    0.065
    42.97    4.080    4.090    4.225    0.065
    43.03    4.080    4.095    4.225    0.065
    43.10    4.080    4.090    4.230    0.060
    43.16    4.080    4.090    4.225    0.065
    43.23    4.080    4.095    4.235    0.065
    43.30    4.075    4.090    4.240    0.065
    43.36    4.080    4.090    4.240    0.065
    43.43    4.080    4.090    4.245    0.065
    43.49    4.080    4.090    4.230    0.065
    43.56    4.080    4.095    4.230    0.060
    43.63    4.080    4.090    4.225    0.065
    43.69    4.080    4.095    4.205    0.060
    43.76    4.075    4.090    4.215    0.060
    43.82    4.075    4.090    4.220    0.060
    43.89    4.075    4.090    4.225    0.065
    43.96    4.080    4.090    4.225    0.065
    44.02    4.075    4.090    4.230    0.065
    44.09    4.080    4.090    4.240    0.065
    44.15    4.080    4.090    4.240    0.065
    44.22    4.080    4.090    4.235    0.065
    44.29    4.075    4.090    4.230    0.065
    44.35    4.080    4.090    4.225    0.065
    44.42    4.075    4.090    4.225    0.065
    44.48    4.080    4.090    4.220    0.065
    44.55    4.080    4.090    4.225    0.065
    44.62    4.080    4.095    4.225    0.065
    44.68    4.080    4.090    4.230    0.065
    44.75    3.230    4.070   -1.970   -0.780
    44.81    2.135    3.605  100.000   -1.435
    44.88    2.130    2.875   -4.375   -0.690
    44.95    2.130    2.405    0.195   -0.215
    45.01    2.125    2.240    1.815   -0.050
    45.08    2.130    2.200    2.195   -0.005
    45.14    2.130    2.185    2.295    0.005
    45.21    2.130    2.185    2.285    0.005
    45.28    2.130    2.180    2.310    0.010
    45.34    2.125    2.180    2.285    0.005
    45.41    2.130    2.175    2.310    0.010
    45.47    2.130    2.180    2.285    0.010
    45.54    2.130    2.175    2.315    0.020
    45.61    2.125    2.175    2.285    0.015
    45.67    2.130    2.170    2.310    0.020
    45.74    2.125    2.170    2.290    0.020
    45.80    2.130    2.170    2.305    0.025
    45.87    2.130    2.170    2.290    0.025
    45.94    2.125    2.165    2.290    0.025
    46.00    2.125    2.165    2.295    0.025
    46.07    2.130    2.160    2.300    0.025
    46.13    2.125    2.160    2.305    0.030
    46.20    2.125    2.155    2.300    0.030
    46.27    2.125    2.160    2.305    0.030
    46.33    2.130    2.155    2.285    0.030
    46.40    2.125    2.155    2.305    0.035
    46.46    2.125    2.155    2.285    0.030
    46.53    2.130    2.155    2.305    0.035
    46.60    2.125    2.155    2.275    0.035
    46.66    2.125    2.150    2.310    0.040
    46.73    2.130    2.150    2.280    0.035
    46.79    2.125    2.150    2.310    0.040
    46.86    2.125    2.155    2.285    0.035
    46.93    2.130    2.150    2.310    0.040
    46.99    2.125    2.150    2.295    0.040
    47.06    2.130    2.145    2.320    0.045
    47.12    2.130    2.150    2.305    0.045
    47.19    2.130    2.150    2.305    0.045
    47.26    2.130    2.150    2.310    0.045
    47.32    2.125    2.145    2.310    0.045
    47.39    2.130    2.145    2.315    0.045
    47.45    2.130    2.145    2.295    0.045
    47.52    2.130    2.150    2.310    0.050
    47.59    2.130    2.145    2.285    0.045
    47.65    2.125    2.145    2.305    0.045
    47.72    2.130    2.145    2.270    0.045
    47.78    2.130    2.145    2.300    0.050
    47.85    2.130    2.145    2.275    0.045
    47.92    2.130    2.145    2.295    0.050
    47.98    2.130    2.145    2.270    0.045
    48.05    2.125    2.140    2.300    0.050
    48.11    2.130    2.145    2.280    0.050
    48.18    2.130    2.140    2.290    0.050
    48.25    2.125    2.140    2.275    0.045
    48.31    2.130    2.140    2.280    0.050
    48.38    2.125    2.140    2.290    0.050
    48.44    2.125    2.140    2.280    0.050
    48.51    2.130    2.135    2.305    0.055
    48.58    2.130    2.135    2.285    0.055
    48.64    2.125    2.135    2.300    0.055
    48.71    2.125    2.135    2.270    0.050
    48.77    2.130    2.135    2.295    0.055
    48.84    2.125    2.135    2.270    0.055
    48.91    2.130    2.135    2.295    0.055
    48.97    2.125    2.135    2.265    0.055
    49.04    2.125    2.135    2.295    0.055
    49.10    2.125    2.135    2.280    0.055
    49.17    2.125    2.135    2.290    0.055
    49.24    2.130    2.135    2.285    0.055
    49.30    2.125    2.140    2.290    0.055
    49.37    2.130    2.135    2.300    0.055
    49.43    2.130    2.135    2.285    0.055
    49.50    2.130    2.135    2.300    0.060
    49.57    2.130    2.140    2.285    0.055
    49.63    2.130    2.135    2.315    0.060
    49.70    2.130    2.140    2.290    0.055
    49.76    2.125    2.135    2.315    0.055
    49.83    2.130    2.135    2.280    0.055
    49.90    2.130    2.135    2.310    0.055
    49.96    2.130    2.140    2.275    0.055
    50.03    2.130    2.135    2.295    0.060
    50.09    2.130    2.135    2.275    0.060
    50.16    2.130    2.135    2.285    0.055
    50.23    2.130    2.135    2.285    0.055
    50.29    2.130    2.135    2.285    0.055
    50.36    2.130    2.135    2.285    0.055
    50.42    2.130    2.135    2.270    0.055
    50.49    2.125    2.135    2.280    0.060
    50.56    2.125    2.135    2.260    0.055
    50.62    2.125    2.130    2.295    0.060
    50.69    2.125    2.135    2.270    0.055
    50.75    2.130    2.130    2.300    0.060
    50.82    2.125    2.135    2.270    0.055
    50.89    2.130    2.130    2.300    0.060
    50.95    2.125    2.130    2.280    0.060
    51.02    2.125    2.130    2.305    0.060
    51.08    2.125    2.130    2.275    0.055
    51.15    2.125    2.135    2.285    0.060
    51.22    2.125    2.135    2.290    0.060
    51.28    2.130    2.130    2.290    0.060
    51.35    2.125    2.130    2.280    0.060
    51.41    2.125    2.135    2.275    0.060
    51.48    2.130    2.130    2.295    0.060
    51.55    2.130    2.135    2.275    0.055
    51.61    2.130    2.130    2.310    0.065
    51.68    2.130    2.135    2.280    0.055
    51.74    2.130    2.130    2.305    0.060
    51.81    2.125    2.135    2.275    0.060
    51.88    2.130    2.130    2.305    0.060
    51.94    2.130    2.130    2.285    0.060
    52.01    2.130    2.130    2.310    0.060
    52.07    2.130    2.135    2.300    0.060
    52.14    2.130    2.130    2.300    0.060
    52.21    2.130    2.130    2.295    0.060
    52.27    2.125    2.135    2.295    0.060
    52.34    2.130    2.135    2.290    0.060
    52.40    2.130    2.135    2.275    0.055
    52.47    2.130    2.130    2.290    0.060
    52.54    2.130    2.135    2.275    0.060
    52.60    2.130    2.130    2.290    0.060
    52.67    2.130    2.135    2.260    0.055
    52.73    0.000    0.000    0.000    0.000

