Data export from TecQuipment CE2000

Data series 1

    Time    Squar    veloc    Vmoto    error 
     0.00    4.080    2.350    2.525    1.800
     0.07    4.075    2.350    2.520    1.800
     0.13    4.075    2.360    2.505    1.790
     0.20    4.075    2.360    2.510    1.790
     0.26    4.075    2.360    2.505    1.790
     0.33    4.075    2.365    2.505    1.790
     0.40    4.080    2.360    2.505    1.790
     0.46    4.075    2.360    2.500    1.790
     0.53    4.080    2.360    2.510    1.790
     0.59    4.075    2.365    2.505    1.790
     0.66    4.075    2.360    2.510    1.790
     0.73    4.075    2.365    2.505    1.790
     0.79    4.075    2.360    2.510    1.795
     0.86    4.080    2.360    2.505    1.795
     0.92    4.075    2.360    2.510    1.795
     0.99    4.080    2.360    2.505    1.790
     1.06    4.080    2.360    2.510    1.795
     1.12    4.075    2.360    2.510    1.790
     1.19    4.075    2.360    2.510    1.790
     1.25    4.075    2.360    2.505    1.790
     1.32    4.075    2.360    2.510    1.790
     1.39    4.075    2.365    2.505    1.790
     1.45    4.075    2.360    2.510    1.790
     1.52    4.070    2.365    2.505    1.790
     1.58    4.075    2.365    2.505    1.790
     1.65    4.075    2.360    2.505    1.790
     1.72    4.075    2.360    2.500    1.785
     1.78    4.075    2.365    2.505    1.790
     1.85    4.080    2.360    2.505    1.785
     1.91    4.075    2.360    2.505    1.785
     1.98    4.075    2.360    2.505    1.790
     2.05    4.075    2.360    2.505    1.790
     2.11    4.075    2.360    2.505    1.790
     2.18    4.075    2.360    2.505    1.790
     2.24    4.075    2.360    2.500    1.790
     2.31    4.075    2.360    2.510    1.790
     2.38    4.075    2.360    2.505    1.785
     2.44    4.075    2.360    2.505    1.790
     2.51    4.075    2.365    2.500    1.790
     2.57    4.080    2.360    2.505    1.790
     2.64    4.075    2.365    2.505    1.790
     2.71    4.075    2.360    2.510    1.790
     2.77    4.080    2.365    2.505    1.790
     2.84    4.075    2.360    2.510    1.795
     2.90    4.080    2.360    2.510    1.790
     2.97    4.080    2.360    2.510    1.795
     3.04    4.075    2.360    2.510    1.790
     3.10    4.075    2.360    2.515    1.795
     3.17    4.075    2.360    2.510    1.790
     3.23    4.080    2.360    2.510    1.790
     3.30    4.075    2.360    2.505    1.790
     3.37    4.075    2.360    2.510    1.790
     3.43    4.080    2.365    2.505    1.790
     3.50    4.075    2.365    2.505    1.790
     3.56    4.075    2.365    2.505    1.790
     3.63    3.570    2.360    1.785    1.275
     3.70    2.125    2.280   -0.145   -0.090
     3.76    2.130    2.120    0.080    0.070
     3.83    2.125    1.975    0.290    0.210
     3.89    2.125    1.850    0.460    0.335
     3.96    2.125    1.745    0.605    0.435
     4.03    2.125    1.660    0.730    0.525
     4.09    2.125    1.590    0.830    0.600
     4.16    2.125    1.530    0.910    0.660
     4.22    2.125    1.475    0.990    0.710
     4.29    2.125    1.430    1.050    0.755
     4.36    2.130    1.400    1.095    0.785
     4.42    2.130    1.365    1.140    0.815
     4.49    2.125    1.340    1.175    0.845
     4.55    2.125    1.325    1.200    0.860
     4.62    2.125    1.305    1.225    0.880
     4.69    2.125    1.290    1.245    0.895
     4.75    2.125    1.275    1.270    0.910
     4.82    2.125    1.270    1.280    0.915
     4.88    2.125    1.260    1.295    0.930
     4.95    2.125    1.255    1.305    0.940
     5.02    2.125    1.245    1.315    0.945
     5.08    2.125    1.245    1.320    0.945
     5.15    2.125    1.240    1.325    0.950
     5.21    2.130    1.235    1.335    0.960
     5.28    2.125    1.230    1.340    0.960
     5.35    2.125    1.225    1.340    0.960
     5.41    2.130    1.225    1.345    0.965
     5.48    2.130    1.220    1.350    0.965
     5.54    2.125    1.220    1.350    0.965
     5.61    2.125    1.220    1.345    0.965
     5.68    2.130    1.220    1.355    0.970
     5.74    2.125    1.215    1.355    0.970
     5.81    2.125    1.215    1.355    0.970
     5.87    2.125    1.215    1.360    0.970
     5.94    2.130    1.215    1.360    0.975
     6.01    2.125    1.215    1.365    0.980
     6.07    2.125    1.215    1.355    0.975
     6.14    2.125    1.210    1.360    0.975
     6.20    2.125    1.210    1.360    0.980
     6.27    2.125    1.210    1.365    0.980
     6.34    2.125    1.210    1.365    0.980
     6.40    2.125    1.210    1.360    0.975
     6.47    2.125    1.205    1.365    0.980
     6.53    2.125    1.205    1.365    0.980
     6.60    2.125    1.210    1.360    0.980
     6.67    2.125    1.210    1.365    0.980
     6.73    2.125    1.205    1.365    0.980
     6.80    2.125    1.205    1.365    0.980
     6.86    2.125    1.205    1.360    0.975
     6.93    2.125    1.205    1.365    0.975
     7.00    2.125    1.210    1.365    0.980
     7.06    2.130    1.210    1.360    0.975
     7.13    2.125    1.210    1.360    0.980
     7.19    2.125    1.210    1.365    0.980
     7.26    2.125    1.210    1.365    0.980
     7.33    2.125    1.210    1.365    0.980
     7.39    2.130    1.210    1.360    0.975
     7.46    2.125    1.210    1.360    0.980
     7.52    2.125    1.210    1.365    0.980
     7.59    2.125    1.210    1.365    0.980
     7.66    2.125    1.215    1.360    0.980
     7.72    2.125    1.210    1.365    0.980
     7.79    2.125    1.210    1.365    0.980
     7.85    2.125    1.210    1.365    0.980
     7.92    2.125    1.210    1.360    0.975
     7.99    2.125    1.210    1.365    0.980
     8.05    2.125    1.210    1.370    0.980
     8.12    2.125    1.205    1.365    0.980
     8.18    2.125    1.210    1.365    0.980
     8.25    2.125    1.205    1.370    0.980
     8.32    2.125    1.205    1.365    0.980
     8.38    2.125    1.210    1.365    0.980
     8.45    2.125    1.210    1.360    0.980
     8.51    2.125    1.205    1.365    0.985
     8.58    2.125    1.205    1.365    0.980
     8.65    2.125    1.205    1.365    0.980
     8.71    2.125    1.205    1.365    0.980
     8.78    2.125    1.205    1.370    0.985
     8.84    2.125    1.205    1.370    0.980
     8.91    2.125    1.205    1.365    0.985
     8.98    2.125    1.205    1.365    0.980
     9.04    2.125    1.205    1.365    0.985
     9.11    2.125    1.205    1.370    0.980
     9.17    2.125    1.210    1.365    0.980
     9.24    2.125    1.210    1.365    0.975
     9.31    2.125    1.205    1.365    0.980
     9.37    2.125    1.205    1.370    0.975
     9.44    2.130    1.210    1.365    0.980
     9.50    2.125    1.205    1.365    0.980
     9.57    2.125    1.210    1.365    0.980
     9.64    2.130    1.210    1.365    0.975
     9.70    2.125    1.210    1.365    0.975
     9.77    2.130    1.210    1.365    0.980
     9.83    2.130    1.210    1.365    0.980
     9.90    2.125    1.210    1.360    0.975
     9.97    2.125    1.210    1.360    0.975
    10.03    2.125    1.210    1.365    0.980
    10.10    2.125    1.210    1.365    0.980
    10.16    2.125    1.210    1.360    0.975
    10.23    2.130    1.210    1.360    0.975
    10.30    2.125    1.210    1.365    0.980
    10.36    2.130    1.210    1.365    0.980
    10.43    2.125    1.210    1.360    0.975
    10.49    2.130    1.215    1.360    0.980
    10.56    2.125    1.210    1.365    0.980
    10.63    2.125    1.210    1.365    0.975
    10.69    2.125    1.210    1.360    0.975
    10.76    2.130    1.210    1.360    0.975
    10.82    2.125    1.210    1.365    0.980
    10.89    2.125    1.205    1.365    0.980
    10.96    2.125    1.210    1.360    0.975
    11.02    2.125    1.205    1.365    0.975
    11.09    2.125    1.205    1.365    0.980
    11.15    2.125    1.205    1.365    0.980
    11.22    2.125    1.205    1.365    0.980
    11.29    2.125    1.210    1.365    0.980
    11.35    2.125    1.205    1.365    0.980
    11.42    2.125    1.210    1.365    0.980
    11.48    2.125    1.210    1.360    0.975
    11.55    2.125    1.205    1.365    0.980
    11.62    2.125    1.205    1.365    0.980
    11.68    2.125    1.210    1.360    0.975
    11.75    2.125    1.215    1.365    0.975
    11.81    2.125    1.210    1.365    0.980
    11.88    2.130    1.210    1.365    0.980
    11.95    2.125    1.210    1.360    0.975
    12.01    2.125    1.210    1.360    0.975
    12.08    2.125    1.210    1.360    0.980
    12.14    2.125    1.210    1.360    0.975
    12.21    2.125    1.210    1.360    0.975
    12.28    2.130    1.210    1.360    0.975
    12.34    2.130    1.210    1.360    0.980
    12.41    2.130    1.210    1.365    0.980
    12.47    2.130    1.215    1.360    0.975
    12.54    2.130    1.210    1.360    0.975
    12.61    2.125    1.210    1.365    0.980
    12.67    2.125    1.210    1.365    0.980
    12.74    2.125    1.210    1.360    0.975
    12.80    2.125    1.210    1.365    0.980
    12.87    2.125    1.210    1.365    0.980
    12.94    2.125    1.210    1.365    0.980
    13.00    2.125    1.210    1.360    0.975
    13.07    2.125    1.210    1.360    0.980
    13.13    2.125    1.205    1.365    0.980
    13.20    2.125    1.205    1.365    0.980
    13.27    2.125    1.210    1.360    0.975
    13.33    2.125    1.210    1.365    0.980
    13.40    2.125    1.210    1.365    0.975
    13.46    2.125    1.210    1.365    0.980
    13.53    3.015    1.220    2.615    1.870
    13.60    4.070    1.315    3.970    2.830
    13.66    4.075    1.475    3.750    2.675
    13.73    4.075    1.620    3.545    2.530
    13.79    4.075    1.740    3.380    2.415
    13.86    4.075    1.840    3.240    2.315
    13.93    4.070    1.920    3.120    2.230
    13.99    4.075    1.990    3.030    2.160
    14.06    4.075    2.050    2.945    2.100
    14.12    4.075    2.100    2.875    2.055
    14.19    4.080    2.140    2.820    2.010
    14.26    4.080    2.175    2.770    1.975
    14.32    4.075    2.205    2.725    1.945
    14.39    4.080    2.230    2.695    1.925
    14.45    4.075    2.250    2.665    1.900
    14.52    4.075    2.265    2.640    1.885
    14.59    4.080    2.285    2.620    1.870
    14.65    4.075    2.290    2.605    1.860
    14.72    4.075    2.305    2.590    1.850
    14.78    4.075    2.315    2.575    1.840
    14.85    4.075    2.320    2.565    1.830
    14.92    4.075    2.325    2.555    1.825
    14.98    4.075    2.335    2.545    1.820
    15.05    4.075    2.340    2.540    1.815
    15.11    4.080    2.345    2.530    1.810
    15.18    4.075    2.345    2.525    1.805
    15.25    4.075    2.350    2.520    1.795
    15.31    4.075    2.350    2.520    1.800
    15.38    4.075    2.350    2.515    1.795
    15.44    4.075    2.355    2.515    1.800
    15.51    4.075    2.355    2.515    1.795
    15.58    4.075    2.355    2.515    1.795
    15.64    4.075    2.355    2.510    1.795
    15.71    4.080    2.360    2.515    1.795
    15.77    4.075    2.360    2.510    1.790
    15.84    4.075    2.360    2.510    1.795
    15.91    4.075    2.360    2.505    1.790
    15.97    4.075    2.355    2.510    1.795
    16.04    4.075    2.360    2.505    1.790
    16.10    4.075    2.360    2.510    1.790
    16.17    4.075    2.360    2.505    1.790
    16.24    4.075    2.360    2.510    1.795
    16.30    4.080    2.360    2.505    1.790
    16.37    4.080    2.360    2.510    1.795
    16.43    4.080    2.360    2.510    1.790
    16.50    4.075    2.360    2.510    1.795
    16.57    4.075    2.360    2.510    1.795
    16.63    4.075    2.360    2.510    1.790
    16.70    4.080    2.360    2.510    1.795
    16.76    4.075    2.355    2.510    1.795
    16.83    4.075    2.360    2.515    1.795
    16.90    4.075    2.360    2.510    1.790
    16.96    4.075    2.360    2.510    1.795
    17.03    4.075    2.360    2.505    1.790
    17.09    4.075    2.360    2.510    1.790
    17.16    4.075    2.360    2.505    1.790
    17.23    4.080    2.365    2.505    1.795
    17.29    4.075    2.365    2.505    1.785
    17.36    4.075    2.360    2.510    1.790
    17.42    4.075    2.365    2.500    1.790
    17.49    4.075    2.360    2.505    1.790
    17.56    4.075    2.360    2.505    1.790
    17.62    4.075    2.360    2.510    1.790
    17.69    4.075    2.360    2.505    1.785
    17.75    4.075    2.355    2.505    1.790
    17.82    4.075    2.360    2.510    1.790
    17.89    4.075    2.355    2.510    1.795
    17.95    4.075    2.360    2.510    1.790
    18.02    4.075    2.360    2.510    1.795
    18.08    4.075    2.360    2.505    1.790
    18.15    4.070    2.360    2.510    1.790
    18.22    4.075    2.360    2.510    1.790
    18.28    4.075    2.360    2.505    1.790
    18.35    4.075    2.360    2.505    1.785
    18.41    4.075    2.365    2.505    1.790
    18.48    4.075    2.360    2.505    1.790
    18.55    4.075    2.360    2.510    1.790
    18.61    4.080    2.365    2.505    1.790
    18.68    4.075    2.360    2.505    1.790
    18.74    4.075    2.360    2.510    1.790
    18.81    4.080    2.365    2.510    1.790
    18.88    4.075    2.360    2.510    1.790
    18.94    4.075    2.360    2.510    1.790
    19.01    4.075    2.360    2.510    1.790
    19.07    4.075    2.360    2.505    1.790
    19.14    4.075    2.360    2.510    1.790
    19.21    4.080    2.360    2.510    1.790
    19.27    4.075    2.360    2.510    1.795
    19.34    4.080    2.360    2.505    1.790
    19.40    4.075    2.360    2.505    1.790
    19.47    4.075    2.360    2.505    1.790
    19.54    4.075    2.360    2.510    1.790
    19.60    4.075    2.365    2.505    1.790
    19.67    4.075    2.360    2.510    1.795
    19.73    4.075    2.360    2.505    1.790
    19.80    4.075    2.360    2.510    1.790
    19.87    4.080    2.360    2.510    1.795
    19.93    4.075    2.355    2.510    1.795
    20.00    4.075    2.360    2.510    1.790
    20.06    4.075    2.355    2.515    1.795
    20.13    4.075    2.355    2.505    1.790
    20.20    4.075    2.355    2.505    1.795
    20.26    4.075    2.360    2.505    1.790
    20.33    4.075    2.360    2.510    1.790
    20.39    4.075    2.360    2.505    1.790
    20.46    4.075    2.360    2.505    1.790
    20.53    4.075    2.360    2.505    1.790
    20.59    4.075    2.360    2.505    1.790
    20.66    4.075    2.365    2.505    1.790
    20.72    4.075    2.360    2.510    1.785
    20.79    4.075    2.360    2.505    1.790
    20.86    4.080    2.360    2.510    1.790
    20.92    4.075    2.360    2.510    1.795
    20.99    4.075    2.360    2.510    1.790
    21.05    4.075    2.360    2.510    1.795
    21.12    4.075    2.360    2.510    1.795
    21.19    4.075    2.360    2.510    1.795
    21.25    4.075    2.360    2.510    1.790
    21.32    4.075    2.355    2.510    1.795
    21.38    4.075    2.360    2.510    1.790
    21.45    4.080    2.360    2.510    1.790
    21.52    4.075    2.360    2.510    1.790
    21.58    4.075    2.360    2.510    1.795
    21.65    4.075    2.360    2.505    1.790
    21.71    4.080    2.360    2.510    1.790
    21.78    4.075    2.365    2.505    1.790
    21.85    4.080    2.360    2.510    1.795
    21.91    4.080    2.365    2.505    1.790
    21.98    4.075    2.360    2.505    1.790
    22.04    4.075    2.365    2.505    1.790
    22.11    4.075    2.360    2.505    1.790
    22.18    4.075    2.360    2.505    1.790
    22.24    4.075    2.365    2.510    1.790
    22.31    4.075    2.360    2.505    1.790
    22.37    4.075    2.360    2.505    1.785
    22.44    4.075    2.365    2.505    1.790
    22.51    4.075    2.365    2.505    1.790
    22.57    4.075    2.360    2.505    1.790
    22.64    4.075    2.360    2.510    1.790
    22.70    4.075    2.360    2.505    1.790
    22.77    4.075    2.360    2.505    1.790
    22.84    4.075    2.360    2.505    1.790
    22.90    4.075    2.360    2.505    1.790
    22.97    4.075    2.360    2.510    1.790
    23.03    4.075    2.360    2.510    1.790
    23.10    4.075    2.360    2.510    1.795
    23.17    4.080    2.360    2.515    1.795
    23.23    4.075    2.355    2.515    1.795
    23.30    4.075    2.355    2.510    1.795
    23.36    4.080    2.355    2.515    1.795
    23.43    2.820    2.345    0.740    0.540
    23.50    2.130    2.215   -0.055   -0.030
    23.56    2.130    2.060    0.165    0.125
    23.63    2.130    1.925    0.360    0.265
    23.69    2.130    1.810    0.515    0.380
    23.76    2.125    1.720    0.650    0.470
    23.83    2.130    1.635    0.765    0.550
    23.89    2.130    1.570    0.855    0.615
    23.96    2.130    1.515    0.930    0.675
    24.02    2.130    1.465    1.000    0.720
    24.09    2.130    1.425    1.055    0.760
    24.16    2.125    1.395    1.100    0.790
    24.22    2.130    1.365    1.145    0.825
    24.29    2.125    1.340    1.175    0.850
    24.35    2.125    1.325    1.205    0.865
    24.42    2.125    1.305    1.225    0.885
    24.49    2.125    1.290    1.250    0.900
    24.55    2.125    1.275    1.265    0.910
    24.62    2.125    1.265    1.280    0.920
    24.68    2.125    1.260    1.295    0.930
    24.75    2.125    1.245    1.310    0.940
    24.82    2.125    1.245    1.315    0.945
    24.88    2.125    1.235    1.320    0.950
    24.95    2.125    1.230    1.330    0.955
    25.01    2.125    1.230    1.335    0.960
    25.08    2.125    1.225    1.340    0.960
    25.15    2.125    1.225    1.340    0.965
    25.21    2.125    1.220    1.345    0.965
    25.28    2.125    1.220    1.350    0.970
    25.34    2.130    1.220    1.345    0.970
    25.41    2.125    1.215    1.350    0.970
    25.48    2.125    1.215    1.355    0.975
    25.54    2.125    1.215    1.355    0.970
    25.61    2.125    1.220    1.355    0.970
    25.67    2.125    1.215    1.355    0.970
    25.74    2.130    1.215    1.360    0.975
    25.81    2.125    1.215    1.360    0.975
    25.87    2.125    1.215    1.355    0.975
    25.94    2.125    1.215    1.360    0.975
    26.00    2.130    1.210    1.360    0.975
    26.07    2.130    1.215    1.360    0.975
    26.14    2.125    1.215    1.360    0.975
    26.20    2.125    1.210    1.360    0.975
    26.27    2.125    1.210    1.365    0.980
    26.33    2.130    1.215    1.360    0.975
    26.40    2.125    1.215    1.355    0.975
    26.47    2.125    1.210    1.360    0.980
    26.53    2.125    1.210    1.360    0.980
    26.60    2.125    1.210    1.360    0.975
    26.66    2.125    1.210    1.360    0.975
    26.73    2.125    1.210    1.365    0.975
    26.80    2.125    1.210    1.365    0.975
    26.86    2.125    1.210    1.360    0.980
    26.93    2.125    1.210    1.360    0.975
    26.99    2.125    1.210    1.365    0.980
    27.06    2.125    1.205    1.365    0.980
    27.13    2.125    1.205    1.365    0.975
    27.19    2.125    1.210    1.360    0.980
    27.26    2.125    1.205    1.365    0.980
    27.32    2.125    1.205    1.365    0.980
    27.39    2.125    1.210    1.365    0.980
    27.46    2.125    1.210    1.365    0.980
    27.52    2.125    1.205    1.370    0.980
    27.59    2.125    1.205    1.365    0.980
    27.65    2.130    1.205    1.365    0.980
    27.72    2.130    1.210    1.365    0.980
    27.79    2.130    1.210    1.365    0.980
    27.85    2.125    1.205    1.365    0.980
    27.92    2.125    1.210    1.360    0.980
    27.98    2.125    1.210    1.365    0.980
    28.05    2.130    1.210    1.365    0.980
    28.12    2.130    1.205    1.365    0.980
    28.18    2.130    1.210    1.360    0.975
    28.25    2.130    1.210    1.365    0.980
    28.31    2.130    1.210    1.365    0.980
    28.38    2.130    1.210    1.365    0.980
    28.45    2.125    1.215    1.360    0.975
    28.51    2.130    1.210    1.365    0.980
    28.58    2.125    1.205    1.365    0.980
    28.64    2.125    1.210    1.365    0.975
    28.71    2.125    1.210    1.360    0.980
    28.78    2.130    1.205    1.365    0.985
    28.84    2.130    1.205    1.365    0.980
    28.91    2.125    1.210    1.360    0.980
    28.97    2.120    1.210    1.365    0.975
    29.04    2.125    1.205    1.365    0.980
    29.11    2.125    1.205    1.365    0.980
    29.17    2.125    1.205    1.365    0.980
    29.24    2.125    1.210    1.365    0.975
    29.30    2.125    1.205    1.365    0.980
    29.37    2.125    1.205    1.370    0.980
    29.44    2.130    1.205    1.365    0.980
    29.50    2.125    1.205    1.365    0.980
    29.57    2.125    1.205    1.370    0.985
    29.63    2.125    1.205    1.370    0.980
    29.70    2.125    1.210    1.365    0.980
    29.77    2.130    1.205    1.365    0.980
    29.83    2.125    1.200    1.370    0.985
    29.90    2.125    1.205    1.370    0.980
    29.96    2.125    1.205    1.370    0.985
    30.03    2.125    1.205    1.370    0.980
    30.10    2.130    1.210    1.370    0.985
    30.16    2.125    1.205    1.370    0.985
    30.23    2.125    1.205    1.365    0.975
    30.29    2.130    1.205    1.365    0.980
    30.36    2.125    1.205    1.365    0.980
    30.43    2.125    1.205    1.365    0.980
    30.49    2.125    1.210    1.360    0.980
    30.56    2.130    1.205    1.365    0.980
    30.62    2.125    1.210    1.370    0.980
    30.69    2.125    1.210    1.365    0.980
    30.76    2.125    1.210    1.360    0.975
    30.82    2.125    1.215    1.365    0.980
    30.89    2.125    1.205    1.365    0.980
    30.95    2.125    1.210    1.360    0.980
    31.02    2.125    1.210    1.360    0.975
    31.09    2.125    1.210    1.365    0.980
    31.15    2.125    1.210    1.360    0.975
    31.22    2.125    1.215    1.355    0.975
    31.28    2.125    1.210    1.360    0.975
    31.35    2.125    1.205    1.360    0.980
    31.42    2.125    1.205    1.365    0.980
    31.48    2.125    1.210    1.360    0.975
    31.55    2.125    1.210    1.360    0.975
    31.61    2.125    1.210    1.365    0.980
    31.68    2.125    1.205    1.365    0.980
    31.75    2.125    1.210    1.365    0.975
    31.81    2.125    1.210    1.365    0.980
    31.88    2.125    1.210    1.365    0.980
    31.94    2.125    1.205    1.365    0.980
    32.01    2.125    1.210    1.365    0.980
    32.08    2.125    1.205    1.365    0.975
    32.14    2.125    1.205    1.365    0.980
    32.21    2.125    1.205    1.365    0.980
    32.27    2.130    1.210    1.360    0.980
    32.34    2.130    1.210    1.365    0.980
    32.41    2.130    1.210    1.365    0.980
    32.47    2.130    1.210    1.360    0.980
    32.54    2.130    1.210    1.360    0.975
    32.60    2.125    1.210    1.365    0.980
    32.67    2.130    1.210    1.365    0.980
    32.74    2.125    1.210    1.365    0.980
    32.80    2.130    1.215    1.360    0.980
    32.87    2.130    1.210    1.360    0.980
    32.93    2.125    1.210    1.365    0.980
    33.00    2.125    1.210    1.360    0.975
    33.07    2.130    1.210    1.360    0.970
    33.13    2.125    1.210    1.360    0.980
    33.20    2.125    1.210    1.365    0.980
    33.26    2.125    1.210    1.360    0.975
    33.33    3.765    1.240    3.650    2.605
    33.40    4.075    1.380    3.885    2.770
    33.46    4.075    1.535    3.660    2.615
    33.53    4.070    1.670    3.480    2.480
    33.59    4.070    1.775    3.325    2.370
    33.66    4.075    1.870    3.190    2.280
    33.73    4.075    1.950    3.085    2.200
    33.79    4.075    2.015    2.995    2.140
    33.86    4.075    2.070    2.915    2.080
    33.92    4.075    2.115    2.850    2.035
    33.99    4.075    2.155    2.795    1.995
    34.06    4.075    2.185    2.750    1.960
    34.12    4.075    2.220    2.705    1.935
    34.19    4.075    2.240    2.675    1.910
    34.25    4.075    2.260    2.645    1.890
    34.32    4.075    2.275    2.630    1.875
    34.39    4.075    2.290    2.605    1.860
    34.45    4.080    2.300    2.590    1.850
    34.52    4.075    2.310    2.575    1.845
    34.58    4.080    2.310    2.570    1.835
    34.65    4.080    2.325    2.560    1.825
    34.72    4.075    2.330    2.555    1.825
    34.78    4.080    2.335    2.545    1.820
    34.85    4.075    2.335    2.540    1.820
    34.91    4.080    2.340    2.535    1.810
    34.98    4.080    2.340    2.535    1.810
    35.05    4.075    2.345    2.525    1.805
    35.11    4.080    2.350    2.525    1.800
    35.18    4.075    2.355    2.520    1.800
    35.24    4.075    2.350    2.520    1.800
    35.31    4.075    2.355    2.515    1.795
    35.38    4.075    2.360    2.515    1.795
    35.44    4.080    2.355    2.510    1.795
    35.51    4.075    2.355    2.510    1.795
    35.57    4.080    2.360    2.510    1.790
    35.64    4.075    2.360    2.510    1.790
    35.71    4.075    2.360    2.505    1.790
    35.77    4.075    2.360    2.505    1.790
    35.84    4.075    2.360    2.505    1.790
    35.90    4.075    2.360    2.510    1.790
    35.97    4.075    2.355    2.510    1.795
    36.04    4.075    2.360    2.505    1.790
    36.10    4.075    2.360    2.505    1.795
    36.17    4.075    2.360    2.505    1.790
    36.23    4.075    2.360    2.510    1.790
    36.30    4.075    2.360    2.505    1.790
    36.37    4.075    2.360    2.505    1.790
    36.43    4.075    2.365    2.500    1.790
    36.50    4.075    2.360    2.505    1.790
    36.56    4.075    2.365    2.505    1.790
    36.63    4.075    2.360    2.505    1.790
    36.70    4.075    2.360    2.505    1.785
    36.76    4.075    2.360    2.510    1.795
    36.83    4.075    2.360    2.510    1.795
    36.89    4.075    2.360    2.515    1.795
    36.96    4.080    2.360    2.510    1.790
    37.03    4.075    2.360    2.510    1.790
    37.09    4.075    2.360    2.510    1.790
    37.16    4.075    2.355    2.510    1.795
    37.22    4.075    2.360    2.510    1.790
    37.29    4.075    2.360    2.505    1.790
    37.36    4.080    2.360    2.505    1.790
    37.42    4.080    2.365    2.505    1.790
    37.49    4.075    2.365    2.505    1.790
    37.55    4.075    2.360    2.505    1.790
    37.62    4.080    2.365    2.505    1.790
    37.69    4.075    2.360    2.505    1.790
    37.75    4.075    2.360    2.505    1.790
    37.82    4.075    2.360    2.505    1.790
    37.88    4.075    2.360    2.505    1.790
    37.95    4.075    2.365    2.505    1.790
    38.02    4.075    2.360    2.510    1.790
    38.08    4.075    2.360    2.505    1.790
    38.15    4.075    2.360    2.510    1.790
    38.21    4.075    2.360    2.505    1.790
    38.28    4.075    2.360    2.510    1.790
    38.35    4.075    2.360    2.505    1.790
    38.41    4.075    2.360    2.505    1.790
    38.48    4.075    2.360    2.505    1.790
    38.54    4.075    2.360    2.505    1.790
    38.61    4.075    2.365    2.500    1.790
    38.68    4.075    2.360    2.505    1.790
    38.74    4.075    2.365    2.500    1.785
    38.81    4.075    2.360    2.505    1.790
    38.87    4.075    2.365    2.500    1.785
    38.94    4.075    2.360    2.505    1.790
    39.01    4.075    2.360    2.505    1.790
    39.07    4.080    2.360    2.510    1.790
    39.14    4.075    2.365    2.505    1.790
    39.20    4.075    2.365    2.510    1.790
    39.27    4.080    2.360    2.505    1.790
    39.34    4.075    2.360    2.505    1.790
    39.40    4.075    2.360    2.505    1.790
    39.47    4.075    2.360    2.510    1.790
    39.53    4.075    2.360    2.505    1.790
    39.60    4.075    2.360    2.505    1.790
    39.67    4.080    2.365    2.505    1.790
    39.73    4.075    2.365    2.505    1.790
    39.80    4.075    2.360    2.510    1.790
    39.86    4.075    2.360    2.505    1.790
    39.93    4.075    2.360    2.510    1.795
    40.00    4.075    2.360    2.505    1.790
    40.06    4.075    2.360    2.510    1.790
    40.13    4.075    2.360    2.510    1.790
    40.19    4.075    2.355    2.510    1.795
    40.26    4.075    2.360    2.505    1.790
    40.33    4.075    2.360    2.510    1.790
    40.39    4.075    2.360    2.505    1.790
    40.46    4.075    2.360    2.510    1.790
    40.52    4.070    2.360    2.505    1.790
    40.59    4.075    2.360    2.505    1.790
    40.66    4.075    2.365    2.500    1.785
    40.72    4.075    2.360    2.505    1.790
    40.79    4.075    2.365    2.500    1.790
    40.85    4.075    2.365    2.505    1.790
    40.92    4.075    2.360    2.500    1.785
    40.99    4.075    2.360    2.505    1.790
    41.05    4.075    2.360    2.505    1.785
    41.12    4.075    2.360    2.505    1.790
    41.18    4.075    2.365    2.505    1.785
    41.25    4.075    2.365    2.510    1.790
    41.32    4.075    2.360    2.505    1.790
    41.38    4.075    2.360    2.510    1.790
    41.45    4.075    2.360    2.505    1.790
    41.51    4.075    2.360    2.505    1.790
    41.58    4.080    2.360    2.505    1.790
    41.65    4.075    2.365    2.505    1.790
    41.71    4.075    2.365    2.505    1.790
    41.78    4.075    2.365    2.505    1.790
    41.84    4.075    2.365    2.500    1.790
    41.91    4.080    2.365    2.500    1.790
    41.98    4.075    2.365    2.505    1.790
    42.04    4.080    2.365    2.505    1.790
    42.11    4.075    2.360    2.505    1.795
    42.17    4.075    2.360    2.505    1.790
    42.24    4.080    2.360    2.510    1.795
    42.31    4.075    2.360    2.510    1.790
    42.37    4.075    2.355    2.515    1.795
    42.44    4.075    2.360    2.505    1.790
    42.50    4.075    2.360    2.505    1.795
    42.57    4.075    2.365    2.500    1.790
    42.64    4.075    2.360    2.505    1.790
    42.70    4.075    2.360    2.500    1.785
    42.77    4.075    2.360    2.505    1.790
    42.83    4.075    2.365    2.500    1.785
    42.90    4.075    2.365    2.505    1.790
    42.97    4.075    2.360    2.505    1.785
    43.03    4.075    2.360    2.505    1.790
    43.10    4.075    2.365    2.500    1.790
    43.16    4.005    2.360    2.410    1.720
    43.23    2.140    2.310   -0.175   -0.115
    43.30    2.130    2.155    0.035    0.035
    43.36    2.125    2.005    0.245    0.185
    43.43    2.130    1.875    0.425    0.310
    43.49    2.125    1.770    0.575    0.420
    43.56    2.130    1.675    0.705    0.510
    43.63    2.125    1.600    0.810    0.585
    43.69    2.130    1.545    0.895    0.645
    43.76    2.130    1.490    0.970    0.700
    43.82    2.125    1.440    1.035    0.745
    43.89    2.130    1.410    1.080    0.780
    43.96    2.125    1.380    1.125    0.810
    44.02    0.000    0.000    0.000    0.000

