Data export from TecQuipment CE2000

Data series 1

    Time    Squar    veloc    V_mot    error 
     0.00    4.075    3.410    3.575    0.740
     0.07    4.075    3.410    3.575    0.735
     0.13    2.125    1.760    1.930    0.420
     0.20    2.120    1.765    1.930    0.420
     0.26    2.125    1.760    1.950    0.420
     0.33    2.120    1.760    1.935    0.420
     0.40    2.120    1.760    1.945    0.420
     0.46    2.120    1.760    1.935    0.420
     0.53    2.120    1.765    1.935    0.420
     0.59    2.125    1.760    1.940    0.415
     0.66    2.120    1.765    1.925    0.415
     0.73    2.120    1.765    1.935    0.420
     0.79    2.125    1.760    1.945    0.420
     0.86    2.125    1.765    1.930    0.415
     0.92    2.125    1.765    1.940    0.420
     0.99    2.120    1.765    1.930    0.420
     1.06    2.125    1.765    1.930    0.415
     1.12    2.120    1.765    1.945    0.415
     1.19    2.125    1.765    1.930    0.420
     1.25    2.125    1.765    1.940    0.420
     1.32    2.125    1.765    1.940    0.420
     1.39    2.125    1.765    1.930    0.420
     1.45    2.125    1.760    1.950    0.420
     1.52    2.125    1.765    1.940    0.420
     1.58    2.120    1.760    1.940    0.420
     1.65    2.120    1.765    1.950    0.420
     1.72    2.125    1.765    1.940    0.420
     1.78    2.120    1.760    1.945    0.420
     1.85    2.120    1.760    1.940    0.415
     1.91    2.125    1.765    1.935    0.420
     1.98    2.120    1.765    1.930    0.420
     2.05    2.120    1.765    1.920    0.415
     2.11    2.120    1.765    1.935    0.420
     2.18    2.120    1.765    1.930    0.420
     2.24    2.120    1.760    1.925    0.415
     2.31    2.125    1.760    1.935    0.420
     2.38    2.120    1.765    1.920    0.415
     2.44    2.120    1.765    1.930    0.415
     2.51    2.120    1.760    1.935    0.420
     2.57    2.125    1.765    1.920    0.420
     2.64    2.120    1.760    1.935    0.420
     2.71    2.125    1.765    1.930    0.420
     2.77    2.120    1.760    1.930    0.420
     2.84    2.125    1.765    1.945    0.420
     2.90    2.120    1.760    1.935    0.415
     2.97    2.120    1.760    1.940    0.420
     3.04    2.120    1.760    1.945    0.420
     3.10    2.125    1.765    1.935    0.420
     3.17    2.125    1.760    1.950    0.420
     3.23    2.125    1.765    1.930    0.420
     3.30    2.125    1.765    1.940    0.420
     3.37    2.125    1.765    1.940    0.420
     3.43    2.125    1.765    1.920    0.420
     3.50    2.120    1.765    1.935    0.420
     3.56    2.125    1.765    1.930    0.415
     3.63    2.125    1.765    1.925    0.415
     3.70    2.125    1.765    1.935    0.420
     3.76    2.125    1.765    1.925    0.420
     3.83    2.125    1.765    1.935    0.415
     3.89    2.125    1.765    1.935    0.420
     3.96    2.125    1.765    1.920    0.415
     4.03    2.125    1.765    1.935    0.420
     4.09    2.125    1.765    1.925    0.415
     4.16    2.120    1.765    1.930    0.420
     4.22    2.125    1.760    1.930    0.415
     4.29    2.120    1.765    1.920    0.415
     4.36    2.120    1.760    1.935    0.420
     4.42    2.125    1.760    1.930    0.420
     4.49    2.120    1.765    1.930    0.420
     4.55    2.120    1.760    1.935    0.420
     4.62    2.120    1.765    1.925    0.415
     4.69    2.120    1.765    1.935    0.420
     4.75    2.120    1.760    1.930    0.420
     4.82    2.120    1.765    1.920    0.415
     4.88    2.120    1.765    1.935    0.420
     4.95    2.125    1.765    1.925    0.415
     5.02    2.125    1.765    1.930    0.415
     5.08    2.125    1.765    1.935    0.420
     5.15    2.120    1.765    1.920    0.415
     5.21    2.120    1.765    1.935    0.415
     5.28    2.120    1.765    1.930    0.415
     5.35    2.120    1.760    1.930    0.420
     5.41    2.125    1.760    1.945    0.425
     5.48    2.125    1.765    1.930    0.420
     5.54    2.120    1.765    1.935    0.415
     5.61    2.125    1.760    1.940    0.420
     5.68    2.125    1.765    1.930    0.415
     5.74    2.120    1.760    1.945    0.420
     5.81    2.125    1.765    1.940    0.420
     5.87    2.120    1.765    1.935    0.415
     5.94    2.125    1.760    1.945    0.420
     6.01    2.120    1.765    1.925    0.415
     6.07    2.125    1.765    1.935    0.420
     6.14    2.125    1.765    1.935    0.420
     6.20    2.120    1.765    1.930    0.420
     6.27    2.120    1.760    1.940    0.420
     6.34    2.120    1.765    1.930    0.420
     6.40    2.125    1.765    1.935    0.420
     6.47    2.125    1.765    1.935    0.420
     6.53    2.120    1.765    1.915    0.415
     6.60    2.120    1.765    1.935    0.420
     6.67    2.120    1.765    1.930    0.415
     6.73    2.125    1.765    1.930    0.415
     6.80    2.120    1.760    1.940    0.420
     6.86    2.125    1.765    1.930    0.420
     6.93    2.120    1.765    1.940    0.420
     7.00    2.120    1.760    1.940    0.420
     7.06    2.120    1.760    1.935    0.420
     7.13    2.120    1.760    1.950    0.420
     7.19    2.125    1.765    1.935    0.420
     7.26    2.120    1.760    1.935    0.420
     7.33    2.120    1.760    1.940    0.420
     7.39    2.120    1.765    1.930    0.420
     7.46    2.120    1.760    1.940    0.420
     7.52    2.120    1.760    1.935    0.420
     7.59    2.120    1.765    1.935    0.420
     7.66    2.125    1.760    1.945    0.420
     7.72    2.125    1.765    1.925    0.415
     7.79    2.125    1.760    1.935    0.420
     7.85    2.125    1.765    1.935    0.420
     7.92    2.125    1.765    1.925    0.415
     7.99    2.125    1.760    1.940    0.420
     8.05    2.120    1.765    1.925    0.415
     8.12    2.125    1.765    1.935    0.420
     8.18    2.125    1.765    1.935    0.420
     8.25    2.125    1.765    1.925    0.415
     8.32    3.500    1.810    7.905    1.765
     8.38    4.075    2.160    9.855    2.005
     8.45    4.070    2.580    7.870    1.575
     8.51    4.075    2.920    6.125    1.235
     8.58    4.075    3.125    5.060    1.025
     8.65    4.070    3.245    4.445    0.910
     8.71    4.080    3.310    4.080    0.835
     8.78    4.075    3.355    3.865    0.795
     8.84    4.075    3.375    3.755    0.775
     8.91    4.075    3.385    3.680    0.760
     8.98    4.075    3.400    3.635    0.750
     9.04    4.070    3.405    3.610    0.745
     9.11    4.070    3.405    3.605    0.745
     9.17    4.070    3.405    3.595    0.745
     9.24    4.075    3.405    3.590    0.740
     9.31    4.075    3.405    3.590    0.740
     9.37    4.075    3.405    3.590    0.735
     9.44    4.075    3.410    3.580    0.740
     9.50    4.075    3.410    3.575    0.735
     9.57    4.070    3.410    3.570    0.735
     9.64    4.075    3.410    3.575    0.740
     9.70    4.070    3.410    3.575    0.740
     9.77    4.075    3.410    3.570    0.740
     9.83    4.075    3.415    3.570    0.735
     9.90    4.075    3.410    3.580    0.740
     9.97    4.075    3.410    3.585    0.740
    10.03    4.075    3.410    3.580    0.740
    10.10    4.075    3.410    3.580    0.740
    10.16    4.075    3.410    3.585    0.740
    10.23    4.075    3.410    3.585    0.740
    10.30    4.075    3.410    3.580    0.740
    10.36    4.075    3.415    3.575    0.740
    10.43    4.075    3.410    3.575    0.735
    10.49    4.075    3.410    3.575    0.735
    10.56    4.075    3.410    3.570    0.735
    10.63    4.075    3.410    3.570    0.740
    10.69    4.075    3.415    3.575    0.740
    10.76    4.075    3.410    3.575    0.735
    10.82    4.075    3.415    3.575    0.735
    10.89    4.075    3.410    3.575    0.735
    10.96    4.075    3.410    3.580    0.740
    11.02    4.075    3.410    3.575    0.735
    11.09    4.075    3.410    3.570    0.735
    11.15    4.070    3.410    3.570    0.740
    11.22    4.075    3.410    3.570    0.735
    11.29    4.075    3.405    3.575    0.740
    11.35    4.075    3.410    3.570    0.735
    11.42    4.075    3.415    3.570    0.735
    11.48    4.075    3.410    3.570    0.740
    11.55    4.075    3.410    3.575    0.735
    11.62    4.075    3.410    3.570    0.740
    11.68    4.070    3.415    3.570    0.735
    11.75    4.075    3.410    3.575    0.735
    11.81    4.075    3.410    3.580    0.740
    11.88    4.075    3.410    3.575    0.735
    11.95    4.075    3.410    3.570    0.735
    12.01    4.075    3.410    3.570    0.740
    12.08    4.075    3.405    3.580    0.735
    12.14    4.075    3.410    3.580    0.740
    12.21    4.075    3.410    3.580    0.740
    12.28    4.075    3.410    3.580    0.740
    12.34    4.075    3.410    3.580    0.740
    12.41    4.075    3.410    3.585    0.740
    12.47    4.075    3.410    3.580    0.740
    12.54    4.075    3.410    3.580    0.740
    12.61    4.075    3.410    3.585    0.740
    12.67    4.075    3.410    3.585    0.740
    12.74    4.075    3.410    3.580    0.735
    12.80    4.075    3.410    3.575    0.735
    12.87    4.075    3.410    3.580    0.740
    12.94    4.075    3.410    3.570    0.735
    13.00    4.075    3.410    3.565    0.735
    13.07    4.075    3.410    3.570    0.735
    13.13    4.075    3.415    3.575    0.735
    13.20    4.080    3.410    3.570    0.735
    13.27    4.080    3.410    3.575    0.735
    13.33    4.070    3.410    3.570    0.735
    13.40    4.070    3.410    3.575    0.740
    13.46    4.070    3.405    3.580    0.740
    13.53    4.075    3.410    3.580    0.740
    13.60    4.075    3.410    3.570    0.740
    13.66    4.070    3.410    3.570    0.735
    13.73    4.075    3.410    3.575    0.740
    13.79    4.075    3.410    3.565    0.735
    13.86    4.070    3.410    3.565    0.735
    13.93    4.075    3.410    3.570    0.735
    13.99    4.070    3.410    3.570    0.740
    14.06    4.075    3.410    3.565    0.735
    14.12    4.075    3.410    3.565    0.735
    14.19    4.070    3.410    3.575    0.740
    14.26    4.075    3.405    3.580    0.735
    14.32    4.070    3.410    3.585    0.740
    14.39    4.075    3.405    3.585    0.740
    14.45    4.075    3.410    3.590    0.740
    14.52    4.075    3.410    3.585    0.740
    14.59    4.075    3.410    3.575    0.735
    14.65    4.075    3.415    3.570    0.735
    14.72    4.075    3.410    3.570    0.735
    14.78    4.075    3.410    3.575    0.740
    14.85    4.075    3.410    3.570    0.735
    14.92    4.075    3.410    3.565    0.735
    14.98    4.075    3.415    3.570    0.735
    15.05    4.075    3.410    3.575    0.740
    15.11    4.075    3.410    3.570    0.740
    15.18    4.075    3.410    3.575    0.740
    15.25    4.075    3.410    3.575    0.740
    15.31    4.075    3.410    3.575    0.740
    15.38    4.075    3.410    3.580    0.735
    15.44    4.075    3.410    3.570    0.740
    15.51    4.075    3.415    3.575    0.735
    15.58    4.075    3.410    3.580    0.740
    15.64    4.075    3.410    3.565    0.735
    15.71    4.075    3.410    3.565    0.735
    15.77    4.075    3.405    3.570    0.740
    15.84    4.075    3.410    3.575    0.740
    15.91    4.070    3.405    3.580    0.735
    15.97    4.075    3.410    3.580    0.740
    16.04    4.075    3.405    3.580    0.740
    16.10    4.070    3.410    3.585    0.740
    16.17    4.070    3.405    3.580    0.740
    16.24    4.070    3.410    3.570    0.735
    16.30    4.070    3.410    3.570    0.735
    16.37    4.070    3.410    3.570    0.735
    16.43    4.075    3.410    3.570    0.735
    16.50    4.070    3.410    3.565    0.735
    16.57    4.075    3.410    3.570    0.735
    16.63    4.075    3.405    3.575    0.740
    16.70    4.075    3.410    3.580    0.740
    16.76    4.075    3.410    3.585    0.740
    16.83    4.075    3.410    3.585    0.740
    16.90    4.075    3.405    3.590    0.740
    16.96    4.075    3.405    3.590    0.740
    17.03    4.075    3.410    3.585    0.735
    17.09    4.075    3.410    3.575    0.740
    17.16    4.075    3.410    3.570    0.740
    17.23    4.075    3.410    3.575    0.740
    17.29    4.075    3.415    3.570    0.735
    17.36    4.075    3.410    3.565    0.735
    17.42    4.075    3.415    3.570    0.740
    17.49    4.075    3.410    3.575    0.740
    17.56    4.075    3.410    3.570    0.735
    17.62    4.075    3.415    3.570    0.735
    17.69    4.075    3.410    3.580    0.740
    17.75    4.075    3.410    3.585    0.740
    17.82    4.075    3.410    3.585    0.735
    17.89    4.075    3.410    3.570    0.735
    17.95    4.075    3.410    3.570    0.735
    18.02    4.070    3.410    3.570    0.735
    18.08    4.075    3.410    3.570    0.740
    18.15    4.070    3.410    3.565    0.735
    18.22    2.425    3.310   -4.515   -0.835
    18.28    2.120    2.805   -3.475   -0.630
    18.35    2.125    2.380   -1.260   -0.200
    18.41    2.125    2.115    0.100    0.060
    18.48    2.125    1.970    0.860    0.210
    18.55    2.120    1.885    1.295    0.295
    18.61    2.120    1.835    1.555    0.345
    18.68    2.120    1.805    1.700    0.375
    18.74    2.120    1.790    1.805    0.395
    18.81    2.120    1.775    1.845    0.400
    18.88    2.120    1.775    1.880    0.405
    18.94    2.125    1.770    1.910    0.415
    19.01    2.125    1.770    1.915    0.415
    19.07    2.125    1.765    1.930    0.420
    19.14    2.125    1.765    1.925    0.415
    19.21    2.120    1.765    1.915    0.415
    19.27    2.125    1.765    1.930    0.420
    19.34    2.120    1.770    1.920    0.415
    19.40    2.125    1.765    1.925    0.415
    19.47    2.125    1.765    1.930    0.415
    19.54    2.120    1.765    1.920    0.415
    19.60    2.125    1.765    1.930    0.420
    19.67    2.125    1.765    1.925    0.420
    19.73    2.125    1.765    1.930    0.415
    19.80    2.120    1.765    1.935    0.420
    19.87    2.125    1.765    1.925    0.415
    19.93    2.125    1.765    1.935    0.420
    20.00    2.125    1.765    1.935    0.415
    20.06    2.120    1.765    1.925    0.420
    20.13    2.120    1.765    1.940    0.420
    20.20    2.120    1.765    1.920    0.420
    20.26    2.120    1.760    1.935    0.420
    20.33    2.125    1.765    1.935    0.420
    20.39    2.120    1.765    1.925    0.415
    20.46    2.120    1.760    1.940    0.420
    20.53    2.120    1.765    1.925    0.415
    20.59    2.120    1.765    1.925    0.415
    20.66    2.125    1.765    1.930    0.420
    20.72    2.125    1.765    1.915    0.415
    20.79    2.120    1.760    1.930    0.420
    20.86    2.120    1.765    1.925    0.415
    20.92    2.120    1.765    1.920    0.415
    20.99    2.125    1.765    1.940    0.420
    21.05    2.120    1.765    1.925    0.415
    21.12    2.120    1.765    1.935    0.420
    21.19    2.120    1.765    1.935    0.420
    21.25    2.125    1.765    1.925    0.415
    21.32    2.125    1.760    1.945    0.420
    21.38    2.125    1.760    1.935    0.415
    21.45    2.125    1.765    1.935    0.415
    21.52    2.125    1.765    1.945    0.420
    21.58    2.120    1.765    1.930    0.420
    21.65    2.125    1.765    1.945    0.415
    21.71    2.125    1.765    1.945    0.420
    21.78    2.125    1.765    1.935    0.420
    21.85    2.120    1.760    1.945    0.420
    21.91    2.120    1.765    1.930    0.420
    21.98    2.125    1.765    1.935    0.420
    22.04    2.125    1.765    1.935    0.420
    22.11    2.120    1.765    1.925    0.415
    22.18    2.125    1.760    1.940    0.420
    22.24    2.125    1.765    1.930    0.420
    22.31    2.120    1.765    1.925    0.420
    22.37    2.125    1.765    1.935    0.420
    22.44    2.120    1.765    1.915    0.415
    22.51    2.125    1.765    1.925    0.415
    22.57    2.120    1.765    1.935    0.420
    22.64    2.120    1.765    1.925    0.415
    22.70    2.120    1.760    1.940    0.420
    22.77    2.120    1.765    1.925    0.420
    22.84    2.120    1.760    1.935    0.420
    22.90    2.120    1.760    1.940    0.420
    22.97    2.120    1.765    1.930    0.415
    23.03    2.120    1.760    1.945    0.420
    23.10    2.120    1.760    1.940    0.420
    23.17    2.120    1.760    1.935    0.420
    23.23    2.120    1.760    1.945    0.420
    23.30    2.120    1.760    1.935    0.420
    23.36    2.120    1.760    1.940    0.420
    23.43    2.120    1.760    1.940    0.420
    23.50    2.125    1.765    1.925    0.420
    23.56    2.125    1.760    1.945    0.420
    23.63    2.120    1.765    1.930    0.415
    23.69    2.125    1.770    1.925    0.420
    23.76    2.125    1.765    1.935    0.420
    23.83    2.120    1.765    1.925    0.420
    23.89    2.125    1.765    1.935    0.420
    23.96    2.120    1.765    1.930    0.415
    24.02    2.120    1.765    1.925    0.420
    24.09    2.125    1.765    1.940    0.420
    24.16    2.125    1.765    1.925    0.415
    24.22    2.120    1.765    1.935    0.415
    24.29    2.120    1.765    1.940    0.420
    24.35    2.120    1.765    1.930    0.415
    24.42    2.125    1.765    1.940    0.420
    24.49    2.125    1.765    1.940    0.420
    24.55    2.125    1.765    1.935    0.420
    24.62    2.120    1.760    1.940    0.420
    24.68    2.120    1.765    1.920    0.415
    24.75    2.120    1.765    1.930    0.420
    24.82    2.120    1.765    1.925    0.415
    24.88    2.120    1.765    1.920    0.420
    24.95    2.120    1.765    1.935    0.420
    25.01    2.125    1.765    1.920    0.415
    25.08    2.120    1.765    1.925    0.415
    25.15    2.125    1.765    1.930    0.415
    25.21    2.120    1.765    1.920    0.415
    25.28    2.115    1.765    1.930    0.415
    25.34    2.120    1.765    1.925    0.415
    25.41    2.120    1.765    1.925    0.415
    25.48    2.120    1.760    1.940    0.420
    25.54    2.120    1.765    1.925    0.415
    25.61    2.120    1.760    1.940    0.420
    25.67    2.120    1.760    1.935    0.415
    25.74    2.120    1.765    1.930    0.420
    25.81    2.125    1.760    1.945    0.420
    25.87    2.125    1.760    1.940    0.420
    25.94    2.125    1.765    1.940    0.420
    26.00    2.120    1.760    1.945    0.420
    26.07    2.120    1.765    1.930    0.415
    26.14    2.120    1.765    1.940    0.420
    26.20    2.125    1.765    1.930    0.415
    26.27    2.125    1.765    1.925    0.415
    26.33    2.125    1.765    1.935    0.420
    26.40    2.120    1.765    1.920    0.415
    26.47    2.125    1.765    1.930    0.420
    26.53    2.125    1.765    1.930    0.415
    26.60    2.125    1.765    1.920    0.415
    26.66    2.120    1.765    1.935    0.420
    26.73    2.120    1.765    1.925    0.415
    26.80    2.125    1.765    1.930    0.415
    26.86    2.120    1.765    1.940    0.420
    26.93    2.120    1.765    1.925    0.415
    26.99    2.120    1.765    1.925    0.420
    27.06    2.125    1.765    1.930    0.415
    27.13    2.120    1.760    1.930    0.415
    27.19    2.120    1.760    1.940    0.420
    27.26    2.120    1.760    1.930    0.420
    27.32    2.120    1.765    1.935    0.420
    27.39    2.120    1.765    1.935    0.420
    27.46    2.120    1.765    1.925    0.420
    27.52    2.120    1.760    1.940    0.415
    27.59    2.120    1.765    1.925    0.415
    27.65    2.120    1.765    1.925    0.415
    27.72    2.120    1.765    1.935    0.420
    27.79    2.125    1.765    1.915    0.415
    27.85    2.120    1.765    1.930    0.420
    27.92    2.120    1.765    1.925    0.420
    27.98    2.120    1.765    1.925    0.415
    28.05    2.140    1.760    2.035    0.440
    28.12    4.045    1.880   10.200    2.255
    28.18    4.070    2.285    9.400    1.880
    28.25    4.075    2.690    7.290    1.465
    28.31    4.075    2.990    5.755    1.160
    28.38    4.075    3.165    4.835    0.985
    28.45    4.075    3.270    4.315    0.880
    28.51    4.075    3.325    4.015    0.825
    28.58    4.075    3.360    3.835    0.790
    28.64    4.075    3.380    3.730    0.765
    28.71    4.075    3.395    3.660    0.755
    28.78    4.075    3.400    3.625    0.745
    28.84    4.075    3.410    3.605    0.745
    28.91    4.075    3.410    3.590    0.740
    28.97    4.075    3.410    3.590    0.740
    29.04    4.075    3.410    3.585    0.740
    29.11    4.075    3.405    3.590    0.740
    29.17    4.075    3.410    3.585    0.740
    29.24    4.075    3.410    3.580    0.740
    29.30    4.070    3.410    3.575    0.735
    29.37    4.075    3.410    3.580    0.740
    29.44    4.070    3.405    3.570    0.735
    29.50    4.075    3.410    3.565    0.735
    29.57    4.075    3.410    3.565    0.735
    29.63    4.075    3.410    3.570    0.735
    29.70    4.075    3.410    3.560    0.735
    29.77    4.075    3.410    3.565    0.735
    29.83    4.075    3.410    3.575    0.740
    29.90    4.070    3.410    3.575    0.740
    29.96    4.075    3.410    3.580    0.740
    30.03    4.075    3.410    3.575    0.735
    30.10    4.075    3.410    3.585    0.740
    30.16    4.075    3.405    3.585    0.740
    30.23    4.070    3.410    3.580    0.740
    30.29    4.075    3.410    3.570    0.735
    30.36    4.075    3.410    3.570    0.735
    30.43    4.075    3.410    3.580    0.740
    30.49    4.075    3.410    3.575    0.735
    30.56    4.075    3.415    3.570    0.735
    30.62    4.075    3.410    3.565    0.735
    30.69    4.075    3.410    3.570    0.740
    30.76    4.075    3.410    3.575    0.735
    30.82    4.075    3.410    3.575    0.735
    30.89    4.075    3.410    3.575    0.740
    30.95    4.075    3.410    3.580    0.740
    31.02    4.075    3.410    3.575    0.740
    31.09    4.075    3.410    3.575    0.740
    31.15    4.075    3.410    3.570    0.740
    31.22    4.075    3.410    3.575    0.735
    31.28    4.075    3.410    3.570    0.740
    31.35    4.075    3.410    3.570    0.740
    31.42    4.075    3.410    3.575    0.740
    31.48    4.075    3.410    3.580    0.740
    31.55    4.070    3.410    3.570    0.735
    31.61    4.075    3.410    3.570    0.740
    31.68    4.070    3.410    3.575    0.740
    31.75    4.070    3.410    3.575    0.740
    31.81    4.075    3.410    3.570    0.740
    31.88    4.075    3.410    3.565    0.735
    31.94    4.075    3.410    3.565    0.735
    32.01    4.075    3.405    3.575    0.735
    32.08    4.075    3.415    3.575    0.735
    32.14    4.070    3.410    3.575    0.735
    32.21    4.075    3.410    3.575    0.740
    32.27    4.075    3.410    3.575    0.740
    32.34    4.075    3.410    3.580    0.740
    32.41    4.075    3.405    3.585    0.740
    32.47    4.075    3.410    3.580    0.740
    32.54    4.075    3.410    3.580    0.740
    32.60    4.075    3.410    3.580    0.740
    32.67    4.075    3.410    3.580    0.740
    32.74    4.075    3.415    3.565    0.735
    32.80    4.075    3.410    3.575    0.735
    32.87    4.075    3.410    3.575    0.740
    32.93    4.075    3.415    3.575    0.735
    33.00    4.075    3.415    3.570    0.735
    33.07    4.075    3.410    3.570    0.735
    33.13    4.075    3.410    3.580    0.740
    33.20    4.075    3.410    3.575    0.740
    33.26    4.075    3.410    3.580    0.740
    33.33    4.075    3.410    3.580    0.740
    33.40    4.075    3.405    3.585    0.740
    33.46    4.075    3.410    3.580    0.735
    33.53    4.075    3.410    3.575    0.740
    33.59    4.075    3.410    3.575    0.735
    33.66    4.075    3.410    3.570    0.735
    33.73    4.075    3.410    3.570    0.735
    33.79    4.070    3.410    3.565    0.735
    33.86    4.070    3.410    3.560    0.735
    33.92    4.070    3.410    3.565    0.735
    33.99    4.075    3.410    3.565    0.740
    34.06    4.075    3.410    3.565    0.735
    34.12    4.070    3.410    3.575    0.735
    34.19    4.075    3.405    3.575    0.735
    34.25    4.075    3.410    3.575    0.735
    34.32    4.075    3.410    3.570    0.740
    34.39    4.075    3.410    3.570    0.735
    34.45    4.075    3.410    3.570    0.735
    34.52    4.075    3.410    3.575    0.735
    34.58    4.075    3.410    3.570    0.735
    34.65    4.075    3.410    3.570    0.740
    34.72    4.075    3.410    3.575    0.740
    34.78    4.075    3.410    3.580    0.740
    34.85    4.075    3.410    3.580    0.740
    34.91    4.075    3.405    3.590    0.740
    34.98    4.075    3.410    3.590    0.740
    35.05    4.075    3.410    3.585    0.740
    35.11    4.075    3.410    3.580    0.740
    35.18    4.075    3.410    3.575    0.740
    35.24    4.075    3.415    3.575    0.735
    35.31    4.075    3.410    3.575    0.735
    35.38    4.070    3.415    3.570    0.735
    35.44    4.075    3.415    3.570    0.735
    35.51    4.075    3.410    3.575    0.735
    35.57    4.075    3.410    3.570    0.740
    35.64    4.075    3.410    3.575    0.735
    35.71    4.075    3.410    3.580    0.735
    35.77    4.075    3.410    3.585    0.740
    35.84    4.075    3.410    3.590    0.745
    35.90    4.075    3.410    3.585    0.740
    35.97    4.075    3.410    3.575    0.735
    36.04    4.075    3.415    3.570    0.735
    36.10    4.075    3.415    3.570    0.735
    36.17    4.075    3.415    3.560    0.735
    36.23    4.075    3.410    3.560    0.735
    36.30    4.075    3.410    3.565    0.740
    36.37    4.070    3.410    3.570    0.735
    36.43    4.075    3.410    3.570    0.735
    36.50    4.070    3.410    3.565    0.735
    36.56    4.075    3.410    3.570    0.740
    36.63    4.075    3.410    3.575    0.735
    36.70    4.075    3.410    3.580    0.740
    36.76    4.070    3.410    3.575    0.740
    36.83    4.070    3.410    3.580    0.740
    36.89    4.075    3.410    3.585    0.740
    36.96    4.075    3.405    3.580    0.740
    37.03    4.070    3.410    3.565    0.735
    37.09    4.075    3.410    3.565    0.735
    37.16    4.075    3.410    3.575    0.740
    37.22    4.075    3.410    3.575    0.740
    37.29    4.075    3.410    3.570    0.735
    37.36    4.075    3.410    3.570    0.735
    37.42    4.075    3.410    3.575    0.735
    37.49    4.075    3.415    3.570    0.735
    37.55    4.075    3.410    3.570    0.735
    37.62    4.080    3.410    3.575    0.740
    37.69    4.075    3.410    3.580    0.740
    37.75    4.075    3.410    3.575    0.740
    37.82    4.075    3.410    3.570    0.735
    37.88    4.075    3.410    3.570    0.735
    37.95    3.820    3.410    2.220    0.480
    38.02    2.125    3.195   -5.475   -1.020
    38.08    2.125    2.665   -2.740   -0.490
    38.15    2.125    2.290   -0.780   -0.110
    38.21    2.120    2.070    0.355    0.110
    38.28    2.120    1.940    1.015    0.240
    38.35    2.125    1.870    1.385    0.310
    38.41    2.125    1.830    1.595    0.355
    38.48    2.120    1.800    1.740    0.380
    38.54    2.120    1.790    1.815    0.395
    38.61    2.120    1.775    1.870    0.410
    38.68    2.120    1.770    1.895    0.410
    38.74    2.120    1.770    1.910    0.415
    38.81    2.120    1.765    1.930    0.420
    38.87    2.120    1.765    1.920    0.415
    38.94    2.120    1.765    1.930    0.415
    39.01    2.120    1.760    1.935    0.420
    39.07    2.120    1.765    1.925    0.415
    39.14    2.120    1.760    1.940    0.420
    39.20    2.120    1.765    1.925    0.415
    39.27    2.120    1.765    1.925    0.420
    39.34    2.125    1.765    1.935    0.415
    39.40    2.120    1.765    1.920    0.415
    39.47    2.120    1.765    1.940    0.420
    39.53    2.125    1.765    1.935    0.420
    39.60    2.120    1.765    1.930    0.415
    39.67    2.125    1.765    1.945    0.425
    39.73    2.125    1.765    1.930    0.420
    39.80    2.125    1.765    1.935    0.415
    39.86    2.125    1.760    1.940    0.420
    39.93    2.125    1.765    1.930    0.420
    40.00    2.120    1.765    1.945    0.420
    40.06    2.125    1.765    1.935    0.415
    40.13    2.125    1.765    1.940    0.420
    40.19    2.125    1.765    1.945    0.420
    40.26    2.125    1.765    1.935    0.420
    40.33    2.125    1.765    1.940    0.420
    40.39    2.120    1.765    1.935    0.420
    40.46    2.125    1.765    1.925    0.420
    40.52    2.120    1.765    1.940    0.420
    40.59    2.125    1.770    1.925    0.415
    40.66    2.120    1.765    1.920    0.415
    40.72    2.120    1.765    1.925    0.420
    40.79    2.115    1.765    1.915    0.415
    40.85    2.120    1.765    1.930    0.415
    40.92    2.120    1.765    1.925    0.420
    40.99    2.120    1.765    1.925    0.415
    41.05    2.120    1.760    1.935    0.420
    41.12    2.120    1.765    1.920    0.420
    41.18    2.120    1.765    1.935    0.415
    41.25    2.120    1.760    1.935    0.415
    41.32    2.120    1.765    1.925    0.415
    41.38    2.125    1.765    1.940    0.415
    41.45    2.120    1.765    1.930    0.415
    41.51    2.120    1.765    1.935    0.415
    41.58    2.120    1.760    1.940    0.420
    41.65    2.125    1.765    1.930    0.415
    41.71    2.120    1.760    1.945    0.420
    41.78    2.125    1.765    1.940    0.420
    41.84    2.125    1.765    1.935    0.415
    41.91    2.120    1.765    1.940    0.420
    41.98    2.125    1.765    1.925    0.415
    42.04    2.125    1.765    1.930    0.420
    42.11    2.125    1.770    1.930    0.420
    42.17    2.120    1.765    1.920    0.420
    42.24    2.125    1.765    1.935    0.415
    42.31    2.125    1.765    1.925    0.415
    42.37    2.125    1.765    1.925    0.420
    42.44    2.120    1.765    1.935    0.420
    42.50    2.125    1.765    1.925    0.420
    42.57    2.125    1.765    1.935    0.420
    42.64    2.120    1.765    1.930    0.415
    42.70    2.120    1.765    1.930    0.415
    42.77    2.125    1.760    1.940    0.420
    42.83    2.125    1.760    1.930    0.420
    42.90    2.125    1.765    1.935    0.420
    42.97    2.120    1.760    1.930    0.420
    43.03    2.120    1.765    1.925    0.415
    43.10    2.120    1.765    1.940    0.420
    43.16    2.120    1.765    1.925    0.420
    43.23    2.125    1.765    1.925    0.415
    43.30    2.120    1.760    1.935    0.420
    43.36    2.120    1.770    1.915    0.415
    43.43    2.125    1.760    1.930    0.420
    43.49    2.120    1.765    1.925    0.420
    43.56    2.120    1.765    1.920    0.415
    43.63    2.120    1.765    1.930    0.415
    43.69    2.120    1.765    1.925    0.415
    43.76    2.120    1.765    1.930    0.415
    43.82    2.120    1.765    1.935    0.420
    43.89    2.120    1.765    1.925    0.415
    43.96    2.120    1.760    1.940    0.420
    44.02    2.125    1.760    1.935    0.420
    44.09    2.120    1.765    1.935    0.415
    44.15    2.120    1.760    1.945    0.420
    44.22    2.125    1.765    1.930    0.420
    44.29    2.120    1.765    1.940    0.420
    44.35    2.120    1.765    1.940    0.420
    44.42    2.125    1.765    1.930    0.420
    44.48    2.120    1.765    1.940    0.420
    44.55    2.125    1.765    1.925    0.420
    44.62    2.120    1.765    1.930    0.415
    44.68    2.125    1.765    1.935    0.420
    44.75    2.125    1.765    1.925    0.415
    44.81    2.120    1.765    1.935    0.415
    44.88    2.120    1.765    1.925    0.420
    44.95    2.120    1.765    1.920    0.415
    45.01    2.120    1.765    1.935    0.420
    45.08    2.125    1.765    1.920    0.415
    45.14    2.120    1.765    1.935    0.420
    45.21    2.120    1.765    1.925    0.415
    45.28    2.120    1.765    1.915    0.415
    45.34    2.120    1.760    1.935    0.420
    45.41    2.120    1.765    1.925    0.420
    45.47    2.120    1.765    1.930    0.415
    45.54    2.120    1.765    1.940    0.420
    45.61    2.120    1.765    1.925    0.420
    45.67    2.120    1.760    1.940    0.420
    45.74    2.120    1.760    1.935    0.420
    45.80    2.120    1.765    1.930    0.415
    45.87    2.120    1.765    1.935    0.420
    45.94    2.120    1.765    1.925    0.415
    46.00    2.120    1.760    1.935    0.420
    46.07    2.120    1.765    1.930    0.420
    46.13    2.120    1.765    1.920    0.415
    46.20    2.120    1.760    1.930    0.420
    46.27    2.120    1.765    1.925    0.415
    46.33    2.125    1.765    1.935    0.420
    46.40    2.125    1.765    1.935    0.415
    46.46    2.125    1.770    1.920    0.415
    46.53    2.120    1.765    1.940    0.420
    46.60    2.125    1.765    1.930    0.415
    46.66    2.125    1.765    1.925    0.415
    46.73    2.120    1.765    1.940    0.415
    46.79    2.120    1.765    1.930    0.420
    46.86    2.120    1.765    1.935    0.415
    46.93    2.125    1.760    1.940    0.420
    46.99    2.120    1.770    1.930    0.415
    47.06    2.125    1.760    1.940    0.420
    47.12    2.125    1.760    1.935    0.420
    47.19    2.120    1.765    1.935    0.420
    47.26    2.125    1.760    1.940    0.420
    47.32    2.125    1.765    1.920    0.415
    47.39    2.120    1.760    1.930    0.420
    47.45    2.125    1.765    1.925    0.415
    47.52    2.125    1.765    1.915    0.415
    47.59    2.120    1.760    1.930    0.415
    47.65    2.120    1.765    1.915    0.415
    47.72    2.120    1.765    1.925    0.415
    47.78    2.120    1.765    1.925    0.415
    47.85    2.670    1.770    4.370    0.970
    47.92    4.070    1.980   10.205    2.185
    47.98    4.070    2.410    8.745    1.745
    48.05    4.070    2.795    6.760    1.360
    48.11    4.070    3.050    5.420    1.100
    48.18    4.070    3.205    4.645    0.950
    48.25    4.075    3.285    4.215    0.860
    48.31    4.070    3.335    3.955    0.815
    48.38    4.070    3.365    3.800    0.780
    48.44    4.075    3.385    3.705    0.765
    48.51    4.075    3.395    3.650    0.750
    48.58    4.075    3.405    3.620    0.745
    48.64    4.075    3.405    3.600    0.745
    48.71    4.075    3.410    3.590    0.740
    48.77    4.075    3.410    3.585    0.740
    48.84    4.075    3.410    3.585    0.740
    48.91    4.075    3.410    3.575    0.740
    48.97    4.075    3.410    3.580    0.740
    49.04    4.075    3.410    3.585    0.740
    49.10    4.075    3.410    3.585    0.740
    49.17    4.075    3.410    3.580    0.740
    49.24    4.075    3.410    3.580    0.740
    49.30    4.075    3.410    3.580    0.740
    49.37    4.075    3.410    3.575    0.735
    49.43    4.075    3.415    3.565    0.735
    49.50    4.075    3.410    3.570    0.735
    49.57    4.075    3.410    3.570    0.735
    49.63    4.075    3.410    3.570    0.740
    49.70    4.075    3.410    3.575    0.735
    49.76    4.075    3.415    3.565    0.735
    49.83    4.075    3.410    3.575    0.740
    49.90    4.070    3.410    3.575    0.735
    49.96    4.070    3.405    3.570    0.735
    50.03    4.070    3.410    3.570    0.735
    50.09    4.075    3.410    3.575    0.740
    50.16    4.070    3.410    3.575    0.740
    50.23    4.070    3.410    3.570    0.735
    50.29    4.070    3.410    3.570    0.740
    50.36    4.075    3.410    3.575    0.740
    50.42    4.075    3.405    3.580    0.740
    50.49    4.075    3.405    3.585    0.740
    50.56    4.075    3.405    3.580    0.740
    50.62    4.075    3.410    3.580    0.740
    50.69    4.075    3.410    3.580    0.740
    50.75    4.075    3.410    3.570    0.740
    50.82    4.075    3.410    3.570    0.735
    50.89    4.075    3.410    3.580    0.740
    50.95    4.075    3.410    3.575    0.740
    51.02    4.075    3.410    3.575    0.735
    51.08    4.075    3.410    3.570    0.735
    51.15    4.075    3.410    3.570    0.735
    51.22    4.075    3.410    3.585    0.740
    51.28    0.000    0.000    0.000    0.000

