Data export from TecQuipment CE2000

Data series 1

    Time    Squar    veloc    Vmoto    error 
     0.00    2.130    2.180    2.875    0.015
     0.07    2.130    2.175    2.885    0.020
     0.13    2.130    2.135    2.865    0.055
     0.20    2.125    2.135    2.835    0.050
     0.26    2.130    2.135    2.855    0.055
     0.33    2.130    2.140    2.835    0.050
     0.40    2.130    2.135    2.840    0.055
     0.46    2.125    2.135    2.840    0.055
     0.53    2.125    2.135    2.835    0.055
     0.59    2.125    2.135    2.855    0.055
     0.66    2.130    2.135    2.845    0.055
     0.73    2.130    2.135    2.860    0.060
     0.79    2.130    2.135    2.835    0.055
     0.86    2.130    2.130    2.860    0.060
     0.92    2.125    2.135    2.835    0.055
     0.99    2.130    2.135    2.865    0.055
     1.06    2.125    2.135    2.840    0.055
     1.12    2.130    2.135    2.860    0.055
     1.19    2.130    2.135    2.850    0.060
     1.25    2.130    2.130    2.850    0.060
     1.32    2.125    2.135    2.855    0.060
     1.39    2.130    2.130    2.860    0.055
     1.45    2.130    2.130    2.855    0.060
     1.52    2.130    2.135    2.840    0.060
     1.58    2.130    2.135    2.855    0.060
     1.65    2.125    2.135    2.830    0.060
     1.72    2.130    2.135    2.850    0.060
     1.78    2.130    2.135    2.840    0.060
     1.85    2.125    2.130    2.855    0.060
     1.91    2.125    2.135    2.825    0.060
     1.98    2.130    2.130    2.840    0.060
     2.05    2.130    2.135    2.835    0.060
     2.11    2.130    2.125    2.865    0.060
     2.18    2.125    2.130    2.845    0.060
     2.24    2.130    2.130    2.860    0.060
     2.31    2.125    2.130    2.850    0.060
     2.38    2.125    2.130    2.855    0.060
     2.44    2.125    2.130    2.860    0.060
     2.51    2.130    2.130    2.860    0.060
     2.57    2.130    2.125    2.875    0.065
     2.64    2.125    2.130    2.865    0.060
     2.71    2.125    2.130    2.885    0.065
     2.77    2.130    2.130    2.855    0.060
     2.84    2.125    2.125    2.890    0.065
     2.90    2.130    2.130    2.860    0.060
     2.97    2.125    2.130    2.895    0.065
     3.04    2.130    2.135    2.860    0.060
     3.10    2.130    2.130    2.895    0.060
     3.17    2.130    2.130    2.870    0.060
     3.23    2.130    2.130    2.880    0.065
     3.30    2.130    2.135    2.870    0.065
     3.37    2.130    2.130    2.875    0.060
     3.43    2.130    2.130    2.875    0.060
     3.50    2.130    2.135    2.860    0.060
     3.56    2.130    2.130    2.870    0.060
     3.63    2.130    2.135    2.850    0.060
     3.70    2.130    2.130    2.865    0.060
     3.76    2.130    2.130    2.840    0.060
     3.83    2.130    2.130    2.875    0.065
     3.89    2.130    2.135    2.840    0.060
     3.96    2.130    2.135    2.870    0.060
     4.03    2.130    2.135    2.845    0.060
     4.09    2.130    2.130    2.855    0.060
     4.16    2.125    2.130    2.835    0.060
     4.22    2.130    2.135    2.850    0.060
     4.29    2.125    2.130    2.850    0.065
     4.36    2.130    2.130    2.845    0.060
     4.42    2.125    2.130    2.845    0.055
     4.49    2.125    2.135    2.825    0.060
     4.55    2.125    2.130    2.850    0.065
     4.62    2.130    2.135    2.820    0.060
     4.69    2.125    2.130    2.840    0.060
     4.75    2.130    2.135    2.815    0.060
     4.82    2.125    2.130    2.845    0.060
     4.88    2.465    2.135    4.265    0.400
     4.95    4.075    2.275   10.235    1.895
     5.02    4.075    2.630   10.235    1.540
     5.08    4.075    2.985   10.235    1.185
     5.15    4.075    3.320   10.235    0.850
     5.21    4.080    3.640    9.545    0.530
     5.28    4.080    3.915    6.970    0.245
     5.35    4.080    4.070    5.465    0.090
     5.41    4.075    4.120    4.985    0.040
     5.48    4.080    4.130    4.855    0.030
     5.54    4.080    4.130    4.825    0.030
     5.61    4.075    4.125    4.825    0.030
     5.68    4.080    4.125    4.820    0.030
     5.74    4.080    4.125    4.835    0.035
     5.81    4.080    4.125    4.835    0.035
     5.87    4.080    4.125    4.835    0.035
     5.94    4.080    4.120    4.840    0.035
     6.01    4.080    4.120    4.850    0.040
     6.07    4.080    4.115    4.850    0.040
     6.14    4.075    4.115    4.850    0.045
     6.20    4.080    4.115    4.855    0.040
     6.27    4.080    4.115    4.855    0.045
     6.34    4.080    4.110    4.855    0.045
     6.40    4.080    4.110    4.840    0.045
     6.47    4.080    4.110    4.845    0.045
     6.53    4.075    4.110    4.835    0.045
     6.60    4.080    4.110    4.830    0.045
     6.67    4.080    4.110    4.825    0.045
     6.73    4.080    4.110    4.830    0.045
     6.80    4.075    4.110    4.825    0.045
     6.86    4.080    4.110    4.820    0.045
     6.93    4.075    4.110    4.815    0.050
     7.00    4.080    4.110    4.810    0.050
     7.06    4.080    4.105    4.805    0.045
     7.13    4.075    4.105    4.805    0.050
     7.19    4.075    4.105    4.810    0.050
     7.26    4.080    4.105    4.810    0.050
     7.33    4.080    4.105    4.815    0.050
     7.39    4.080    4.105    4.815    0.050
     7.46    4.075    4.105    4.820    0.050
     7.52    4.080    4.100    4.820    0.055
     7.59    4.080    4.105    4.810    0.050
     7.66    4.080    4.105    4.810    0.055
     7.72    4.080    4.105    4.795    0.055
     7.79    4.080    4.100    4.815    0.055
     7.85    4.080    4.105    4.805    0.055
     7.92    4.075    4.105    4.815    0.055
     7.99    4.080    4.100    4.820    0.060
     8.05    4.080    4.100    4.820    0.055
     8.12    4.080    4.100    4.820    0.055
     8.18    4.080    4.100    4.825    0.060
     8.25    4.080    4.100    4.835    0.055
     8.32    4.080    4.095    4.840    0.060
     8.38    4.080    4.100    4.835    0.060
     8.45    4.080    4.095    4.840    0.060
     8.51    4.080    4.100    4.845    0.060
     8.58    4.080    4.095    4.845    0.060
     8.65    4.080    4.095    4.825    0.055
     8.71    4.080    4.095    4.820    0.060
     8.78    4.075    4.095    4.815    0.060
     8.84    4.080    4.095    4.820    0.060
     8.91    4.080    4.095    4.815    0.060
     8.98    4.080    4.095    4.810    0.065
     9.04    4.075    4.095    4.815    0.060
     9.11    4.075    4.100    4.805    0.060
     9.17    4.080    4.100    4.800    0.060
     9.24    4.080    4.095    4.795    0.060
     9.31    4.080    4.095    4.795    0.060
     9.37    4.080    4.095    4.800    0.060
     9.44    4.075    4.095    4.800    0.060
     9.50    4.080    4.095    4.805    0.065
     9.57    4.080    4.095    4.805    0.060
     9.64    4.080    4.095    4.805    0.060
     9.70    4.080    4.095    4.805    0.065
     9.77    4.080    4.095    4.815    0.060
     9.83    4.080    4.095    4.805    0.060
     9.90    4.080    4.095    4.800    0.060
     9.97    4.080    4.100    4.805    0.060
    10.03    4.080    4.095    4.800    0.060
    10.10    4.080    4.095    4.810    0.060
    10.16    4.080    4.095    4.810    0.065
    10.23    4.080    4.095    4.810    0.065
    10.30    4.080    4.095    4.815    0.060
    10.36    4.080    4.095    4.815    0.065
    10.43    4.080    4.095    4.825    0.060
    10.49    4.080    4.090    4.830    0.065
    10.56    4.080    4.095    4.830    0.065
    10.63    4.080    4.090    4.835    0.065
    10.69    4.085    4.090    4.835    0.065
    10.76    4.080    4.090    4.830    0.065
    10.82    4.080    4.090    4.825    0.065
    10.89    4.080    4.090    4.820    0.065
    10.96    4.080    4.095    4.795    0.065
    11.02    4.080    4.090    4.805    0.065
    11.09    4.075    4.095    4.815    0.065
    11.15    4.075    4.095    4.810    0.065
    11.22    4.075    4.090    4.810    0.065
    11.29    4.075    4.095    4.805    0.060
    11.35    4.080    4.095    4.795    0.065
    11.42    4.080    4.090    4.795    0.060
    11.48    4.080    4.095    4.790    0.065
    11.55    4.075    4.095    4.790    0.065
    11.62    4.075    4.095    4.795    0.060
    11.68    4.075    4.095    4.795    0.065
    11.75    4.075    4.095    4.800    0.060
    11.81    4.080    4.090    4.800    0.065
    11.88    4.075    4.095    4.800    0.060
    11.95    4.080    4.090    4.800    0.065
    12.01    4.080    4.090    4.805    0.065
    12.08    4.080    4.090    4.800    0.065
    12.14    4.080    4.095    4.805    0.065
    12.21    4.080    4.095    4.795    0.065
    12.28    4.080    4.095    4.810    0.065
    12.34    4.080    4.095    4.805    0.065
    12.41    4.080    4.090    4.805    0.065
    12.47    4.080    4.095    4.810    0.060
    12.54    4.080    4.090    4.820    0.065
    12.61    4.080    4.090    4.820    0.065
    12.67    4.080    4.090    4.825    0.070
    12.74    4.080    4.090    4.825    0.065
    12.80    4.080    4.090    4.830    0.070
    12.87    4.075    4.090    4.830    0.070
    12.94    4.080    4.090    4.825    0.070
    13.00    4.080    4.090    4.825    0.065
    13.07    4.080    4.095    4.815    0.065
    13.13    4.080    4.090    4.805    0.065
    13.20    4.080    4.095    4.795    0.065
    13.27    4.075    4.090    4.795    0.065
    13.33    4.080    4.090    4.800    0.065
    13.40    4.075    4.095    4.805    0.065
    13.46    4.080    4.095    4.795    0.065
    13.53    4.080    4.095    4.790    0.060
    13.60    4.075    4.095    4.780    0.065
    13.66    4.075    4.095    4.785    0.060
    13.73    4.080    4.095    4.785    0.065
    13.79    4.075    4.090    4.785    0.065
    13.86    4.080    4.090    4.785    0.065
    13.93    4.075    4.090    4.785    0.060
    13.99    4.080    4.095    4.785    0.065
    14.06    4.080    4.090    4.785    0.060
    14.12    4.075    4.095    4.785    0.060
    14.19    4.080    4.090    4.780    0.065
    14.26    4.080    4.095    4.780    0.065
    14.32    4.080    4.095    4.800    0.065
    14.39    4.080    4.095    4.780    0.065
    14.45    4.080    4.095    4.790    0.065
    14.52    4.080    4.090    4.785    0.065
    14.59    4.080    4.095    4.785    0.065
    14.65    4.080    4.095    4.790    0.065
    14.72    4.080    4.090    4.795    0.065
    14.78    3.405    4.085   -0.130   -0.610
    14.85    2.135    3.660   -9.465   -1.490
    14.92    2.130    2.900   -4.045   -0.720
    14.98    2.130    2.420    0.665   -0.230
    15.05    2.130    2.245    2.340   -0.055
    15.11    2.130    2.205    2.735   -0.010
    15.18    2.130    2.190    2.845    0.000
    15.25    2.130    2.190    2.830    0.005
    15.31    2.130    2.185    2.850    0.005
    15.38    2.125    2.185    2.820    0.005
    15.44    2.130    2.180    2.830    0.010
    15.51    2.125    2.180    2.795    0.005
    15.58    2.130    2.180    2.815    0.010
    15.64    2.125    2.180    2.810    0.010
    15.71    2.125    2.170    2.860    0.020
    15.77    2.130    2.160    2.960    0.030
    15.84    2.125    2.160    2.985    0.035
    15.91    2.125    2.155    3.000    0.035
    15.97    2.130    2.155    2.985    0.035
    16.04    2.125    2.155    2.990    0.035
    16.10    2.125    2.155    2.975    0.035
    16.17    2.125    2.155    2.975    0.035
    16.24    2.125    2.155    2.965    0.035
    16.30    2.125    2.150    2.960    0.035
    16.37    2.130    2.150    2.950    0.035
    16.43    2.130    2.150    2.955    0.040
    16.50    2.130    2.155    2.945    0.040
    16.57    2.130    2.150    2.945    0.040
    16.63    2.130    2.150    2.950    0.040
    16.70    2.130    2.150    2.940    0.040
    16.76    2.130    2.150    2.955    0.045
    16.83    2.130    2.150    2.935    0.045
    16.90    2.130    2.145    2.945    0.040
    16.96    2.130    2.145    2.940    0.045
    17.03    2.130    2.150    2.950    0.045
    17.09    2.130    2.145    2.935    0.045
    17.16    2.130    2.145    2.950    0.045
    17.23    2.130    2.145    2.940    0.050
    17.29    2.130    2.140    2.955    0.045
    17.36    2.130    2.145    2.945    0.050
    17.42    2.130    2.145    2.940    0.050
    17.49    2.130    2.145    2.950    0.050
    17.56    2.130    2.145    2.950    0.050
    17.62    2.130    2.145    2.945    0.050
    17.69    2.130    2.145    2.930    0.050
    17.75    2.125    2.145    2.925    0.050
    17.82    2.125    2.140    2.910    0.045
    17.89    2.125    2.145    2.925    0.050
    17.95    2.125    2.135    2.945    0.050
    18.02    2.125    2.135    2.950    0.055
    18.08    2.125    2.140    2.915    0.050
    18.15    2.125    2.140    2.925    0.050
    18.22    2.130    2.135    2.940    0.050
    18.28    2.125    2.140    2.950    0.055
    18.35    2.130    2.135    2.935    0.050
    18.41    2.130    2.135    2.940    0.055
    18.48    2.130    2.135    2.930    0.055
    18.55    2.125    2.135    2.945    0.055
    18.61    2.125    2.140    2.940    0.055
    18.68    2.130    2.135    2.950    0.055
    18.74    2.130    2.135    2.950    0.060
    18.81    2.125    2.135    2.955    0.055
    18.88    2.130    2.135    2.975    0.060
    18.94    2.130    2.135    2.950    0.055
    19.01    2.130    2.135    2.960    0.060
    19.07    2.130    2.135    2.950    0.060
    19.14    2.125    2.135    2.960    0.055
    19.21    2.130    2.135    2.950    0.055
    19.27    2.130    2.135    2.965    0.060
    19.34    2.130    2.135    2.950    0.055
    19.40    2.130    2.130    2.965    0.060
    19.47    2.130    2.135    2.950    0.060
    19.54    2.130    2.135    2.955    0.055
    19.60    2.130    2.135    2.945    0.055
    19.67    2.130    2.135    2.945    0.060
    19.73    2.130    2.135    2.935    0.055
    19.80    2.130    2.135    2.940    0.060
    19.87    2.130    2.135    2.935    0.055
    19.93    2.125    2.135    2.930    0.060
    20.00    2.130    2.135    2.935    0.060
    20.06    2.125    2.135    2.920    0.055
    20.13    2.125    2.130    2.940    0.060
    20.20    2.125    2.135    2.930    0.055
    20.26    2.130    2.135    2.935    0.055
    20.33    2.125    2.135    2.925    0.055
    20.39    2.125    2.130    2.935    0.060
    20.46    2.125    2.135    2.925    0.055
    20.53    2.130    2.135    2.920    0.055
    20.59    2.125    2.135    2.915    0.055
    20.66    2.125    2.135    2.915    0.060
    20.72    2.125    2.135    2.915    0.060
    20.79    2.130    2.135    2.905    0.055
    20.86    2.125    2.135    2.905    0.055
    20.92    2.130    2.135    2.900    0.055
    20.99    2.130    2.135    2.915    0.060
    21.05    2.130    2.135    2.905    0.060
    21.12    2.130    2.130    2.925    0.060
    21.19    2.130    2.135    2.910    0.060
    21.25    2.130    2.135    2.925    0.060
    21.32    2.125    2.135    2.905    0.055
    21.38    2.130    2.130    2.920    0.060
    21.45    2.130    2.135    2.920    0.060
    21.52    2.130    2.135    2.920    0.060
    21.58    2.130    2.135    2.925    0.060
    21.65    2.130    2.135    2.905    0.060
    21.71    2.130    2.135    2.925    0.060
    21.78    2.130    2.130    2.930    0.060
    21.85    2.130    2.130    2.925    0.060
    21.91    2.130    2.135    2.905    0.060
    21.98    2.125    2.135    2.920    0.060
    22.04    2.130    2.135    2.910    0.060
    22.11    2.130    2.135    2.905    0.060
    22.18    2.130    2.135    2.920    0.060
    22.24    2.130    2.130    2.925    0.060
    22.31    2.130    2.135    2.890    0.060
    22.37    2.125    2.135    2.895    0.060
    22.44    2.125    2.130    2.900    0.060
    22.51    2.130    2.130    2.930    0.060
    22.57    2.125    2.130    2.915    0.060
    22.64    2.130    2.130    2.920    0.060
    22.70    2.125    2.130    2.915    0.060
    22.77    2.125    2.130    2.920    0.060
    22.84    2.125    2.130    2.920    0.065
    22.90    2.125    2.130    2.925    0.060
    22.97    2.125    2.130    2.940    0.060
    23.03    2.125    2.130    2.930    0.060
    23.10    2.125    2.125    2.940    0.060
    23.17    2.125    2.130    2.925    0.060
    23.23    2.125    2.130    2.945    0.065
    23.30    2.125    2.130    2.925    0.060
    23.36    2.125    2.125    2.950    0.065
    23.43    2.135    2.130    2.930    0.060
    23.50    2.130    2.130    2.955    0.065
    23.56    2.130    2.130    2.935    0.065
    23.63    2.130    2.130    2.945    0.065
    23.69    2.130    2.130    2.935    0.060
    23.76    2.130    2.130    2.940    0.060
    23.83    2.130    2.135    2.930    0.060
    23.89    2.130    2.130    2.935    0.060
    23.96    2.130    2.130    2.930    0.060
    24.02    2.130    2.130    2.915    0.060
    24.09    2.130    2.130    2.930    0.060
    24.16    2.130    2.135    2.910    0.060
    24.22    2.130    2.130    2.930    0.060
    24.29    2.130    2.130    2.910    0.060
    24.35    2.130    2.130    2.925    0.060
    24.42    2.130    2.130    2.920    0.060
    24.49    2.130    2.130    2.930    0.060
    24.55    2.130    2.135    2.905    0.060
    24.62    2.125    2.130    2.895    0.055
    24.68    3.155    2.150    6.930    1.085
    24.75    4.075    2.395   10.235    1.780
    24.82    4.075    2.755   10.235    1.420
    24.88    4.075    3.105   10.235    1.070
    24.95    4.075    3.420   10.235    0.745
    25.01    4.075    3.730    8.875    0.435
    25.08    4.075    3.980    6.425    0.185
    25.15    4.080    4.090    5.305    0.065
    25.21    4.080    4.120    4.985    0.035
    25.28    4.080    4.130    4.910    0.025
    25.34    4.075    4.125    4.900    0.025
    25.41    4.080    4.130    4.890    0.030
    25.48    4.075    4.125    4.895    0.030
    25.54    4.080    4.125    4.885    0.030
    25.61    4.080    4.125    4.880    0.030
    25.67    4.080    4.125    4.895    0.030
    25.74    4.080    4.120    4.890    0.035
    25.81    4.080    4.120    4.890    0.035
    25.87    4.080    4.115    4.895    0.040
    25.94    4.080    4.120    4.895    0.035
    26.00    4.080    4.115    4.900    0.040
    26.07    4.080    4.115    4.900    0.045
    26.14    4.080    4.115    4.910    0.045
    26.20    4.080    4.115    4.915    0.045
    26.27    4.080    4.115    4.915    0.045
    26.33    4.080    4.115    4.915    0.045
    26.40    4.080    4.110    4.915    0.045
    26.47    4.080    4.110    4.915    0.050
    26.53    4.080    4.110    4.910    0.050
    26.60    4.080    4.110    4.900    0.045
    26.66    4.085    4.110    4.895    0.045
    26.73    4.080    4.110    4.890    0.050
    26.80    4.080    4.105    4.895    0.050
    26.86    4.080    4.105    4.880    0.045
    26.93    4.080    4.105    4.880    0.050
    26.99    4.080    4.105    4.880    0.050
    27.06    4.080    4.105    4.870    0.050
    27.13    4.075    4.105    4.865    0.050
    27.19    4.075    4.105    4.865    0.050
    27.26    4.075    4.105    4.865    0.055
    27.32    4.080    4.105    4.865    0.050
    27.39    4.080    4.105    4.870    0.050
    27.46    4.080    4.105    4.875    0.050
    27.52    4.075    4.100    4.875    0.050
    27.59    4.075    4.100    4.870    0.055
    27.65    4.075    4.100    4.875    0.055
    27.72    4.080    4.100    4.870    0.055
    27.79    4.075    4.100    4.865    0.055
    27.85    4.080    4.100    4.875    0.055
    27.92    4.080    4.100    4.865    0.055
    27.98    4.080    4.100    4.885    0.055
    28.05    4.080    4.100    4.885    0.060
    28.12    4.080    4.100    4.875    0.060
    28.18    4.080    4.100    4.880    0.060
    28.25    4.080    4.100    4.890    0.060
    28.31    4.080    4.095    4.895    0.055
    28.38    4.080    4.095    4.900    0.060
    28.45    4.075    4.095    4.905    0.060
    28.51    4.080    4.095    4.900    0.060
    28.58    4.080    4.095    4.905    0.060
    28.64    4.080    4.095    4.905    0.065
    28.71    4.080    4.095    4.900    0.060
    28.78    4.080    4.095    4.890    0.060
    28.84    4.080    4.100    4.885    0.060
    28.91    4.080    4.095    4.885    0.060
    28.97    4.080    4.095    4.885    0.060
    29.04    4.080    4.095    4.885    0.060
    29.11    4.080    4.100    4.875    0.060
    29.17    4.075    4.095    4.860    0.060
    29.24    4.075    4.095    4.860    0.060
    29.30    4.080    4.100    4.855    0.060
    29.37    4.080    4.095    4.855    0.060
    29.44    4.080    4.100    4.855    0.060
    29.50    4.075    4.095    4.855    0.060
    29.57    4.080    4.095    4.860    0.060
    29.63    4.075    4.095    4.865    0.060
    29.70    4.080    4.095    4.870    0.060
    29.77    4.075    4.095    4.865    0.060
    29.83    4.075    4.090    4.870    0.060
    29.90    4.075    4.095    4.870    0.065
    29.96    4.080    4.095    4.860    0.060
    30.03    4.080    4.090    4.870    0.060
    30.10    4.075    4.095    4.860    0.060
    30.16    4.080    4.095    4.865    0.065
    30.23    4.080    4.095    4.880    0.065
    30.29    4.080    4.095    4.880    0.065
    30.36    4.080    4.095    4.875    0.065
    30.43    4.080    4.095    4.885    0.065
    30.49    4.080    4.090    4.890    0.065
    30.56    4.080    4.090    4.895    0.065
    30.62    4.080    4.090    4.895    0.065
    30.69    4.080    4.090    4.895    0.065
    30.76    4.080    4.095    4.900    0.065
    30.82    4.080    4.090    4.895    0.065
    30.89    4.080    4.095    4.885    0.065
    30.95    4.080    4.095    4.880    0.060
    31.02    4.080    4.090    4.880    0.065
    31.09    4.080    4.095    4.880    0.060
    31.15    4.080    4.090    4.880    0.065
    31.22    4.080    4.095    4.885    0.060
    31.28    4.080    4.095    4.880    0.065
    31.35    4.080    4.095    4.875    0.065
    31.42    4.080    4.095    4.850    0.060
    31.48    4.080    4.095    4.845    0.060
    31.55    4.080    4.095    4.850    0.060
    31.61    4.075    4.095    4.845    0.065
    31.68    4.080    4.095    4.855    0.065
    31.75    4.075    4.095    4.855    0.060
    31.81    4.075    4.090    4.865    0.065
    31.88    4.080    4.090    4.865    0.060
    31.94    4.080    4.090    4.860    0.065
    32.01    4.080    4.095    4.870    0.065
    32.08    4.080    4.090    4.860    0.065
    32.14    4.075    4.090    4.855    0.065
    32.21    4.080    4.090    4.865    0.065
    32.27    4.080    4.095    4.855    0.065
    32.34    4.075    4.095    4.865    0.065
    32.41    4.080    4.090    4.870    0.065
    32.47    4.080    4.095    4.875    0.065
    32.54    4.080    4.090    4.885    0.070
    32.60    4.085    4.090    4.885    0.070
    32.67    4.080    4.090    4.895    0.065
    32.74    4.080    4.090    4.890    0.065
    32.80    4.080    4.090    4.895    0.070
    32.87    4.080    4.090    4.890    0.065
    32.93    4.080    4.090    4.895    0.065
    33.00    4.080    4.090    4.895    0.070
    33.07    4.080    4.090    4.885    0.065
    33.13    4.080    4.095    4.880    0.065
    33.20    4.080    4.090    4.875    0.065
    33.26    4.080    4.095    4.875    0.065
    33.33    4.080    4.095    4.875    0.070
    33.40    4.080    4.095    4.880    0.065
    33.46    4.080    4.090    4.875    0.065
    33.53    4.080    4.095    4.870    0.065
    33.59    4.080    4.095    4.860    0.065
    33.66    4.080    4.095    4.850    0.065
    33.73    4.080    4.095    4.835    0.060
    33.79    4.075    4.095    4.840    0.060
    33.86    4.075    4.095    4.850    0.065
    33.92    4.075    4.090    4.860    0.065
    33.99    4.075    4.090    4.860    0.065
    34.06    4.075    4.090    4.860    0.065
    34.12    4.080    4.090    4.860    0.065
    34.19    4.075    4.090    4.865    0.065
    34.25    4.080    4.090    4.860    0.065
    34.32    4.075    4.090    4.855    0.065
    34.39    4.080    4.095    4.855    0.065
    34.45    4.080    4.095    4.855    0.065
    34.52    4.080    4.090    4.860    0.065
    34.58    2.715    4.015   -5.140   -1.240
    34.65    2.130    3.385   -8.175   -1.210
    34.72    2.130    2.675   -1.765   -0.490
    34.78    2.130    2.325    1.635   -0.140
    34.85    2.130    2.220    2.675   -0.025
    34.91    2.130    2.195    2.910    0.000
    34.98    2.130    2.185    2.955    0.005
    35.05    2.125    2.185    2.955    0.005
    35.11    2.130    2.185    2.950    0.005
    35.18    2.130    2.180    2.955    0.010
    35.24    2.130    2.180    2.940    0.010
    35.31    2.130    2.180    2.955    0.015
    35.38    2.130    2.175    2.940    0.015
    35.44    2.130    2.175    2.965    0.020
    35.51    2.130    2.175    2.945    0.020
    35.57    2.130    2.170    2.960    0.020
    35.64    2.130    2.170    2.940    0.020
    35.71    2.130    2.170    2.955    0.025
    35.77    2.130    2.170    2.930    0.020
    35.84    2.130    2.165    2.945    0.030
    35.90    2.130    2.170    2.925    0.025
    35.97    2.130    2.165    2.920    0.025
    36.04    2.130    2.165    2.900    0.025
    36.10    2.130    2.160    2.925    0.030
    36.17    2.125    2.160    2.920    0.030
    36.23    2.130    2.160    2.930    0.035
    36.30    2.130    2.155    2.930    0.035
    36.37    2.130    2.155    2.925    0.035
    36.43    2.125    2.160    2.925    0.035
    36.50    2.125    2.155    2.910    0.035
    36.56    2.130    2.155    2.925    0.035
    36.63    2.130    2.155    2.910    0.040
    36.70    2.130    2.155    2.910    0.040
    36.76    2.130    2.155    2.900    0.040
    36.83    2.130    2.155    2.905    0.040
    36.89    2.130    2.155    2.890    0.040
    36.96    2.130    2.150    2.905    0.040
    37.03    2.130    2.150    2.890    0.040
    37.09    2.130    2.150    2.920    0.045
    37.16    2.130    2.150    2.900    0.045
    37.22    2.130    2.150    2.900    0.045
    37.29    2.130    2.150    2.900    0.045
    37.36    2.130    2.150    2.905    0.045
    37.42    2.130    2.150    2.905    0.045
    37.49    2.130    2.145    2.900    0.045
    37.55    2.130    2.145    2.905    0.045
    37.62    2.130    2.150    2.890    0.045
    37.69    2.130    2.145    2.915    0.050
    37.75    2.130    2.145    2.905    0.050
    37.82    2.130    2.145    2.915    0.050
    37.88    2.130    2.145    2.910    0.050
    37.95    2.130    2.140    2.915    0.050
    38.02    2.130    2.145    2.900    0.045
    38.08    2.130    2.145    2.905    0.050
    38.15    2.130    2.145    2.895    0.050
    38.21    2.130    2.140    2.885    0.050
    38.28    2.125    2.140    2.875    0.050
    38.35    2.125    2.135    2.910    0.055
    38.41    2.130    2.140    2.900    0.050
    38.48    2.125    2.140    2.885    0.050
    38.54    2.125    2.140    2.890    0.050
    38.61    2.125    2.135    2.905    0.055
    38.68    2.130    2.135    2.920    0.055
    38.74    2.130    2.140    2.900    0.055
    38.81    2.130    2.135    2.910    0.055
    38.87    2.125    2.140    2.895    0.055
    38.94    2.125    2.135    2.920    0.055
    39.01    2.125    2.135    2.905    0.055
    39.07    2.125    2.135    2.925    0.060
    39.14    2.130    2.135    2.915    0.055
    39.20    2.130    2.135    2.935    0.060
    39.27    2.125    2.135    2.915    0.060
    39.34    2.125    2.135    2.935    0.060
    39.40    2.130    2.135    2.930    0.060
    39.47    2.130    2.135    2.930    0.060
    39.53    2.130    2.135    2.925    0.060
    39.60    2.130    2.135    2.925    0.060
    39.67    2.125    2.135    2.935    0.060
    39.73    2.130    2.130    2.920    0.060
    39.80    2.125    2.135    2.935    0.060
    39.86    2.130    2.135    2.910    0.055
    39.93    2.130    2.135    2.930    0.060
    40.00    2.130    2.135    2.910    0.060
    40.06    2.130    2.135    2.925    0.060
    40.13    2.130    2.135    2.895    0.055
    40.19    2.130    2.135    2.920    0.060
    40.26    2.125    2.135    2.900    0.055
    40.33    2.130    2.135    2.905    0.055
    40.39    2.130    2.135    2.900    0.055
    40.46    2.125    2.135    2.910    0.060
    40.52    2.125    2.135    2.900    0.060
    40.59    2.125    2.130    2.895    0.060
    40.66    2.125    2.130    2.905    0.055
    40.72    2.125    2.135    2.895    0.060
    40.79    2.130    2.130    2.905    0.060
    40.85    2.125    2.135    2.895    0.055
    40.92    2.125    2.135    2.900    0.060
    40.99    2.130    2.135    2.880    0.055
    41.05    2.125    2.130    2.895    0.060
    41.12    2.130    2.135    2.875    0.055
    41.18    2.125    2.135    2.885    0.060
    41.25    2.125    2.135    2.875    0.055
    41.32    2.130    2.135    2.880    0.055
    41.38    2.125    2.130    2.885    0.060
    41.45    2.130    2.135    2.885    0.060
    41.51    2.130    2.130    2.890    0.055
    41.58    2.130    2.135    2.880    0.060
    41.65    2.130    2.130    2.915    0.060
    41.71    2.130    2.135    2.880    0.055
    41.78    2.130    2.130    2.900    0.060
    41.84    2.130    2.135    2.890    0.060
    41.91    2.130    2.130    2.900    0.060
    41.98    2.125    2.135    2.890    0.060
    42.04    2.125    2.135    2.895    0.055
    42.11    2.130    2.130    2.895    0.060
    42.17    2.125    2.130    2.905    0.060
    42.24    2.130    2.135    2.890    0.060
    42.31    2.130    2.135    2.890    0.060
    42.37    2.130    2.135    2.885    0.060
    42.44    2.130    2.135    2.885    0.060
    42.50    2.130    2.135    2.880    0.060
    42.57    2.130    2.130    2.895    0.060
    42.64    2.125    2.135    2.905    0.060
    42.70    2.125    2.135    2.875    0.060
    42.77    2.130    2.135    2.880    0.060
    42.83    2.125    2.130    2.875    0.060
    42.90    2.125    2.130    2.905    0.060
    42.97    2.130    2.130    2.890    0.060
    43.03    2.125    2.130    2.900    0.060
    43.10    2.130    2.130    2.890    0.060
    43.16    2.125    2.130    2.905    0.065
    43.23    2.130    2.130    2.900    0.060
    43.30    2.130    2.125    2.915    0.065
    43.36    2.125    2.125    2.915    0.060
    43.43    2.125    2.125    2.920    0.065
    43.49    2.130    2.130    2.915    0.060
    43.56    2.125    2.130    2.910    0.065
    43.63    2.125    2.125    2.915    0.060
    43.69    2.130    2.130    2.910    0.060
    43.76    2.125    2.130    2.930    0.065
    43.82    2.130    2.130    2.900    0.060
    43.89    2.130    2.130    2.940    0.065
    43.96    2.125    2.130    2.920    0.065
    44.02    2.130    2.130    2.935    0.060
    44.09    2.130    2.130    2.910    0.060
    44.15    2.130    2.130    2.930    0.060
    44.22    2.130    2.130    2.915    0.060
    44.29    2.130    2.130    2.915    0.065
    44.35    2.130    2.130    2.900    0.060
    44.42    2.130    2.130    2.900    0.060
    44.48    3.845    2.205    9.510    1.735
    44.55    4.080    2.520   10.235    1.650
    44.62    4.080    2.880   10.235    1.295
    44.68    4.080    3.220   10.235    0.955
    44.75    4.080    3.530   10.090    0.640
    44.81    4.080    3.830    7.900    0.335
    44.88    4.080    4.035    5.890    0.125
    44.95    4.080    4.110    5.130    0.050
    45.01    4.080    4.130    4.925    0.030
    45.08    4.080    4.130    4.865    0.025
    45.14    4.080    4.130    4.855    0.030
    45.21    4.075    4.130    4.865    0.030
    45.28    4.080    4.125    4.875    0.030
    45.34    4.080    4.125    4.875    0.030
    45.41    4.075    4.120    4.875    0.035
    45.47    4.075    4.120    4.875    0.035
    45.54    4.080    4.120    4.875    0.035
    45.61    4.080    4.120    4.870    0.035
    45.67    4.080    4.120    4.865    0.035
    45.74    0.000    0.000    0.000    0.000

